,attitude.roll,attitude.pitch,attitude.yaw,gravity.x,gravity.y,gravity.z,rotationRate.x,rotationRate.y,rotationRate.z,userAcceleration.x,userAcceleration.y,userAcceleration.z
0,0.149947,-1.3876959999999998,-2.169259,0.0272,0.983284,-0.180036,-0.042573,-0.331887,-0.148007,-0.056603999999999995,0.022316,-0.01874
1,0.12941,-1.388288,-2.183916,0.023422,0.983392,-0.179979,0.003445,-0.280991,-0.128523,-0.026672,0.014563999999999999,-0.012739
2,0.112499,-1.3890149999999999,-2.196656,0.020295,0.9835229999999999,-0.17963900000000002,-0.048433,-0.177537,-0.11406300000000001,0.022918,0.007259999999999999,-0.0032990000000000003
3,0.101815,-1.3903459999999999,-2.2048259999999997,0.018241,0.9837629999999999,-0.178544,-0.049519,-0.11919500000000001,-0.05112,0.036187000000000004,-0.002562,0.009293000000000001
4,0.097148,-1.391461,-2.20728,0.017302,0.9839629999999999,-0.177534,-0.053882000000000006,-0.105472,-0.015916,0.023912,-0.006072999999999999,0.0029739999999999996
5,0.093365,-1.392193,-2.20906,0.016562999999999998,0.984093,-0.17688199999999998,-0.021818999999999998,-0.101289,-0.024243999999999998,-0.022071,0.00425,-0.007918000000000001
6,0.086634,-1.392514,-2.2139290000000003,0.015344,0.98415,-0.176674,-0.012034999999999999,-0.094794,-0.058366999999999995,-0.029519999999999998,0.029522000000000003,-0.005226
7,0.0766,-1.393014,-2.222346,0.013533000000000002,0.984238,-0.17632899999999999,-0.022498,-0.074415,-0.084103,-0.025800999999999998,0.038176999999999996,-0.0002
8,0.06817999999999999,-1.393546,-2.2308380000000003,0.012012,0.984332,-0.175913,-0.022065,0.046974,-0.066093,0.015087,-0.008212,0.014918
9,0.066207,-1.394355,-2.234824,0.011613,0.984475,-0.175143,-0.042269,0.108643,-0.019312,0.021758,-0.00396,0.031329
10,0.06840700000000001,-1.3947100000000001,-2.234554,0.011974,0.9845370000000001,-0.174768,-0.0018620000000000002,0.10838199999999999,0.010881,0.016438,-0.00036,0.0095
11,0.061485000000000005,-1.392263,-2.244631,0.010912,0.9841049999999999,-0.177251,0.019938,0.202067,0.006631999999999999,-0.040362,-0.013234000000000001,-0.027873000000000002
12,0.064792,-1.391934,-2.245206,0.011519,0.9840469999999999,-0.177537,0.010212,0.15848900000000002,-0.009404000000000001,-0.063338,0.008293,-0.033187
13,0.031235000000000002,-1.3894600000000001,-2.279656,0.005632,0.983604,-0.180255,0.0054659999999999995,0.031785,-0.022132,-0.070604,0.015969,-0.035733
14,0.029505,-1.389167,-2.282689,0.0053289999999999995,0.9835510000000001,-0.180554,0.020689,0.09246599999999999,-0.025308,-0.039508999999999996,0.001984,-0.0054210000000000005
15,0.032152,-1.389918,-2.281835,0.005783,0.9836860000000001,-0.179801,-0.003038,0.057314,-0.005132,0.005234,0.006319,0.009772
16,0.033681,-1.390046,-2.280237,0.0060539999999999995,0.9837090000000001,-0.17966600000000002,-0.0056560000000000004,-0.021623,0.023793,0.010029000000000001,0.020899,0.007684000000000001
17,0.036254,-1.390167,-2.277268,0.006512,0.9837309999999999,-0.179531,-0.01201,-0.012009,0.022668,-0.002956,0.021595,0.011058
18,0.037423000000000005,-1.390584,-2.276033,0.006706,0.983806,-0.17911300000000002,-0.027874,-0.00015800000000000002,0.003314,-0.000206,0.034551,0.012197
19,0.037416000000000005,-1.391227,-2.27619,0.006681,0.9839209999999999,-0.178481,-0.037379,0.011632,-0.006381,0.00606,0.008496,0.007109000000000001
20,0.038885,-1.392464,-2.274923,0.006895999999999999,0.9841409999999999,-0.177255,-0.031002999999999996,0.007349,-0.0063289999999999996,0.005052,0.008184,-0.00225
21,0.038721,-1.393125,-2.2754659999999998,0.006842,0.984258,-0.17660599999999999,-0.033026,0.031856999999999996,-0.006375,-0.00115,-8.1e-05,-0.017713999999999997
22,0.039008999999999995,-1.3929610000000001,-2.276716,0.006899,0.9842290000000001,-0.176765,-0.028406999999999998,0.107481,-0.007506999999999999,0.0029739999999999996,0.010781,-0.0037310000000000004
23,0.048815,-1.392791,-2.270005,0.00864,0.9841989999999999,-0.17685499999999998,-0.024968999999999998,0.164973,-0.002204,0.01849,0.002328,-0.009866
24,0.05924600000000001,-1.393632,-2.262873,0.010435,0.984347,-0.175929,-0.032552,0.146865,0.004185,0.003404,0.00755,-0.00024900000000000004
25,0.051266,-1.395667,-2.273614,0.008928,0.9847040000000001,-0.174006,-0.037825,0.152248,-0.005490999999999999,-0.02437,0.026389,0.008464
26,0.040482,-1.396539,-2.2873349999999997,0.007017,0.984856,-0.173234,-0.025991000000000004,0.160779,-0.018256,-0.018659000000000002,0.01223,-0.005965
27,0.034249,-1.396951,-2.29698,0.0059229999999999994,0.984927,-0.172869,-0.037630000000000004,0.181059,-0.018374,-0.011904000000000001,-0.000918,-0.002775
28,0.038931,-1.398276,-2.295849,0.006681,0.9851549999999999,-0.171535,-0.037779,0.170321,0.003005,0.007418000000000001,0.0016920000000000001,0.0077930000000000004
29,0.051203,-1.3996540000000002,-2.286947,0.008716,0.985391,-0.170085,-0.029401,0.160611,0.026585,0.014523,-0.005212,0.012782
30,0.06589199999999999,-1.401318,-2.274784,0.011106,0.9856729999999999,-0.168302,-0.032978,0.091334,0.038408,0.014727,-0.0037240000000000003,0.01257
31,0.0713,-1.402505,-2.270515,0.011933,0.985872,-0.167073,-0.019253,0.055088,0.033207,-0.006821,0.013334,0.008671
32,0.07228899999999999,-1.403247,-2.270955,0.012045,0.9859959999999999,-0.166331,-0.009434999999999999,0.084959,0.014003,-0.006155,0.01646,0.00355
33,0.081079,-1.403518,-2.264035,0.013484999999999999,0.986042,-0.165952,-0.018924,0.0904,-0.0063560000000000005,0.019581,0.010037,-3.3e-05
34,0.086405,-1.404264,-2.260975,0.014305000000000002,0.986166,-0.16514500000000001,-0.031537,0.125629,-0.013962,0.022179,0.008768999999999999,0.005522999999999999
35,0.09719900000000001,-1.4057899999999999,-2.253068,0.015941,0.986417,-0.163483,-0.046458,0.137375,-0.007661,0.022161,0.00313,0.013535
36,0.113124,-1.406526,-2.23984,0.01846,0.9865379999999999,-0.162487,-0.025265,0.11807999999999999,0.004281,0.027576,0.009556,-0.011723
37,0.12163099999999999,-1.406037,-2.233938,0.0199,0.986458,-0.162803,-0.013434,0.143585,0.00968,0.030545,0.002968,-0.024636
38,0.137718,-1.4043450000000002,-2.221091,0.022746000000000002,0.9861790000000001,-0.164115,-0.036857,0.149002,0.0073950000000000005,0.024999,0.0009119999999999999,-0.017983000000000002
39,0.142052,-1.405098,-2.218956,0.023352,0.986303,-0.16328,-0.039307,0.088251,0.01707,0.020609,0.003244,-0.006977
40,0.15021400000000001,-1.405966,-2.212507,0.024555,0.9864459999999999,-0.16223800000000002,-0.022216999999999997,0.09458,0.018254,0.022167,0.003285,0.01438
41,0.16088,-1.406372,-2.2041619999999997,0.02622,0.986513,-0.161571,-0.008232,0.11904200000000001,0.016191,0.033442,0.010435999999999999,0.009685
42,0.166027,-1.406356,-2.201108,0.027054,0.98651,-0.16145,-0.006252000000000001,0.100861,0.032251999999999996,0.032608,0.010438,0.009564
43,0.18623499999999998,-1.405438,-2.183303,0.030477999999999998,0.986359,-0.161759,-0.023294,0.127469,0.053480999999999994,0.032067,-0.00010800000000000001,-0.011062
44,0.20115999999999998,-1.405748,-2.170687,0.032827999999999996,0.98641,-0.160987,-0.041637,0.098703,0.07048600000000001,0.020868,0.004816,-0.001306
45,0.213831,-1.405967,-2.1588540000000003,0.03482,0.9864459999999999,-0.160347,-0.021731,0.018733,0.071799,0.0123,0.005604,-0.0013050000000000002
46,0.21933000000000002,-1.405815,-2.1532880000000003,0.035733,0.9864209999999999,-0.1603,0.004951,0.005915999999999999,0.057044000000000004,-0.005063000000000001,-0.002031,0.0035159999999999996
47,0.22907800000000003,-1.4050209999999999,-2.143839,0.037472000000000005,0.986291,-0.160707,0.020997,0.011204,0.052882000000000005,0.016224000000000002,0.004966,-0.004683
48,0.240046,-1.404179,-2.132591,0.03943,0.986151,-0.161092,0.00375,-0.027089,0.053886,0.014875999999999999,0.012459999999999999,-0.0025280000000000003
49,0.247423,-1.404051,-2.124237,0.040648000000000004,0.98613,-0.160919,-0.009178,-0.055802,0.052766999999999994,0.012681999999999999,0.016357,0.005935
50,0.25644,-1.4042430000000001,-2.113911,0.042049,0.9861620000000001,-0.160364,-0.008139,-0.07174,0.042117,0.011097,0.012129000000000001,0.002893
51,0.260491,-1.404095,-2.108044,0.042736,0.986137,-0.160333,-0.001829,-0.098368,0.035788,0.0072510000000000005,0.01078,-0.001731
52,0.26225,-1.403993,-2.103792,0.043044,0.9861209999999999,-0.160354,-0.010520999999999999,-0.138797,0.030438,0.002686,0.012674,-0.0043490000000000004
53,0.26204299999999997,-1.403981,-2.100745,0.043014,0.9861190000000001,-0.160374,-0.010583,-0.165378,0.017654,0.004609,0.016796000000000002,-0.004665
54,0.26506,-1.4040350000000001,-2.094862,0.043483999999999995,0.9861280000000001,-0.160192,-0.015712,-0.131223,0.005829,0.017902,0.009661,0.001181
55,0.26793,-1.40434,-2.089441,0.043864,0.9861780000000001,-0.159777,-0.018928999999999998,-0.139711,0.00048300000000000003,0.030431,0.00842,0.005221
56,0.275507,-1.404357,-2.078838,0.045068000000000004,0.986181,-0.159423,-0.024385,-0.165261,0.001559,0.028402999999999998,0.010767,-0.00038199999999999996
57,0.280102,-1.405058,-2.071103,0.045609,0.986297,-0.158551,-0.023232,-0.15245,-0.005918,0.021682,0.010041,0.008618
58,0.28060999999999997,-1.405474,-2.0682720000000003,0.045576,0.9863649999999999,-0.158134,-0.01656,-0.09599500000000001,-0.010213,0.021532,0.001962,0.007087
59,0.2854,-1.4058549999999999,-2.062074,0.046228,0.9864280000000001,-0.157553,-0.013235,-0.079937,-0.027306999999999998,0.02793,-0.001778,0.005423
60,0.28941500000000003,-1.406225,-2.055885,0.046756,0.986489,-0.15701600000000002,-0.016737000000000002,-0.142787,-0.024036000000000002,0.012952000000000002,0.018287,0.001743
61,0.28793,-1.406514,-2.054273,0.046441,0.9865360000000001,-0.15681199999999998,-0.011542,-0.147173,0.0027140000000000003,0.009543000000000001,-0.004724,0.002164
62,0.288487,-1.406302,-2.051669,0.046588,0.9865010000000001,-0.156986,0.000549,-0.084299,-0.013300999999999999,0.030362,0.0035189999999999996,0.0031780000000000003
63,0.298041,-1.4061709999999998,-2.040317,0.048124,0.9864799999999999,-0.156658,0.015302000000000001,-0.12376300000000001,-0.013132,0.047198000000000004,0.014436000000000001,0.010020999999999999
64,0.298754,-1.405758,-2.036355,0.048356,0.9864120000000001,-0.157013,0.021351,-0.18351199999999998,0.005152,0.033691000000000006,0.005745,0.01001
65,0.299977,-1.405822,-2.031729,0.048529,0.9864229999999999,-0.156893,0.000106,-0.162131,0.00498,0.009241,0.00021099999999999998,0.009021
66,0.29953,-1.405946,-2.029134,0.048423,0.9864430000000001,-0.156798,0.0033710000000000003,-0.15571500000000002,-0.0035479999999999995,0.011041,0.008003,0.003249
67,0.299585,-1.405744,-2.025744,0.04849,0.98641,-0.156986,0.020338,-0.179205,-0.004463,0.016741,0.012766,0.003467
68,0.298806,-1.404906,-2.023102,0.048611,0.9862719999999999,-0.157814,0.024659,-0.16856300000000002,-0.005509,0.015552000000000002,-0.0008289999999999999,-0.004647
69,0.296635,-1.4046299999999998,-2.022288,0.048348,0.986226,-0.158179,0.019472,-0.145069,-0.015186000000000002,0.010612,0.003215,0.0052710000000000005
70,0.29499000000000003,-1.404691,-2.020997,0.04807,0.9862360000000001,-0.1582,0.027973,-0.16103800000000001,-0.024715,0.017085,0.013535,0.010388
71,0.2915,-1.4042379999999999,-2.021372,0.047646,0.9861610000000001,-0.158795,0.033348,-0.159956,-0.03322,0.015250999999999999,0.001327,0.006573999999999999
72,0.285713,-1.40503,-2.024252,0.046506,0.9862920000000001,-0.15831900000000002,-0.0006450000000000001,-0.149088,-0.056971,0.0036950000000000004,0.014119999999999999,0.025169999999999998
73,0.27426500000000004,-1.407036,-2.032624,0.044155,0.9866209999999999,-0.156936,-0.009134,-0.168103,-0.08905700000000001,-0.009914,0.023587,0.028442000000000002
74,0.25471900000000003,-1.408665,-2.048973,0.040674,0.986885,-0.15621400000000002,-0.007904000000000001,-0.155225,-0.113642,-0.024088,0.017784,0.010157
75,0.23259000000000002,-1.409918,-2.06904,0.036922,0.987087,-0.155871,-0.008575,-0.075292,-0.122303,-0.020458,0.008061,0.004443
76,0.21647199999999997,-1.410572,-2.0846310000000003,0.034267,0.987192,-0.155816,-0.012654,-0.018878,-0.107451,-0.002788,0.000128,-0.004005
77,0.20347300000000001,-1.411232,-2.097029,0.032107,0.987297,-0.15561,-0.017183,-0.056208,-0.089298,-0.002688,0.001015,-0.0038439999999999998
78,0.185872,-1.41161,-2.1132020000000002,0.029294,0.9873569999999999,-0.15578399999999998,0.0008699999999999999,-0.06908099999999999,-0.082753,-0.019574,-0.007178,-0.008523000000000001
79,0.17364200000000002,-1.411422,-2.125378,0.027419,0.9873270000000001,-0.156314,0.02476,0.037308,-0.068838,-0.017012,-0.009055,-0.00755
80,0.164614,-1.410877,-2.1361380000000003,0.026095,0.98724,-0.157086,0.035564,0.094683,-0.041066000000000005,-0.011812000000000001,-0.005612,-0.002811
81,0.158798,-1.409658,-2.143557,0.025371,0.9870450000000001,-0.158423,0.032129000000000005,0.07750499999999999,-0.004753,-0.011821,-0.013641,-0.011406999999999999
82,0.160304,-1.408974,-2.144367,0.025717,0.986935,-0.159051,0.015272999999999998,0.152022,0.022806,-0.015418000000000001,0.006564,-0.014655000000000001
83,0.156805,-1.408248,-2.1512849999999997,0.025272,0.9868180000000001,-0.159848,0.004686999999999999,0.188199,0.0419,-0.050266000000000005,0.028868,-0.022281
84,0.165003,-1.4080139999999999,-2.146576,0.026619999999999998,0.9867799999999999,-0.159863,0.005725,0.174377,0.034448,-0.05819,0.027472000000000003,-0.022113
85,0.170562,-1.4079190000000001,-2.144678,0.027524,0.986765,-0.159805,-0.001539,0.19054400000000002,0.001219,-0.06506100000000001,0.028814,-0.006653
86,0.16558399999999998,-1.408123,-2.153677,0.026695,0.986798,-0.159742,-0.009826999999999999,0.217315,-0.026655,-0.052162,0.010806999999999999,-0.011126
87,0.167042,-1.408391,-2.156841,0.026883999999999998,0.986841,-0.159442,-0.0065840000000000004,0.227952,-0.025578,-0.047789,0.000753,-0.017712000000000002
88,0.168324,-1.408464,-2.159697,0.027076,0.9868530000000001,-0.15933599999999998,0.002826,0.18849200000000002,-0.022257,-0.063148,-0.002646,-0.018154
89,0.155177,-1.4083139999999998,-2.1763689999999998,0.025002,0.9868290000000001,-0.159824,0.011398,0.191673,-0.026488,-0.090081,0.014438,-0.018429
90,0.15603399999999998,-1.408283,-2.180125,0.025144,0.9868239999999999,-0.159833,0.0031550000000000003,0.250318,-0.033030000000000004,-0.100034,0.02369,-0.005481000000000001
91,0.157471,-1.408253,-2.184558,0.025378,0.986819,-0.159826,0.008777,0.31103200000000003,-0.036273,-0.077716,0.030758999999999998,0.0012259999999999999
92,0.149928,-1.4087889999999998,-2.19862,0.024093,0.986906,-0.15949000000000002,0.00036,0.337692,-0.036377,-0.058105,0.040484,0.020208
93,0.153282,-1.4093149999999999,-2.201531,0.024548,0.9869899999999999,-0.158895,-0.0309,0.285526,-0.0173,-0.053051999999999995,0.050332999999999996,0.019308000000000002
94,0.146107,-1.4108559999999999,-2.213536,0.023186000000000002,0.987237,-0.15756199999999998,-0.051489,0.23346999999999998,-0.001429,-0.078331,0.022346,0.010467
95,0.151759,-1.412107,-2.2125790000000003,0.02389,0.9874350000000001,-0.15620799999999999,-0.06853,0.23886,-0.002623,-0.105295,0.009864,0.001179
96,0.157658,-1.413404,-2.211318,0.02461,0.9876389999999999,-0.154799,-0.061139,0.226034,0.001718,-0.094296,0.000291,-0.015733
97,0.1484,-1.413942,-2.2246810000000004,0.023097,0.9877239999999999,-0.154495,-0.036688,0.208889,0.005102000000000001,-0.068354,-0.009055,-0.033112
98,0.153409,-1.414348,-2.223645,0.023809,0.9877870000000001,-0.153981,-0.013269999999999999,0.196029,0.004213000000000001,-0.049566000000000006,0.001471,-0.0312
99,0.15407,-1.413857,-2.227395,0.023985,0.9877100000000001,-0.154445,0.007195999999999999,0.254483,0.0203,-0.025176,0.004874,-0.02068
100,0.166599,-1.413492,-2.221489,0.025977999999999998,0.9876530000000001,-0.15448800000000001,0.009699,0.386368,0.070355,-0.019036,0.00044500000000000003,-0.024635
101,0.182791,-1.4118629999999999,-2.2140779999999998,0.028769,0.987397,-0.155629,-0.004028,0.476721,0.131027,-0.026175,-0.007095999999999999,-0.044948
102,0.211727,-1.411299,-2.1942909999999998,0.033375999999999996,0.9873069999999999,-0.155276,0.00532,0.46373000000000003,0.174906,-0.042577,-0.000277,-0.059507000000000004
103,0.24124600000000002,-1.409842,-2.1730419999999997,0.038288,0.987075,-0.155619,0.047673,0.39433,0.177427,-0.05220399999999999,-0.001586,-0.09081
104,0.264761,-1.407994,-2.155782,0.042414,0.986777,-0.156436,0.056929999999999994,0.283645,0.143451,-0.030909,0.009714,-0.06539600000000001
105,0.281089,-1.406299,-2.143463,0.045426999999999995,0.9865010000000001,-0.15733,0.051207,0.159182,0.10511400000000001,0.030195999999999997,0.020824000000000002,0.021817
106,0.29180300000000003,-1.405008,-2.13427,0.047476,0.986289,-0.158053,0.029443,0.043227999999999996,0.083746,0.043543,0.022591999999999998,0.048755
107,0.301055,-1.404555,-2.1251740000000003,0.049069,0.9862139999999999,-0.15803399999999998,-0.021872,0.011483,0.074883,0.062763,0.02169,0.073135
108,0.312268,-1.405471,-2.114247,0.05056,0.9863649999999999,-0.156614,-0.097552,0.025601,0.073268,0.052101,0.025674000000000002,0.07166900000000001
109,0.326533,-1.40727,-2.100485,0.05222,0.9866590000000001,-0.154197,-0.127395,0.041645999999999996,0.08265299999999999,0.038294999999999996,0.013371000000000001,0.06589400000000001
110,0.343886,-1.409206,-2.084618,0.05424299999999999,0.986973,-0.151469,-0.138801,0.124971,0.089869,0.00519,-0.013431,0.033152
111,0.363781,-1.4113200000000001,-2.068405,0.056503,0.987311,-0.14840899999999999,-0.14257,0.22834699999999997,0.082233,-0.011566,-0.013066999999999999,0.001131
112,0.384654,-1.413116,-2.05242,0.058923,0.9875940000000001,-0.145554,-0.123259,0.25388299999999997,0.083393,-0.01951,-0.020980000000000002,-0.008499
113,0.404093,-1.4143700000000001,-2.036723,0.061253999999999996,0.98779,-0.143241,-0.090665,0.157851,0.094426,-0.047094,0.006548999999999999,-0.003594
114,0.42073699999999997,-1.415018,-2.021954,0.063368,0.987891,-0.141618,-0.069649,0.07897699999999999,0.08719600000000001,-0.053815999999999996,0.032815,-0.002364
115,0.43413999999999997,-1.4157870000000001,-2.009281,0.064941,0.98801,-0.140067,-0.0794,0.022645,0.063699,-0.039154,0.014462000000000001,-0.021081
116,0.44360200000000005,-1.416715,-1.9992849999999998,0.06587,0.9881530000000001,-0.13861800000000002,-0.066861,-0.054026,0.045725,0.002322,0.012976,-0.014169
117,0.451004,-1.417127,-1.9903119999999999,0.066716,0.988216,-0.13776,-0.04462,-0.07653,0.059796,0.045497,0.02335,0.003361
118,0.46146099999999995,-1.417702,-1.978291,0.0679,0.9883040000000001,-0.136546,-0.083036,-0.066855,0.071266,0.058549000000000004,0.025002,0.019252000000000002
119,0.49161800000000005,-1.4189969999999998,-1.9469169999999998,0.071383,0.9885010000000001,-0.13330899999999998,-0.106447,-0.062466999999999995,0.060429,0.057936,0.019022,0.037819
120,0.5032439999999999,-1.420415,-1.93445,0.072252,0.988714,-0.131242,-0.10505,-0.008066,0.041141000000000004,0.051528,0.002497,0.014375
121,0.515232,-1.4219709999999999,-1.923295,0.073061,0.9889459999999999,-0.129027,-0.11212000000000001,0.074012,0.034577,0.048475,-9e-06,-0.003023
122,0.529017,-1.423575,-1.911134,0.074032,0.989182,-0.126638,-0.115258,0.092115,0.038805,0.038852,-0.014543,-0.028727
123,0.542967,-1.425114,-1.899277,0.075005,0.9894069999999999,-0.12428900000000001,-0.10331199999999999,0.131519,0.03136,0.0017620000000000001,-0.017315,-0.017602
124,0.555636,-1.4262709999999998,-1.890198,0.07597000000000001,0.989574,-0.122357,-0.070913,0.210271,0.022940000000000002,0.00043099999999999996,-0.011913,-0.010074
125,0.566755,-1.4270129999999999,-1.883737,0.076931,0.9896809999999999,-0.12088499999999999,-0.051561,0.23792199999999997,0.017699,0.014118,-0.004162,-0.002391
126,0.581838,-1.427376,-1.872566,0.078548,0.989733,-0.11941099999999999,-0.058263999999999996,0.172956,0.019875999999999998,0.025013,0.002928,0.004573
127,0.5916560000000001,-1.428221,-1.865678,0.07925,0.9898530000000001,-0.11793900000000002,-0.063699,0.145299,0.014532,0.027897,0.010086,0.0089
128,0.612487,-1.429932,-1.8478450000000002,0.080716,0.9900950000000001,-0.11487699999999999,-0.058336,0.141072,0.0017629999999999998,0.024677,0.020022,0.048608
129,0.6200939999999999,-1.430667,-1.8427310000000001,0.081164,0.9901979999999999,-0.113668,-0.044577,0.129255,0.014693000000000001,0.022534000000000002,0.021444,0.054662
130,0.6304770000000001,-1.431262,-1.8360779999999999,0.081993,0.990281,-0.11234300000000001,-0.061205999999999997,0.23262399999999997,0.019786,0.006981,0.010055,0.032524000000000004
131,0.653382,-1.431819,-1.8181169999999998,0.084209,0.990358,-0.109997,-0.073977,0.2327,0.012227,0.031529,0.00897,0.008785
132,0.664559,-1.432703,-1.810461,0.084893,0.9904799999999999,-0.10835999999999998,-0.061567,0.147425,0.01456,0.022895,0.004804999999999999,0.007835
133,0.6721,-1.433444,-1.805512,0.085251,0.990582,-0.107143,-0.043397000000000005,0.135721,-0.004526,-0.002426,0.005985,0.009609
134,0.6830510000000001,-1.4348809999999999,-1.797853,0.085521,0.990778,-0.105099,-0.01854,0.177305,-0.035381,0.020863,0.011831999999999999,0.018459
135,0.694802,-1.435506,-1.7903380000000002,0.086353,0.9908620000000001,-0.10361,-0.006508,0.21997399999999998,-0.059912,0.033535,0.005949,0.021335
136,0.706464,-1.436455,-1.7835599999999998,0.08694500000000001,0.9909899999999999,-0.101881,-0.026619999999999998,0.23716700000000002,-0.079294,0.038238,0.0068590000000000005,0.021315
137,0.729391,-1.437714,-1.7656029999999998,0.08842699999999999,0.991158,-0.09893099999999999,-0.047889,0.24049600000000002,-0.093316,0.036161,0.024391,0.019615999999999998
138,0.748842,-1.439892,-1.751802,0.088864,0.9914440000000001,-0.095611,-0.0711,0.292808,-0.101011,0.026554,0.019008,0.016921000000000002
139,0.758509,-1.44231,-1.748818,0.088135,0.991757,-0.093007,-0.08039199999999999,0.351475,-0.111829,0.019272,0.008121,0.008595
140,0.7661600000000001,-1.4446290000000002,-1.748749,0.08724900000000001,0.992051,-0.090673,-0.06740800000000001,0.373874,-0.129922,0.012558,0.006682,-0.000239
141,0.760663,-1.447157,-1.7613849999999998,0.08502,0.992366,-0.089334,-0.061062,0.34833600000000003,-0.142664,-0.001936,0.008763,-0.016516
142,0.75166,-1.449929,-1.7777060000000002,0.082333,0.9927040000000001,-0.088085,-0.06300499999999999,0.379278,-0.153402,-0.009,0.006365,-0.019657
143,0.738146,-1.453453,-1.799219,0.078782,0.993123,-0.086602,-0.05859299999999999,0.399549,-0.165154,-0.015350999999999998,-0.0007070000000000001,0.002755
144,0.729881,-1.456438,-1.814876,0.076086,0.993468,-0.08504,-0.044982,0.340916,-0.166052,-0.010595,0.0049299999999999995,0.007051999999999999
145,0.7166680000000001,-1.459674,-1.834554,0.07284299999999999,0.9938319999999999,-0.08361299999999999,-0.048337,0.306838,-0.166035,-0.012739,0.010944,0.0004980000000000001
146,0.706569,-1.462682,-1.8508080000000002,0.07005399999999999,0.9941610000000001,-0.082071,-0.059049000000000004,0.298349,-0.16502999999999998,-0.011170000000000001,0.009852,0.0018399999999999998
147,0.695546,-1.465611,-1.867493,0.06727899999999999,0.9944729999999999,-0.080602,-0.047467,0.269525,-0.159571,-0.012561,0.006275,0.0074670000000000005
148,0.675602,-1.469273,-1.892843,0.06338099999999999,0.994851,-0.079086,-0.035735,0.269484,-0.159496,-0.016567,0.002982,0.004028
149,0.654913,-1.4730379999999998,-1.918907,0.059449,0.995225,-0.077409,-0.048575,0.255706,-0.165983,-0.014191,0.0054,0.010499
150,0.6370520000000001,-1.4761520000000001,-1.9415810000000002,0.056213,0.995525,-0.07596599999999999,-0.035918,0.22794699999999998,-0.161588,-0.00856,0.006673,0.008812
151,0.612316,-1.478803,-1.971196,0.0528,0.9957719999999999,-0.075174,-0.020935,0.250219,-0.149765,-0.011189,-0.002043,-0.00141
152,0.5864050000000001,-1.4814040000000002,-2.0020290000000003,0.049401,0.996007,-0.07435900000000001,-0.022113999999999998,0.228904,-0.146546,-0.012094,0.006221,0.003314
153,0.559707,-1.484961,-2.0325860000000002,0.045517,0.996318,-0.072649,-0.016003,0.16709200000000002,-0.145362,-0.016587,0.007527,0.01288
154,0.53177,-1.487069,-2.063709,0.042405,0.996497,-0.07208099999999999,-0.008612999999999999,0.156388,-0.13889,-0.016831,0.008020000000000001,0.007201000000000001
155,0.49821000000000004,-1.48925,-2.100462,0.038925,0.996677,-0.071555,-0.008625,0.151075,-0.142093,-0.012496,0.006039,0.005072
156,0.46751000000000004,-1.4912219999999998,-2.133852,0.035824,0.996836,-0.070961,0.005068,0.11585999999999999,-0.13875,-0.003796,0.001684,0.0046619999999999995
157,0.43601899999999993,-1.49222,-2.167535,0.033151,0.996915,-0.07115199999999999,0.018827,0.099798,-0.130089,-0.004968,-0.002148,0.000595
158,0.40251,-1.4929270000000001,-2.203076,0.030473,0.99697,-0.071573,0.025166,0.094416,-0.121494,-0.005967,0.000528,-0.000204
159,0.37191199999999996,-1.493383,-2.235522,0.028102999999999996,0.9970049999999999,-0.072048,0.031466,0.084755,-0.10862000000000001,-0.002286,0.003788,0.001385
160,0.345744,-1.49346,-2.263448,0.026182999999999998,0.9970110000000001,-0.072686,0.042101,0.085749,-0.10000099999999999,0.002184,0.000624,0.002633
161,0.321625,-1.493059,-2.289515,0.024548,0.99698,-0.073676,0.057052,0.096587,-0.09564199999999999,0.004489,0.002562,-0.001565
162,0.296254,-1.492809,-2.316745,0.022744,0.9969610000000001,-0.074514,0.055883,0.079525,-0.090287,-0.002908,0.001041,0.011312000000000001
163,0.271795,-1.492697,-2.342445,0.020945,0.9969520000000001,-0.075155,0.066366,0.048556999999999996,-0.08056100000000001,-0.004313,0.0053219999999999995,0.011572
164,0.243367,-1.492019,-2.371829,0.018963,0.996899,-0.076377,0.06740299999999999,0.042162,-0.08054800000000001,-0.010205,0.009144,0.0019140000000000001
165,0.20962199999999998,-1.491227,-2.4060669999999997,0.01654,0.996836,-0.07774500000000001,0.069392,0.007012999999999999,-0.08369800000000001,-0.015563999999999998,-0.001734,-0.000303
166,0.180423,-1.490202,-2.4352110000000002,0.014447,0.9967540000000001,-0.0792,0.078955,-0.004725,-0.086823,-0.015544999999999998,-0.003453,0.002723
167,0.148324,-1.488999,-2.467556,0.012075,0.996656,-0.080809,0.095072,0.018663,-0.08888099999999999,-0.010579,-0.0022559999999999998,0.00566
168,0.131071,-1.4877879999999999,-2.485519,0.010836,0.996557,-0.082202,0.10043200000000001,0.035646,-0.07818,0.014676,0.0020239999999999998,0.009555
169,0.116575,-1.485969,-2.5006779999999997,0.009854,0.9964040000000001,-0.08415,0.103493,0.023841,-0.058914,0.014697,-0.0008900000000000001,0.006834000000000001
170,0.10348800000000001,-1.4842309999999999,-2.51389,0.008931,0.9962559999999999,-0.085995,0.09689,-0.011329,-0.0493,-0.002919,0.004614,0.0035670000000000003
171,0.074051,-1.482337,-2.542711,0.006536,0.9960899999999999,-0.088103,0.101047,-0.04115,-0.054582000000000006,-0.027044,0.011143,-0.007188
172,0.050658999999999996,-1.480193,-2.5651990000000002,0.004582,0.995898,-0.090364,0.10641600000000001,-0.048566000000000005,-0.069494,-0.028675,0.009670999999999999,-0.008117000000000001
173,0.022916,-1.4777040000000001,-2.592101,0.00213,0.99567,-0.092934,0.10758,-0.038935000000000004,-0.08125299999999999,0.0057280000000000005,0.008526,0.0018390000000000001
174,0.006611,-1.475765,-2.607939,0.000627,0.9954879999999999,-0.094886,0.094831,-0.026111000000000002,-0.080289,0.009367,0.0045119999999999995,0.003181
175,-0.00823,-1.474057,-2.6219639999999997,-0.000795,0.995324,-0.096585,0.087185,-0.055951,-0.070689,0.008485,-0.0021149999999999997,0.004178
176,-0.026566000000000003,-1.471973,-2.639017,-0.002621,0.9951209999999999,-0.098628,0.08924800000000001,-0.070876,-0.06959,-0.014301,0.000591,-0.012777
177,-0.045313,-1.469681,-2.6562810000000003,-0.004572,0.994892,-0.100839,0.09881799999999999,-0.079427,-0.070582,-0.017385,0.005352,-0.014044999999999998
178,-0.065333,-1.4665489999999999,-2.674776,-0.006794,0.9945709999999999,-0.10383699999999998,0.10307100000000001,-0.076276,-0.063084,-0.014003999999999999,-0.003909,-0.021682
179,-0.076775,-1.4636280000000002,-2.684459,-0.008204000000000001,0.9942629999999999,-0.106648,0.10503699999999999,-0.098718,-0.047019,-0.000982,0.0034630000000000004,-0.013438999999999998
180,-0.084329,-1.461402,-2.6897330000000004,-0.009196,0.994022,-0.10878800000000001,0.108045,-0.126486,-0.032007,-9.7e-05,0.000667,-0.010582
181,-0.096461,-1.457825,-2.698609,-0.010856999999999999,0.993626,-0.11220699999999999,0.112046,-0.185098,-0.029772000000000003,-0.017051,-0.0015140000000000002,-0.026205000000000003
182,-0.111899,-1.453633,-2.709666,-0.013053,0.993144,-0.116165,0.128913,-0.240517,-0.038135,-0.022378,-0.001552,-0.035523
183,-0.121886,-1.450835,-2.714553,-0.01455,0.992813,-0.11878599999999999,0.13631400000000002,-0.26712800000000003,-0.049799,-0.019309,-0.001267,-0.041081
184,-0.132354,-1.447241,-2.719645,-0.016263999999999997,0.9923770000000001,-0.12216300000000001,0.138408,-0.276723,-0.049773000000000005,-0.00049,0.0034119999999999997,-0.030195999999999997
185,-0.131975,-1.4434200000000001,-2.713951,-0.016715999999999998,0.991899,-0.12592799999999998,0.1405,-0.26616100000000004,-0.028401999999999997,0.024253999999999998,0.002288,-0.01958
186,-0.131145,-1.440441,-2.708069,-0.016998,0.991516,-0.12887,0.118046,-0.248092,0.0013310000000000002,0.023209,0.002732,-0.01995
187,-0.124465,-1.437539,-2.696655,-0.016493999999999998,0.991134,-0.13183499999999998,0.105224,-0.224726,0.030057,0.011108,0.011566,-0.021072999999999998
188,-0.124473,-1.43404,-2.692093,-0.016926,0.990663,-0.135275,0.091311,-0.23215100000000002,0.034239,-0.018215000000000002,0.01544,-0.039941000000000004
189,-0.12461400000000002,-1.432202,-2.687264,-0.017171000000000002,0.990411,-0.13708,0.09769800000000001,-0.25765,0.011884,-0.044551,0.003775,-0.060247
190,-0.12945,-1.430173,-2.686418,-0.018093,0.990129,-0.138988,0.10407000000000001,-0.293772,-0.017936,-0.054310000000000004,0.0034630000000000004,-0.052113
191,-0.143758,-1.426723,-2.694472,-0.020569,0.9896389999999999,-0.142095,0.098651,-0.32354299999999997,-0.027555,-0.029724,0.004776,-0.040492
192,-0.15212,-1.4247610000000002,-2.695818,-0.022050999999999998,0.9893559999999999,-0.143836,0.094125,-0.372564,-0.018978000000000002,-0.004667,-0.003638,-0.037087
193,-0.15979100000000002,-1.422009,-2.695199,-0.023586000000000003,0.988952,-0.14635,0.090589,-0.43121099999999996,-0.001837,-0.0061530000000000005,-0.002852,-0.033856
194,-0.16600399999999998,-1.420315,-2.69275,-0.024772,0.988699,-0.14785299999999998,0.085259,-0.42057700000000003,0.007726,-0.008736,-0.005484,-0.021184
195,-0.169954,-1.418107,-2.688955,-0.025725,0.988366,-0.14990499999999998,0.073733,-0.36412,0.018255,-0.002519,-0.004082,-0.025342
196,-0.171624,-1.416847,-2.68348,-0.026188,0.988173,-0.151089,0.06938899999999999,-0.359929,0.039583999999999994,0.000233,0.003694,-0.019825
197,-0.168998,-1.414771,-2.673493,-0.026136000000000003,0.9878530000000001,-0.153179,0.07675599999999999,-0.36217,0.061002999999999995,0.002531,0.007036,-0.030857
198,-0.167717,-1.411758,-2.665296,-0.026437000000000002,0.9873799999999999,-0.156147,0.06625,-0.319556,0.069418,-0.011191,0.021653,-0.019925
199,-0.1654,-1.410496,-2.6571290000000003,-0.02628,0.9871790000000001,-0.157436,0.046208,-0.266235,0.072413,-0.015238999999999999,0.018161,-0.017735
200,-0.165302,-1.4088530000000001,-2.651779,-0.026532,0.986916,-0.159039,0.030244,-0.247052,0.084022,-0.022678,0.012489,-0.022463999999999998
201,-0.166223,-1.407627,-2.647652,-0.026877999999999996,0.986717,-0.160207,0.024909999999999998,-0.240673,0.091447,-0.031075,0.009041,-0.015193
202,-0.169151,-1.406436,-2.645175,-0.027545,0.9865229999999999,-0.16128599999999998,0.040820999999999996,-0.262036,0.09157699999999999,-0.034314,0.0045049999999999995,-0.012328
203,-0.170684,-1.404809,-2.641465,-0.028064999999999996,0.9862559999999999,-0.162825,0.052676,-0.234391,0.093753,-0.033016000000000004,-0.000782,-0.014588999999999998
204,-0.168767,-1.403385,-2.635163,-0.027988,0.9860190000000001,-0.16426300000000002,0.043265,-0.18963,0.096828,-0.02171,0.013248,-0.014112999999999999
205,-0.164213,-1.402955,-2.626594,-0.027308999999999996,0.9859479999999999,-0.16480699999999998,0.028319,-0.195953,0.092456,-0.011875,0.036956,-0.0006900000000000001
206,-0.16248900000000002,-1.40327,-2.620392,-0.026975,0.986,-0.164547,0.0197,-0.22570500000000002,0.08068,-0.020694,0.047233,0.0079
207,-0.167247,-1.4038700000000002,-2.620694,-0.027658999999999996,0.9861,-0.16383399999999998,-0.0035210000000000003,-0.189326,0.06016799999999999,-0.037832,0.040526,0.012969999999999999
208,-0.17429,-1.405275,-2.624748,-0.028572000000000004,0.986333,-0.16227,-0.035129,-0.11140599999999999,0.048088,-0.030677999999999997,0.034969,0.018883
209,-0.17693499999999998,-1.407324,-2.625098,-0.028645,0.986668,-0.16020399999999999,-0.065045,-0.120886,0.046819,-0.011653,0.008723999999999999,0.017092
210,-0.17719200000000002,-1.409189,-2.6218369999999998,-0.028362000000000002,0.9869700000000001,-0.158385,-0.077175,-0.203953,0.051113,-0.008457,-0.0037240000000000003,0.004988
211,-0.17733,-1.410584,-2.617061,-0.028141000000000003,0.987193,-0.157027,-0.050748,-0.260497,0.049234,-0.008877,0.006367,-0.005983
212,-0.177406,-1.411354,-2.611626,-0.028019,0.987316,-0.156276,-0.024215999999999998,-0.272161,0.06546,-0.0055049999999999995,-0.002254,0.0033369999999999997
213,-0.171018,-1.411944,-2.5996919999999997,-0.026920999999999997,0.987409,-0.155878,-0.012605,-0.27655599999999997,0.089049,0.014516,-0.004743,-0.002081
214,-0.16409,-1.412369,-2.586609,-0.025772000000000003,0.987477,-0.155647,0.001995,-0.32253000000000004,0.118052,0.030853,-0.007298000000000001,-0.009347
215,-0.154718,-1.412616,-2.569721,-0.024274,0.987516,-0.15564,0.012299,-0.383368,0.138498,0.045362,-0.0038729999999999997,-0.033462
216,-0.13765,-1.4119,-2.544913,-0.021711,0.987403,-0.15673199999999998,0.034755,-0.380218,0.131179,0.042845,0.034829,-0.047675
217,-0.12972899999999998,-1.411203,-2.529243,-0.020558,0.9872920000000001,-0.157581,0.058384000000000005,-0.36955,0.106762,0.045339,0.040128,-0.055142
218,-0.12011600000000001,-1.409131,-2.512725,-0.019288,0.9869610000000001,-0.159802,0.064199,-0.326704,0.043727999999999996,0.056504,0.046883,-0.06139
219,-0.125063,-1.40808,-2.511142,-0.020207,0.986791,-0.160734,0.045244,-0.32853699999999997,-0.014086000000000001,0.065877,0.041208999999999996,-0.049075
220,-0.125329,-1.4069909999999999,-2.505245,-0.020384,0.986614,-0.161794,-0.003468,-0.295152,-0.061461,0.078856,0.039738,-0.029398
221,-0.14102,-1.407485,-2.516687,-0.022852,0.9866940000000001,-0.160972,-0.051777,-0.171222,-0.10895899999999999,0.100122,0.065506,-0.012093000000000001
222,-0.146867,-1.409446,-2.5208880000000002,-0.02351,0.9870110000000001,-0.158921,-0.09375599999999999,-0.072836,-0.16705,0.09463099999999999,0.017612,0.016557
223,-0.174723,-1.4115149999999999,-2.5488560000000002,-0.027572000000000003,0.987342,-0.156194,-0.165569,0.03417,-0.224304,0.073196,-0.014823,0.05954500000000001
224,-0.207137,-1.414974,-2.584953,-0.031917,0.987884,-0.151875,-0.25954699999999997,0.223165,-0.25297600000000003,0.033275,-0.024124,0.061299
225,-0.241952,-1.419758,-2.6256060000000003,-0.036051,0.9886149999999999,-0.146083,-0.323367,0.275548,-0.243875,0.028574000000000002,-0.021727,0.060221000000000004
226,-0.278419,-1.424998,-2.666774,-0.039929,0.98939,-0.13968699999999998,-0.330305,0.18278599999999998,-0.217099,-0.014240000000000001,-0.016566,0.035561
227,-0.315085,-1.429894,-2.707302,-0.043521,0.9900899999999999,-0.133523,-0.305911,0.164536,-0.203019,-0.028272000000000002,0.000389,-0.000602
228,-0.351121,-1.4336280000000001,-2.745894,-0.047031,0.990607,-0.128396,-0.23389200000000002,0.06301799999999999,-0.186362,-0.006069,0.010186,-0.025138
229,-0.386895,-1.435861,-2.780582,-0.050759,0.9909100000000001,-0.124583,-0.16239,-0.15673099999999998,-0.172762,0.016594,0.002269,-0.011663
230,-0.420458,-1.437102,-2.809374,-0.054409000000000006,0.9910760000000001,-0.12168599999999999,-0.121473,-0.281627,-0.143475,0.003093,-0.017077000000000002,-0.00252
231,-0.45301,-1.438395,-2.8366580000000003,-0.05778,0.9912479999999999,-0.118699,-0.147102,-0.27413200000000004,-0.13084500000000002,0.009226,0.002954,0.02295
232,-0.48353,-1.440007,-2.86231,-0.060632000000000005,0.991459,-0.11546600000000001,-0.141676,-0.22950700000000002,-0.106295,0.01896,0.015147999999999998,0.035372
233,-0.511115,-1.441565,-2.8874779999999998,-0.063038,0.991661,-0.112402,-0.154826,-0.06966900000000001,-0.106591,0.038135,0.014686000000000001,0.001456
234,-0.528346,-1.444798,-2.9052029999999998,-0.063348,0.992073,-0.10853,-0.187379,0.047623,-0.10589200000000001,0.046228,0.017327000000000002,0.007929
235,-0.5594399999999999,-1.4469,-2.93855,-0.065585,0.9923350000000001,-0.10474000000000001,-0.20499299999999998,0.13409300000000002,-0.136036,0.045291000000000005,0.015524000000000001,0.00922
236,-0.596621,-1.448991,-2.9790240000000003,-0.068267,0.992591,-0.100513,-0.242166,0.14710399999999998,-0.160882,0.025512,0.037057,0.04726
237,-0.65681,-1.454768,-3.0404709999999997,-0.070687,0.993276,-0.091682,-0.356819,0.018692,-0.18287899999999999,0.035653,0.086253,0.097496
238,-0.728028,-1.458458,-3.1132869999999997,-0.07459299999999999,0.9936969999999999,-0.08368300000000001,-0.422365,0.114946,-0.220848,0.009941,0.048645999999999995,0.070423
239,-0.818823,-1.461393,3.073328,-0.079742,0.9940209999999999,-0.07458200000000001,-0.515041,0.299902,-0.306122,-0.017440999999999998,0.018033,0.011945
240,-0.9305479999999999,-1.463215,2.9554139999999998,-0.086108,0.9942190000000001,-0.06414500000000001,-0.558802,0.242743,-0.359765,-0.013837,0.005659,0.040631
241,-1.054942,-1.4628290000000002,2.8257470000000002,-0.093736,0.9941770000000001,-0.053154999999999994,-0.582253,0.195097,-0.412211,-0.018279,0.001459,0.042885
242,-1.185727,-1.460541,2.692726,-0.101975,0.993928,-0.041331,-0.6193609999999999,0.0056240000000000005,-0.4165,-0.028213,0.033858,0.07361799999999999
243,-1.322981,-1.456581,2.554293,-0.11048499999999999,0.9934850000000001,-0.027955,-0.716119,0.050816,-0.445008,-0.01627,-0.001572,0.0336
244,-1.470026,-1.450225,2.404541,-0.11966900000000001,0.99274,-0.0121,-0.860036,0.051417,-0.470583,0.002801,0.000729,0.034759
245,-1.620776,-1.4410180000000001,2.252541,-0.129253,0.991591,0.006465,-0.9743719999999999,-0.008823000000000001,-0.4916,0.034725,0.026964,0.063099
246,-1.75977,-1.4284540000000001,2.1116509999999997,-0.139336,0.989886,0.026649000000000003,-1.040187,0.042631,-0.514559,0.048989,0.001599,0.07737000000000001
247,-1.8794380000000002,-1.413281,1.9895150000000001,-0.149452,0.98762,0.04765,-1.088191,0.059779,-0.49889300000000003,0.063774,-0.006099,0.068744
248,-1.98335,-1.396814,1.882377,-0.158582,0.9849030000000001,0.06940700000000001,-1.141543,0.128922,-0.42778299999999997,0.10359000000000002,-0.006647,0.091405
249,-2.076591,-1.3797760000000001,1.7827979999999999,-0.166088,0.9818110000000001,0.091988,-1.211606,0.318338,-0.316352,0.150555,0.008912,0.12722
250,-2.161712,-1.362737,1.68533,-0.171535,0.978434,0.11508,-1.3067950000000002,0.662115,-0.157224,0.20667600000000003,0.04537,0.170473
251,-2.243375,-1.345942,1.583246,-0.174407,0.974827,0.138908,-1.421254,1.041974,0.052998,0.21964899999999998,0.06888999999999999,0.12746500000000002
252,-2.318652,-1.3301459999999998,1.477636,-0.174734,0.971183,0.162083,-1.433853,1.556677,0.286191,0.22653800000000002,0.067696,0.12469000000000001
253,-2.38617,-1.31561,1.372596,-0.173062,0.967616,0.18376099999999998,-1.41526,1.8021099999999999,0.431284,0.122021,0.051686,-0.021499
254,-2.4397130000000002,-1.301188,1.2791270000000001,-0.17197300000000001,0.963875,0.203396,-1.2892270000000001,1.8092259999999998,0.407587,0.025061,0.056739,-0.112133
255,-2.475111,-1.287766,1.206382,-0.17265,0.9602129999999999,0.219505,-1.0419260000000001,1.655389,0.302689,-0.162082,0.011756,-0.225196
256,-2.4913220000000003,-1.278059,1.158984,-0.174703,0.957458,0.22968200000000003,-0.6463949999999999,1.2867629999999999,0.23649,-0.23954299999999998,-0.019698,-0.281012
257,-2.506809,-1.274514,1.124707,-0.17313699999999999,0.9564290000000001,0.235091,-0.342873,0.5439109999999999,0.32822399999999996,-0.21831199999999998,0.001823,-0.259414
258,-2.534571,-1.274406,1.091988,-0.166604,0.9563969999999999,0.239892,-0.266658,0.009644,0.403148,-0.078025,-0.035148,-0.138696
259,-2.570402,-1.2748540000000002,1.058057,-0.157671,0.956528,0.245346,-0.24561,-0.249464,0.44635600000000003,-0.058637,-0.054108,-0.130737
260,-2.611732,-1.2761280000000002,1.0216459999999998,-0.146783,0.9568979999999999,0.25059899999999996,-0.20898000000000003,-0.34677600000000003,0.507626,-0.019003,-0.07816000000000001,-0.089299
261,-2.655421,-1.27807,0.9829680000000001,-0.13483,0.957461,0.255128,-0.173874,-0.320463,0.556975,0.009951999999999999,-0.109652,-0.017533
262,-2.7011,-1.2814649999999999,0.941203,-0.121652,0.958435,0.258076,-0.065174,-0.253046,0.65272,0.002207,-0.10481300000000002,-0.008732
263,-2.748866,-1.28798,0.895308,-0.106799,0.9602729999999999,0.257816,0.089462,-0.162208,0.756232,0.076663,-0.041908,0.034512
264,-2.801784,-1.296332,0.8449409999999999,-0.090337,0.96257,0.25553400000000004,0.157935,-0.289485,0.8241709999999999,0.10858599999999999,-0.022553,0.024404
265,-2.86642,-1.304294,0.7862279999999999,-0.07155800000000001,0.9646979999999999,0.25345100000000004,0.13131400000000001,-0.448388,0.891487,0.12806099999999998,-0.045158,0.037397
266,-2.937763,-1.311691,0.7213579999999999,-0.051864,0.966619,0.25091199999999997,0.177252,-0.41348,0.913127,0.066039,-0.047583,-0.012402
267,-3.011023,-1.3181969999999998,0.652845,-0.03254,0.968266,0.24779400000000001,0.17356,-0.300487,0.8980020000000001,0.008751,-0.014409,-0.034782
268,-3.082816,-1.32392,0.5832579999999999,-0.014355000000000001,0.9696809999999999,0.243954,0.231846,-0.171706,0.8768790000000001,-0.024340999999999998,0.003632,-0.032818
269,3.128245,-1.329672,0.51175,0.003187,0.9710700000000001,0.238773,0.278018,-0.121735,0.8611139999999999,-0.041014,0.004607,0.0032159999999999997
270,3.059311,-1.334601,0.442665,0.019233,0.9722350000000001,0.23321399999999998,0.291525,-0.069164,0.756456,-0.05177999999999999,-0.019797,0.029695
271,3.001627,-1.3393950000000001,0.384441,0.031994999999999996,0.9733459999999999,0.22709899999999997,0.32872399999999996,-0.050431000000000004,0.568684,-0.062100999999999996,-0.073337,0.056455
272,2.958158,-1.345034,0.341852,0.040832,0.9746239999999999,0.220094,0.370897,-0.146625,0.345844,-0.091079,-0.056791999999999995,0.059234
273,2.953793,-1.349482,0.34060300000000004,0.040983,0.9756100000000001,0.215653,0.367952,-0.25671700000000003,0.173959,-0.110883,0.008765,0.04509
274,2.930345,-1.355481,0.322384,0.044799,0.976909,0.208906,0.31050500000000003,-0.273347,0.12016700000000001,-0.12004000000000001,0.040669,0.05311799999999999
275,2.9115450000000003,-1.360233,0.307741,0.047659,0.9779129999999999,0.203504,0.23526100000000003,-0.191998,0.088559,-0.044562,0.12343499999999999,0.108233
276,2.899607,-1.363281,0.29781199999999997,0.049371,0.9785459999999999,0.200026,0.12828900000000001,-0.056179,0.049182,0.020285,0.201935,0.13731500000000002
277,2.900303,-1.364062,0.29684099999999997,0.049049,0.978706,0.199318,-0.007956,0.165157,-0.038579,0.034508,0.176826,0.12825699999999998
278,2.9104919999999996,-1.3588069999999999,0.302687,0.048193,0.977614,0.204812,-0.029749,0.245371,-0.099712,0.028299,-0.005797,0.060859
279,2.925036,-1.358658,0.31254,0.045241,0.977583,0.20563299999999998,-0.035088,0.249629,-0.094414,0.020662,-0.017195,0.051187
280,2.9379779999999998,-1.357845,0.320355,0.042737,0.977411,0.20698000000000003,-0.07139,0.2805,-0.05731900000000001,0.00867,-0.020562999999999998,0.049977999999999995
281,2.94949,-1.352762,0.32600100000000004,0.041299,0.976324,0.21233200000000002,-0.091825,0.29104800000000003,-0.013674,0.01612,-0.030005,0.040292
282,2.953665,-1.3510790000000001,0.32562800000000003,0.040719,0.975959,0.21411599999999997,-0.073354,0.183167,0.042141000000000005,0.045829,-0.020194,0.024959000000000002
283,2.935771,-1.3478569999999999,0.305881,0.045186000000000004,0.975252,0.21643099999999998,-0.05294600000000001,0.049644,0.11510899999999999,0.049617,-0.006624,0.015747
284,2.922683,-1.3466690000000001,0.293182,0.048266,0.974988,0.216952,-0.008933,-0.074296,0.168986,0.037808,0.0059689999999999995,-0.019045
285,2.893929,-1.3485040000000001,0.265977,0.054045,0.9753950000000001,0.21373899999999998,0.064554,-0.078921,0.196218,0.02733,0.003014,-0.040277
286,2.8735459999999997,-1.349477,0.24538800000000002,0.058138999999999996,0.9756090000000001,0.21167800000000003,0.125816,0.034794,0.210387,0.018628,0.047112,-0.050026999999999995
287,2.8483080000000003,-1.353168,0.217015,0.062421000000000004,0.9764120000000001,0.206695,0.15853299999999998,0.197638,0.21788600000000002,0.014667,0.089338,-0.024002000000000002
288,2.832464,-1.354926,0.19448900000000002,0.065165,0.9767899999999999,0.204044,0.152975,0.36604899999999996,0.198403,0.016607,0.087129,0.005413
289,2.816651,-1.3563,0.169855,0.067955,0.9770840000000001,0.201717,0.163969,0.436328,0.196257,0.020622,0.050855000000000004,0.016423
290,2.801879,-1.358691,0.146162,0.070148,0.97759,0.198487,0.22032100000000002,0.397764,0.200973,0.017666,0.0063880000000000004,-0.004136
291,2.776193,-1.3627639999999999,0.11343699999999998,0.073799,0.978439,0.1929,0.281572,0.27497,0.219721,0.013281999999999999,-0.028137,-0.025312
292,2.752141,-1.366503,0.084475,0.077028,0.9792049999999999,0.187684,0.270529,0.17388,0.20161300000000001,-0.002855,-0.041735,-0.036362
293,2.731125,-1.37047,0.060267999999999995,0.079404,0.980002,0.18245999999999998,0.208497,0.110295,0.172415,-0.017301,-0.035361000000000004,-0.022182
294,2.710593,-1.372276,0.03797,0.08239400000000001,0.980359,0.17918299999999998,0.153804,0.038086,0.162512,-0.046658,-0.011854,-0.009322
295,2.707627,-1.375624,0.033964,0.081545,0.9810139999999999,0.175959,0.160021,-0.015147,0.14978699999999998,-0.069841,0.013156999999999999,-0.000727
296,2.683763,-1.377474,0.010686,0.084918,0.9813709999999999,0.172335,0.19605999999999998,-0.053679,0.163975,-0.06267,0.028928,-0.008242
297,2.658182,-1.382163,-0.014657,0.087158,0.982261,0.16602999999999998,0.24954,-0.02298,0.16644,-0.022369,0.015709,-0.029983
298,2.627916,-1.3857629999999999,-0.046111,0.090404,0.98293,0.160235,0.325675,0.071529,0.175396,0.017933,-0.015614,-0.046542
299,2.576837,-1.390916,-0.100162,0.09575499999999999,0.983865,0.15113,0.347242,0.15971,0.216033,0.03486,-0.026636,-0.058082
300,2.537627,-1.39429,-0.144253,0.09972,0.9844629999999999,0.144528,0.359097,0.216009,0.245954,0.043834,-0.027874,-0.074154
301,2.493223,-1.397002,-0.19303399999999998,0.104425,0.984936,0.13783,0.358676,0.14985199999999999,0.273809,0.031682999999999996,-0.022609999999999998,-0.086927
302,2.444439,-1.399597,-0.244702,0.10937999999999999,0.985381,0.130613,0.383892,0.056049,0.26662800000000003,-0.0012259999999999999,-0.017654,-0.088926
303,2.3907380000000003,-1.402144,-0.298698,0.114521,0.9858120000000001,0.12271900000000001,0.412228,-0.064362,0.25095700000000004,-0.029636000000000003,-0.022006,-0.057472
304,2.3308560000000003,-1.4048559999999999,-0.356625,0.11972100000000001,0.9862639999999999,0.113803,0.445878,-0.180565,0.243864,-0.035142,-0.01965,-0.043155
305,2.268395,-1.407385,-0.41569399999999995,0.12468,0.986678,0.104505,0.43838599999999994,-0.212391,0.217146,-0.032532,-0.009002,-0.005354
306,2.222212,-1.409707,-0.459218,0.127549,0.9870530000000001,0.097249,0.39083,-0.14390899999999998,0.182538,-0.029557,0.034385,0.036495
307,2.172133,-1.411412,-0.508302,0.130869,0.987325,0.089789,0.354094,-0.045629,0.145836,-0.026392000000000002,0.046473,0.046426
308,2.1453580000000003,-1.412458,-0.536082,0.13235999999999998,0.987491,0.08569299999999999,0.306639,0.046288,0.1112,-0.013738,0.050717,0.056641
309,2.1135490000000003,-1.413504,-0.570258,0.134134,0.987655,0.08090599999999999,0.221717,0.122297,0.091282,-0.010217,0.047211,0.060756
310,2.093166,-1.4137389999999999,-0.593603,0.135553,0.987692,0.078039,0.126862,0.133324,0.07992300000000001,0.00202,0.042276,0.048456
311,2.092303,-1.412424,-0.59702,0.136747,0.9874850000000001,0.07857,0.038271,0.113445,0.066512,0.0034049999999999996,0.039309,0.033764999999999996
312,2.0928459999999998,-1.4111360000000002,-0.597402,0.13780599999999998,0.987281,0.079278,-0.069875,0.009493000000000001,0.048798,0.006878,0.039559,0.024572999999999998
313,2.103137,-1.409491,-0.586546,0.138382,0.9870190000000001,0.08151599999999999,-0.140342,-0.034719,0.014178,-0.017943999999999998,0.047741000000000006,0.017315
314,2.1271240000000002,-1.408965,-0.561842,0.136828,0.986934,0.085086,-0.179617,-0.02167,-0.018165999999999998,-0.023348,0.043141000000000006,0.008664
315,2.148275,-1.407518,-0.540343,0.136194,0.9867,0.08874,-0.18684,0.009343,-0.041757,-0.026835,0.033594,0.002584
316,2.1714990000000003,-1.406577,-0.517529,0.134863,0.9865459999999999,0.092404,-0.175836,0.048861,-0.07698200000000001,-0.037587999999999996,-5e-06,-0.011654000000000001
317,2.1993139999999998,-1.408603,-0.490305,0.130624,0.986875,0.094943,-0.166159,0.035099,-0.10681800000000001,-0.043542000000000004,-0.005659,-0.026493
318,2.224424,-1.408639,-0.46489899999999995,0.128171,0.9868809999999999,0.09817200000000001,-0.165246,-0.024457,-0.132372,-0.040508999999999996,0.000713,-0.037823
319,2.24637,-1.411527,-0.44105600000000006,0.123761,0.9873430000000001,0.099178,-0.152694,-0.104306,-0.154624,-0.026333,0.009269,-0.04156
320,2.269565,-1.412441,-0.414761,0.120736,0.9874879999999999,0.101441,-0.117627,-0.15229700000000002,-0.17140899999999998,-0.010537000000000001,0.016876,-0.039810000000000005
321,2.290375,-1.413748,-0.390433,0.117629,0.987693,0.10308099999999999,-0.096323,-0.164073,-0.175518,0.006669,0.0035329999999999997,-0.029502999999999998
322,2.302388,-1.4155520000000001,-0.374823,0.11505599999999999,0.987974,0.103295,-0.10589000000000001,-0.15340299999999998,-0.171324,0.005764,-0.011091,-0.026239
323,2.325741,-1.416317,-0.348483,0.112062,0.988092,0.10543599999999999,-0.136723,-0.11924900000000001,-0.160901,-0.008333,0.003333,-0.018231999999999998
324,2.349639,-1.417358,-0.322471,0.108779,0.988251,0.10736199999999999,-0.16536199999999998,-0.07019700000000001,-0.148347,-0.007293000000000001,0.011566,-0.018373
325,2.3752,-1.417729,-0.295538,0.105745,0.988308,0.10984200000000001,-0.172759,-0.043586,-0.136685,-0.004472,0.014103000000000001,-0.017922999999999998
326,2.40029,-1.4187610000000002,-0.268999,0.102267,0.9884649999999999,0.11170799999999999,-0.166486,-0.067069,-0.130206,-0.008868000000000001,0.00022799999999999999,-0.014586000000000002
327,2.42619,-1.4197879999999998,-0.240858,0.098674,0.98862,0.113553,-0.169955,-0.118229,-0.120558,-0.01591,-0.00513,-0.019635
328,2.451418,-1.4195209999999998,-0.21222800000000003,0.095946,0.9885799999999999,0.11620899999999999,-0.199026,-0.17565999999999998,-0.11855399999999999,-0.017103,-0.007698999999999999,-0.021481999999999998
329,2.47912,-1.42025,-0.179831,0.09224700000000001,0.9886889999999999,0.118254,-0.247309,-0.243648,-0.124154,-0.023674,0.00835,-0.02783
330,2.511445,-1.418783,-0.141401,0.089232,0.988468,0.12234500000000001,-0.291219,-0.304125,-0.146821,-0.028044,0.056041999999999995,-0.013611000000000002
331,2.546185,-1.415466,-0.099825,0.086767,0.9879600000000001,0.128085,-0.335955,-0.317697,-0.177026,-0.028401999999999997,0.057435,-0.009509
332,2.590732,-1.412124,-0.048451999999999995,0.082704,0.9874379999999999,0.134634,-0.37309000000000003,-0.313139,-0.21895599999999998,-0.026735000000000002,0.026692,0.012156
333,2.645352,-1.406833,0.012916,0.077717,0.9865879999999999,0.143541,-0.437877,-0.306282,-0.27924099999999996,-0.024250999999999998,0.002944,0.040847
334,2.701272,-1.401019,0.07586,0.072017,0.9856219999999999,0.152847,-0.53454,-0.303446,-0.371787,-0.016857,-0.002834,0.042786000000000005
335,2.769143,-1.393201,0.15096500000000002,0.064288,0.9842709999999999,0.164551,-0.667437,-0.313181,-0.48593400000000003,-0.015902,-0.0038179999999999998,0.061827999999999994
336,2.8487169999999997,-1.382342,0.238463,0.054086,0.982295,0.17936300000000002,-0.802427,-0.334541,-0.621446,-0.011926,-0.003062,0.07759500000000001
337,2.9349380000000003,-1.369129,0.333383,0.0411,0.979734,0.19604100000000002,-0.89564,-0.351653,-0.789786,-0.024605000000000002,-0.0037670000000000004,0.089268
338,3.02314,-1.3541530000000002,0.430699,0.025402,0.9766239999999999,0.213446,-0.888558,-0.34046,-0.9307559999999999,-0.032619999999999996,-0.001145,0.081842
339,3.104908,-1.338976,0.522409,0.008426000000000001,0.97325,0.229595,-0.797928,-0.387508,-0.9653139999999999,-0.014041999999999999,-0.018126,0.052189
340,-3.109282,-1.324134,0.601493,-0.007888,0.969733,0.24404099999999998,-0.718436,-0.422204,-0.882461,0.023147,-0.034902999999999997,0.036385
341,-3.0615669999999997,-1.309252,0.660136,-0.020669999999999997,0.965992,0.25774600000000003,-0.691546,-0.45488500000000004,-0.7252029999999999,0.063792,-0.011509,0.029699
342,-3.026805,-1.294857,0.7055899999999999,-0.031205,0.9621700000000001,0.270658,-0.617019,-0.448916,-0.684096,0.085618,0.005954999999999999,0.010516
343,-2.990848,-1.282294,0.753657,-0.042727,0.9586709999999999,0.28129,-0.46664399999999995,-0.559833,-0.7822479999999999,0.08871699999999999,-0.03582,-0.008005
344,-2.9558169999999997,-1.273809,0.803234,-0.054053,0.9562219999999999,0.287605,-0.19178699999999999,-0.639659,-0.77168,0.026435000000000004,-0.005797999999999999,-0.005974
345,-2.923269,-1.269998,0.8505969999999999,-0.06417300000000001,0.9551,0.28925,0.024431,-0.627999,-0.6783170000000001,-0.001852,0.001367,-0.018941
346,-2.896019,-1.269324,0.89112,-0.072187,0.9549,0.288018,0.142604,-0.545876,-0.538728,0.01521,-0.017141,-5.4000000000000005e-05
347,-2.875554,-1.271064,0.923689,-0.077628,0.955415,0.284877,0.24976199999999998,-0.5308649999999999,-0.389516,0.028404000000000002,-0.044512,0.027134
348,-2.86079,-1.275368,0.9503229999999999,-0.080685,0.956678,0.279746,0.375234,-0.531676,-0.295703,0.036648,-0.090543,0.044793
349,-2.8448729999999998,-1.282633,0.977766,-0.083094,0.958767,0.271773,0.511811,-0.50455,-0.271283,0.042688,-0.122082,0.068467
350,-2.824955,-1.292027,1.0085110000000002,-0.085681,0.9613950000000001,0.261494,0.6090439999999999,-0.46656099999999995,-0.265311,0.057665999999999995,-0.09992899999999999,0.075985
351,-2.801615,-1.3029600000000001,1.041087,-0.08825,0.9643459999999999,0.24949699999999997,0.713056,-0.326401,-0.241263,0.069024,0.037439,0.06828200000000001
352,-2.766665,-1.315059,1.079413,-0.09263500000000001,0.967477,0.235386,0.733942,0.029401999999999998,-0.259732,0.07974099999999999,0.048987,0.053249
353,-2.729651,-1.325797,1.116745,-0.097117,0.970137,0.22226500000000002,0.641798,-0.010944,-0.213321,0.16038,0.048143,0.050043000000000004
354,-2.696311,-1.3363129999999999,1.152663,-0.10007200000000001,0.972635,0.20968499999999998,0.673243,-0.062483000000000004,-0.139328,0.14871700000000002,0.058371000000000006,0.049456
355,-2.670067,-1.347683,1.179822,-0.10051,0.9752129999999999,0.197121,0.6292270000000001,0.006392,-0.009396999999999999,0.113876,0.074561,0.033866
356,-2.651164,-1.359529,1.200214,-0.09876900000000001,0.977766,0.18498199999999998,0.643166,-0.081548,0.125409,0.102828,0.069552,-0.007279000000000001
357,-2.636557,-1.374,1.216679,-0.094604,0.980698,0.17111800000000002,0.754784,-0.054712000000000004,0.24365900000000001,0.08167999999999999,0.056915,-0.025275
358,-2.626247,-1.390559,1.22743,-0.08834700000000001,0.983801,0.15598099999999998,0.773695,-0.006232,0.358028,0.069655,0.024973,-0.072378
359,-2.62535,-1.408503,1.229636,-0.079759,0.986859,0.140525,0.802632,-0.114329,0.45878199999999997,0.08824299999999999,0.025927999999999996,-0.075522
360,-2.63118,-1.427369,1.227848,-0.069829,0.989732,0.12471800000000001,0.812625,-0.250775,0.47291300000000003,0.06804400000000001,0.038176,-0.052864
361,-2.637648,-1.44551,1.2275989999999999,-0.060341,0.9921620000000001,0.109425,0.7793800000000001,-0.340998,0.420454,0.043937000000000004,0.048198000000000005,-0.026477999999999998
362,-2.6400259999999998,-1.462669,1.232516,-0.051886,0.99416,0.094625,0.7592439999999999,-0.36415,0.36693200000000004,-0.000833,0.04507,-0.008947
363,-2.631192,-1.4792370000000001,1.248518,-0.044667,0.9958110000000001,0.079779,0.7681,-0.350101,0.309292,-0.021738999999999998,-0.0029519999999999998,-0.014669999999999999
364,-2.598544,-1.49561,1.288357,-0.038816,0.997175,0.064309,0.804654,-0.353032,0.24225500000000003,-0.022357,-0.011839,-0.009026000000000001
365,-2.521203,-1.511448,1.372666,-0.034482,0.998239,0.048261,0.816836,-0.32190799999999997,0.173934,-0.008426000000000001,-0.017603,-0.028988999999999997
366,-2.373366,-1.525454,1.5266819999999999,-0.031495,0.998972,0.032596,0.772459,-0.283172,0.11589,0.009538,-0.029063,-0.031481999999999996
367,-2.129267,-1.536024,1.776498,-0.029485,0.999395,0.018423,0.6862159999999999,-0.273167,0.08643300000000001,0.024753999999999998,-0.022969999999999997,-0.025914999999999997
368,-1.781873,-1.5432489999999999,2.1288259999999997,-0.026933999999999996,0.9996209999999999,0.005771,0.599107,-0.207808,0.067585,0.058458,-0.007921,0.016995
369,-1.375565,-1.544556,2.538405,-0.025738,0.999656,-0.00509,0.5183939999999999,-0.131865,0.060515,0.079831,-0.017493,0.046228
370,-1.028243,-1.5425209999999998,2.888843,-0.024212,0.9996,-0.014597999999999998,0.456157,-0.177591,0.094322,0.089504,-0.019589,0.046122
371,-0.773357,-1.539433,-3.134284,-0.021905,0.999508,-0.022438999999999997,0.360468,-0.300992,0.134404,0.07908,-0.019497,0.01214
372,-0.588411,-1.5365309999999999,-2.9428389999999998,-0.019015,0.9994129999999999,-0.028497,0.286715,-0.306163,0.15953299999999998,0.052859,-0.004174000000000001,-0.00907
373,-0.44383999999999996,-1.533383,-2.7932919999999997,-0.016062,0.9993,-0.033780000000000004,0.26591,-0.198454,0.148567,0.030436,0.001875,-0.026309
374,-0.33061599999999997,-1.529331,-2.677166,-0.013456999999999998,0.9991399999999999,-0.039208,0.274872,-0.12701700000000002,0.12503699999999998,0.013578999999999999,0.042730000000000004,-0.023643
375,-0.25099499999999997,-1.5244959999999999,-2.594171,-0.011495,0.998928,-0.044834,0.297103,-0.195153,0.09537000000000001,0.000677,0.032032,0.018512
376,-0.188248,-1.51796,-2.526752,-0.009883,0.998604,-0.051878,0.389743,-0.241258,0.089667,-0.011128,0.020011,0.010542000000000001
377,-0.14546199999999998,-1.5103090000000001,-2.47808,-0.008762,0.9981709999999999,-0.059812,0.390565,-0.32848099999999997,0.056669000000000004,-0.039349,-0.027926,-0.03551
378,-0.133854,-1.503715,-2.458319,-0.008945999999999999,0.997751,-0.06643099999999999,0.29859,-0.441888,-0.007921,-0.028011,-0.010858,-0.006948
379,-0.144387,-1.49847,-2.459838,-0.010398000000000001,0.9973860000000001,-0.071511,0.24432399999999999,-0.455363,-0.05421599999999999,0.007315,0.020345,0.019463
380,-0.160521,-1.493692,-2.466313,-0.012312,0.997029,-0.076038,0.225985,-0.5064069999999999,-0.060688,0.044126,0.01617,0.040851
381,-0.142045,-1.491231,-2.437291,-0.011252,0.996836,-0.078681,0.2365,-0.538403,-0.060563,0.06272,0.014730000000000002,0.037376
382,-0.15746400000000002,-1.4865549999999998,-2.443006,-0.013194999999999998,0.9964540000000001,-0.083101,0.21773699999999999,-0.43608800000000003,-0.056552,0.061626,0.00762,0.016679
383,-0.12031800000000001,-1.4833889999999998,-2.399768,-0.010478,0.996182,-0.08666499999999999,0.195104,-0.245338,-0.053732,0.067775,0.006854000000000001,0.00857
384,-0.127466,-1.4796690000000001,-2.403131,-0.011568,0.995851,-0.090263,0.175021,-0.178257,-0.028321,0.063082,-0.005388,0.0021739999999999997
385,-0.131305,-1.476492,-2.402705,-0.012329000000000001,0.995557,-0.09335299999999999,0.149099,-0.23574299999999998,-0.015609,0.022277,-0.000546,0.011382999999999999
386,-0.13727899999999998,-1.473385,-2.403682,-0.013309999999999999,0.995259,-0.096342,0.160854,-0.24637699999999998,-0.030469,-0.008221,0.011729,0.014906
387,-0.14441400000000001,-1.469649,-2.406311,-0.014532,0.9948889999999999,-0.099924,0.19734300000000002,-0.209177,-0.040944,-0.008814,0.013274000000000001,-0.000143
388,-0.148532,-1.465329,-2.4064099999999997,-0.015578999999999999,0.9944430000000001,-0.10411300000000001,0.22181399999999998,-0.208261,-0.024751,-0.000824,0.002581,-0.013288
389,-0.148308,-1.460791,-2.401023,-0.016222,0.9939549999999999,-0.108579,0.23302199999999998,-0.295773,0.00535,-0.002973,-0.007917,-0.008716
390,-0.146171,-1.456033,-2.391867,-0.016679,0.9934219999999999,-0.113291,0.24860300000000002,-0.372596,0.022649000000000002,-0.003356,-0.007094,-0.0012109999999999998
391,-0.14338599999999999,-1.4511370000000001,-2.3810119999999997,-0.017058,0.992849,-0.118149,0.251578,-0.41524700000000003,0.030202,-0.004457,0.0012,0.006104
392,-0.141925,-1.446166,-2.3706669999999996,-0.017583,0.992244,-0.12305799999999999,0.258898,-0.451479,0.027094999999999998,0.009969,0.005452,0.013819999999999999
393,-0.127558,-1.442053,-2.347641,-0.016332,0.9917239999999999,-0.127344,0.248406,-0.416267,0.021641999999999998,0.029425,0.010778,0.010188
394,-0.112518,-1.439666,-2.3255060000000003,-0.014681,0.9914149999999999,-0.129929,0.22010300000000002,-0.30855,0.014905000000000002,0.035891,0.013682,0.030579000000000002
395,-0.075377,-1.440065,-2.2835900000000002,-0.009817,0.991467,-0.12998900000000002,0.201231,-0.23601999999999998,0.008289,0.021138999999999998,0.009342,0.015243000000000001
396,-0.070344,-1.436944,-2.274084,-0.00938,0.9910549999999999,-0.133123,0.175729,-0.216739,0.0038159999999999995,0.016079,0.008898999999999999,0.008062
397,-0.070612,-1.433575,-2.270468,-0.009651,0.9906,-0.13645,0.14925,-0.172974,0.004644,-0.005684000000000001,0.023301,-0.007089
398,-0.072848,-1.430244,-2.269895,-0.010196,0.990139,-0.139719,0.15163,-0.122897,0.000324,-0.004635,0.009373000000000001,-0.022359999999999998
399,-0.073271,-1.427242,-2.267769,-0.010473,0.989714,-0.142678,0.14941500000000002,-0.133572,0.0077989999999999995,-0.002833,-0.002165,-0.030586000000000002
400,-0.072238,-1.4241540000000001,-2.2639009999999997,-0.010546,0.989267,-0.14573599999999998,0.16001600000000002,-0.136852,0.019628,-0.021299000000000002,-0.011148,-0.019135
401,-0.077199,-1.420167,-2.266355,-0.011573,0.988677,-0.14961300000000002,0.152625,-0.115541,0.024886000000000002,-0.022256,0.0012519999999999999,-0.010787999999999999
402,-0.07569400000000001,-1.417114,-2.26208,-0.011576000000000001,0.9882139999999999,-0.152639,0.156749,-0.154941,0.017488,-0.021597,0.00257,-0.011988
403,-0.075507,-1.414035,-2.258161,-0.011777,0.9877379999999999,-0.155675,0.152304,-0.19858499999999998,0.01324,-0.028949000000000003,0.014215,-0.018366999999999998
404,-0.087552,-1.410146,-2.265917,-0.013987000000000001,0.987123,-0.159348,0.140574,-0.208092,0.00355,-0.034429,0.010939,-0.019012
405,-0.090452,-1.407545,-2.264376,-0.014681,0.9867040000000001,-0.161863,0.126628,-0.230393,-0.00186,-0.031019,0.006719,-0.019181999999999998
406,-0.10142799999999999,-1.403677,-2.270337,-0.016843,0.9860680000000001,-0.165487,0.134073,-0.250604,-0.015672,-0.022296,0.001557,-0.021830000000000002
407,-0.104848,-1.398606,-2.269412,-0.017932,0.9852120000000001,-0.1704,0.122607,-0.195161,-0.017957,0.005693999999999999,0.0033439999999999998,-0.027431
408,-0.101425,-1.3943780000000001,-2.262619,-0.017769999999999998,0.9844790000000001,-0.174603,0.11095999999999999,-0.168522,-0.009521,0.011331,0.009784000000000001,-0.023975
409,-0.101608,-1.391437,-2.259535,-0.018096,0.983958,-0.177479,0.108838,-0.158958,-0.002068,0.0083,0.008015999999999999,-0.018612
410,-0.097506,-1.387965,-2.252929,-0.0177,0.983333,-0.18095,0.10478699999999999,-0.10888800000000001,0.001049,0.014358000000000001,0.001591,-0.018313999999999997
411,-0.085882,-1.384691,-2.239834,-0.015872,0.9827319999999999,-0.184351,0.093123,-0.06953,0.025495,0.024416,0.008357,-0.020453
412,-0.076555,-1.3825,-2.229168,-0.014315999999999999,0.982325,-0.186637,0.087675,-0.061126,0.059634000000000006,0.022632,0.006567,-0.015388999999999998
413,-0.072225,-1.381124,-2.223537,-0.013605,0.982066,-0.18804500000000002,0.084483,-0.049435,0.069208,-0.012808000000000002,0.011998,0.005031
414,-0.074384,-1.379807,-2.224715,-0.014107,0.981817,-0.189305,0.091052,-0.025966000000000003,0.05533099999999999,-0.026756,0.019114,0.005116
415,-0.07359600000000001,-1.378334,-2.223568,-0.014063999999999998,0.9815360000000001,-0.19075899999999998,0.079442,-0.003426,0.048804,-0.034413,0.009431,0.0046630000000000005
416,-0.079751,-1.377106,-2.229364,-0.015334,0.981301,-0.191869,0.07625599999999999,-0.009768,0.039168,-0.031388,0.006141,0.002584
417,-0.08244299999999999,-1.375209,-2.231,-0.016004,0.980934,-0.193682,0.081386,-0.064081,0.030723,-0.036837,0.013558,-0.009947
418,-0.080731,-1.37373,-2.22802,-0.015788999999999997,0.9806450000000001,-0.195156,0.073,-0.042699,0.018887,-0.040514999999999995,0.023688,0.00349
419,-0.082174,-1.372809,-2.2296400000000003,-0.016145,0.9804649999999999,-0.19603199999999998,0.050017,0.043758,-0.003819,-0.016967,0.035969,0.004565
420,-0.082146,-1.372012,-2.230957,-0.016204,0.9803069999999999,-0.196812,0.031014999999999997,0.069469,-0.023213,-0.002092,0.033136,0.00771
421,-0.084746,-1.3720290000000002,-2.23508,-0.016714,0.980311,-0.196752,0.001295,0.081381,-0.045869,-0.011835,0.038305,0.009161
422,-0.092602,-1.373156,-2.2457830000000003,-0.018157,0.980533,-0.19551500000000002,-0.029072000000000004,0.176429,-0.079321,-0.008302,0.034879,0.009236
423,-0.095735,-1.3743,-2.253586,-0.018662,0.980757,-0.19434,-0.05541,0.241542,-0.089201,0.005769,0.022936,-0.008144
424,-0.099692,-1.3748790000000002,-2.262993,-0.019375,0.9808690000000001,-0.1937,-0.060622,0.274559,-0.082871,-0.0022170000000000002,0.01231,-0.020288999999999998
425,-0.10826500000000001,-1.374312,-2.277266,-0.021095,0.980759,-0.19408,-0.05307100000000001,0.279906,-0.094579,-0.023019,0.002502,-0.027280000000000002
426,-0.122477,-1.373731,-2.297377,-0.02392,0.9806450000000001,-0.194326,-0.049678,0.30764600000000003,-0.108484,-0.036978,0.009040000000000001,-0.020640000000000002
427,-0.135163,-1.374162,-2.316697,-0.026326,0.9807299999999999,-0.19358699999999998,-0.060225,0.333253,-0.10966500000000001,-0.026407999999999997,0.014815,-0.002183
428,-0.142298,-1.37531,-2.3306270000000002,-0.027547000000000002,0.9809530000000001,-0.192281,-0.054964,0.337415,-0.08934,-0.007624,0.004932,0.0065049999999999995
429,-0.143014,-1.376675,-2.338838,-0.027494,0.981218,-0.190935,-0.07196799999999999,0.38634,-0.055338,-0.000475,0.00215,0.004061
430,-0.13985,-1.378106,-2.343645,-0.026694,0.9814930000000001,-0.189631,-0.076427,0.388306,-0.010506999999999999,-0.007608,0.001204,-0.004492
431,-0.141227,-1.378611,-2.351652,-0.026885000000000003,0.9815889999999999,-0.189102,-0.059786,0.304044,0.001462,-0.040665,0.00216,-0.017516999999999998
432,-0.143257,-1.379011,-2.359182,-0.027213,0.981666,-0.188659,-0.037394,0.281671,-0.017586,-0.049523000000000005,0.018548,-0.0047009999999999994
433,-0.14013599999999998,-1.379604,-2.362458,-0.026543,0.981778,-0.188167,-0.038149,0.337124,-0.031549,-0.033348,0.013231999999999999,0.001048
434,-0.141067,-1.381312,-2.37016,-0.026482,0.982102,-0.18648199999999998,-0.05849,0.327585,-0.026341000000000003,-0.007972,0.020966,0.018406
435,-0.137102,-1.3826129999999999,-2.3722990000000004,-0.025568,0.9823459999999999,-0.18532,-0.073685,0.295578,-0.000768,-0.0065980000000000006,0.017349,0.017686
436,-0.13259200000000002,-1.384671,-2.374048,-0.024465,0.9827290000000001,-0.183428,-0.0982,0.326453,0.024657,-0.0153,0.012953000000000001,0.009509
437,-0.13231600000000002,-1.386582,-2.380112,-0.024166,0.983081,-0.181573,-0.11324100000000001,0.318984,0.040577999999999996,-0.041248,0.005109000000000001,-0.011191
438,-0.12276,-1.388694,-2.3762950000000003,-0.022175999999999998,0.9834649999999999,-0.179734,-0.088962,0.271984,0.05149,-0.059077,-0.015951,-0.026885000000000003
439,-0.11939300000000001,-1.389297,-2.377741,-0.0215,0.983574,-0.17921900000000002,-0.063536,0.242025,0.06238200000000001,-0.05426,-0.022072,-0.028804000000000003
440,-0.10736300000000001,-1.390548,-2.370079,-0.019209999999999998,0.983799,-0.178242,-0.047763,0.213117,0.084962,-0.028014999999999998,-0.016728,-0.019024
441,-0.092789,-1.391382,-2.35921,-0.016535,0.9839479999999999,-0.17768599999999998,-0.03198,0.18528,0.106473,-6e-06,-0.003159,-0.004412
442,-0.07612999999999999,-1.392095,-2.346526,-0.013519,0.984075,-0.17723699999999998,-0.026483,0.23421199999999998,0.11926700000000001,0.030212,0.022135,0.018393
443,-0.051044,-1.394111,-2.326895,-0.008968,0.984432,-0.175539,-0.042203,0.303489,0.12441500000000001,0.043468,0.037892,0.04355
444,-0.031085,-1.395171,-2.313584,-0.00543,0.984617,-0.17464000000000002,-0.051463999999999996,0.369608,0.114651,0.034788,0.040376,0.048083
445,-0.012101,-1.396579,-2.302561,-0.002097,0.9848629999999999,-0.173325,-0.082049,0.420959,0.08659800000000001,-0.005562,0.039597,0.042115
446,0.003973,-1.3988200000000002,-2.2949990000000002,0.0006799999999999999,0.9852489999999999,-0.171128,-0.127751,0.42976099999999995,0.056357000000000004,-0.03515,0.037182,0.048829000000000004
447,0.016401,-1.401689,-2.290616,0.0027600000000000003,0.985735,-0.16827999999999999,-0.149122,0.39161,0.025278,-0.055235,0.020429,0.04888
448,0.025253,-1.404843,-2.2891779999999997,0.004171,0.986261,-0.16514,-0.16409200000000002,0.35768,-0.0014880000000000002,-0.061147,-0.001413,0.041681
449,0.031796,-1.408331,-2.2891779999999997,0.005142,0.9868319999999999,-0.161669,-0.178172,0.307674,-0.004727,-0.047958,0.001068,0.029176999999999998
450,0.037891,-1.411662,-2.288425,0.0060030000000000005,0.9873649999999999,-0.15835,-0.155041,0.24044699999999997,0.004065999999999999,-0.045127,-0.0015710000000000001,0.0207
451,0.04389,-1.414319,-2.286167,0.0068379999999999995,0.9877819999999999,-0.15569000000000002,-0.12133800000000002,0.158243,0.019362,-0.040788,-0.003987,0.010304
452,0.045147,-1.41638,-2.286947,0.006940999999999999,0.988101,-0.153647,-0.106852,0.080336,0.041992,-0.014844999999999999,0.00198,0.000586
453,0.053225,-1.4186290000000001,-2.279806,0.008064,0.988445,-0.151366,-0.12203699999999999,0.034544,0.051559,0.017433,0.027256,0.028883999999999996
454,0.067299,-1.422503,-2.265751,0.009936,0.989025,-0.14741600000000002,-0.12866,-0.025042,0.039843,0.028165,0.023472,0.038071
455,0.070947,-1.4251280000000002,-2.2612509999999997,0.01029,0.989409,-0.144789,-0.14031400000000002,-0.034477,0.012,0.032404,-0.002516,0.045393
456,0.07245599999999999,-1.428228,-2.260141,0.010286,0.9898540000000001,-0.141713,-0.16221,0.059421,-0.007501000000000001,0.041243,-0.000139,0.038487
457,0.076645,-1.43175,-2.2579119999999997,0.010613,0.9903489999999999,-0.138192,-0.185523,0.113755,0.011493999999999999,0.038353,-0.006599,0.027870999999999996
458,0.085319,-1.435584,-2.251527,0.011487,0.990873,-0.13430999999999998,-0.197378,0.11262899999999999,0.03705,0.009341,0.001559,-0.004957
459,0.096776,-1.4392969999999998,-2.241509,0.012669,0.991366,-0.13050699999999998,-0.181768,0.04432,0.056475,-0.01595,0.010983,-0.032655
460,0.109367,-1.44221,-2.2284770000000003,0.013996000000000001,0.9917440000000001,-0.127466,-0.136402,-0.052844,0.07293999999999999,-0.014316999999999998,-0.012343000000000002,-0.064459
461,0.120645,-1.4444,-2.214175,0.015172,0.992023,-0.125144,-0.111516,-0.207418,0.078653,-0.005147,-0.020312,-0.083978
462,0.12842,-1.4459629999999999,-2.2001209999999998,0.015946000000000002,0.992218,-0.123484,-0.070618,-0.365222,0.07914,0.027481000000000002,-0.003418,-0.06802899999999999
463,0.134195,-1.44672,-2.1865099999999997,0.016558,0.9923120000000001,-0.122646,-0.042942,-0.381289,0.077218,0.063078,-0.004443,-0.038655
464,0.140396,-1.4475200000000001,-2.173742,0.017207,0.992411,-0.121755,-0.057398000000000005,-0.28107600000000005,0.070579,0.103673,0.015172999999999999,0.0017289999999999999
465,0.14938800000000002,-1.448742,-2.160307,0.018121,0.992561,-0.120396,-0.0815,-0.180868,0.073487,0.120078,0.027016000000000002,0.032749
466,0.16334,-1.450445,-2.1441220000000003,0.019524,0.992767,-0.11846300000000001,-0.10979900000000001,-0.051846,0.089148,0.116676,0.019242,0.039361
467,0.18262899999999999,-1.4527780000000001,-2.125524,0.021384,0.993044,-0.11578599999999999,-0.15073599999999998,0.094253,0.08547,0.094689,0.013731,0.032107
468,0.205961,-1.455897,-2.1054880000000002,0.023446,0.9934059999999999,-0.112224,-0.188611,0.20944899999999997,0.081853,0.072089,0.004991,0.017466
469,0.232607,-1.45939,-2.083417,0.025627999999999998,0.993801,-0.108182,-0.20125,0.247835,0.083852,0.056312,-0.001415,0.012463
470,0.260416,-1.462836,-2.060448,0.027744,0.9941780000000001,-0.104117,-0.19482,0.247838,0.077488,0.027188,-0.006004,-0.006875
471,0.287867,-1.4659799999999998,-2.037522,0.029704,0.9945120000000001,-0.10032,-0.175746,0.216887,0.07552400000000001,0.001363,-0.0047350000000000005,-0.009161
472,0.315779,-1.468377,-2.0131799999999997,0.031751,0.9947600000000001,-0.09718500000000001,-0.138717,0.164491,0.092941,0.0026420000000000003,0.002143,-0.009993
473,0.347551,-1.469949,-1.984264,0.03429,0.994919,-0.094657,-0.11552,0.13658,0.126254,0.017681,0.004928,-0.006051
474,0.385452,-1.470952,-1.9482080000000002,0.037476999999999996,0.9950200000000001,-0.092365,-0.10952100000000001,0.08315,0.162684,0.044768,-0.004678,0.004124
475,0.45415600000000006,-1.470772,-1.880783,0.043808,0.995002,-0.08973500000000001,-0.116129,0.059648,0.185112,0.053025,0.002526,0.005125
476,0.499061,-1.471068,-1.836668,0.047651,0.995031,-0.08741900000000001,-0.108733,0.045766,0.187317,0.045291000000000005,0.01005,-0.004256
477,0.542737,-1.469428,-1.7934880000000002,0.052266,0.9948670000000001,-0.086653,-0.07248500000000001,0.026516,0.174781,0.019298,0.003257,-0.022096
478,0.577519,-1.468422,-1.7586439999999999,0.055794,0.994764,-0.085622,-0.041704000000000005,-0.0034409999999999996,0.180375,0.018974,-0.002684,-0.024622
479,0.62244,-1.4649219999999998,-1.7133770000000001,0.061612,0.994401,-0.085858,-0.030099,-0.011027,0.202906,0.040866,-0.00203,-0.018313999999999997
480,0.659173,-1.46286,-1.676794,0.065979,0.994181,-0.085158,-0.038514,0.038977,0.226284,0.068848,-0.008829,-0.019853
481,0.716963,-1.457633,-1.62016,0.074201,0.993604,-0.085121,-0.050187,0.074084,0.248604,0.069217,-0.008542000000000001,-0.021202000000000002
482,0.756764,-1.454961,-1.581592,0.079351,0.9932989999999999,-0.084031,-0.044877,0.074045,0.25398200000000004,0.069208,0.0032530000000000002,-0.024154
483,0.796769,-1.449994,-1.542583,0.086176,0.992712,-0.084238,-0.029979000000000002,0.042125,0.23170300000000002,0.030858999999999998,0.009363,-0.016668000000000002
484,0.8250059999999999,-1.4473479999999999,-1.5145440000000001,0.090449,0.99239,-0.083554,-0.0385,0.017765,0.203901,0.012256999999999999,0.0042840000000000005,-0.013980000000000001
485,0.8505520000000001,-1.444907,-1.48969,0.094374,0.992086,-0.082813,-0.057405,0.065841,0.185547,-0.001509,-0.004079999999999999,-0.008312
486,0.87795,-1.4429239999999999,-1.4637360000000001,0.098121,0.991835,-0.081454,-0.060504999999999996,0.08291799999999999,0.18016300000000002,0.003747,0.000947,-0.008756
487,0.9052819999999999,-1.441107,-1.4375870000000002,0.101728,0.9916020000000001,-0.079854,-0.079709,0.060704999999999995,0.157625,0.001605,0.004614,0.00031
488,0.931803,-1.440313,-1.411923,0.10444200000000001,0.991499,-0.077598,-0.129698,0.052528,0.114558,-0.01266,0.018113999999999998,0.026786
489,0.965457,-1.442978,-1.379345,0.10482000000000001,0.991842,-0.072536,-0.186999,0.071048,0.061785,-0.029089999999999998,0.024454,0.036081999999999996
490,0.9984270000000001,-1.444884,-1.348179,0.105565,0.992084,-0.068017,-0.23452399999999998,0.130001,0.012240000000000001,-0.028493,0.034802,0.037591
491,1.0358049999999999,-1.447775,-1.3141200000000002,0.105565,0.992442,-0.062562,-0.265988,0.21335300000000001,-0.025475,-0.015691,0.042439,0.036729000000000005
492,1.088658,-1.4518959999999999,-1.266259,0.105098,0.9929399999999999,-0.055001,-0.29331999999999997,0.279599,-0.051387,0.004658,0.025874,0.029763
493,1.1377680000000001,-1.455807,-1.222975,0.104146,0.993396,-0.048146,-0.32614299999999996,0.316011,-0.070891,0.009395,0.017911,0.015477000000000001
494,1.195582,-1.459834,-1.171411,0.103031,0.99385,-0.040581,-0.35701,0.33315900000000004,-0.07006,0.018078,0.0018170000000000003,0.007836
495,1.262546,-1.463578,-1.111178,0.101969,0.994258,-0.032467,-0.383577,0.363054,-0.063875,0.023199,-0.002787,-0.007923000000000001
496,1.334396,-1.46565,-1.046408,0.102034,0.994477,-0.02458,-0.386731,0.38008000000000003,-0.056437,0.022066,-0.002152,-0.018816
497,1.410514,-1.468215,-0.977525,0.101089,0.994743,-0.016343,-0.368576,0.385339,-0.055249,0.020783000000000003,-0.004509,-0.013991
498,1.484221,-1.4694049999999999,-0.9109790000000001,0.100838,0.994864,-0.008752,-0.356973,0.36395900000000003,-0.046592,0.014457,-0.008551000000000001,-0.010062
499,1.5605229999999999,-1.470513,-0.841101,0.100111,0.994976,-0.0010279999999999998,-0.354002,0.327669,-0.03157,0.01256,-0.013515000000000001,-0.011819
500,1.638467,-1.4707729999999999,-0.769254,0.099628,0.995002,0.006751999999999999,-0.362628,0.321252,-0.017735,0.000729,-0.016624,-0.008506999999999999
501,1.709271,-1.470183,-0.7049449999999999,0.099482,0.994943,0.013863999999999998,-0.366725,0.361734,-0.01461,0.002691,-0.006051,-0.014016999999999998
502,1.781727,-1.469064,-0.639745,0.09930499999999999,0.9948299999999999,0.021263,-0.360187,0.387295,-0.018869,0.006774,-0.0010400000000000001,-0.019615
503,1.84234,-1.467018,-0.586158,0.09979600000000001,0.9946200000000001,0.027785,-0.33250599999999997,0.36804499999999996,-0.023989,0.016964,0.006067,-0.014525
504,1.903148,-1.465099,-0.5320560000000001,0.099727,0.994419,0.034421,-0.31443899999999997,0.339271,-0.036641,0.025457,-0.011418000000000001,-0.014112000000000001
505,1.964745,-1.463642,-0.47603900000000005,0.09875700000000001,0.9942639999999999,0.041051,-0.29984299999999997,0.262524,-0.037509,0.025892000000000002,-0.021105000000000002,-0.014211000000000001
506,2.0177400000000003,-1.461247,-0.42713,0.098591,0.9940049999999999,0.047254000000000004,-0.30437800000000004,0.20394600000000002,-0.036395,0.016964,-0.011797,-0.008054
507,2.0730470000000003,-1.458847,-0.375639,0.097919,0.99374,0.053779999999999994,-0.309808,0.213429,-0.0054659999999999995,-0.00047599999999999997,0.029514,-0.008675
508,2.119691,-1.455759,-0.333602,0.09792200000000001,0.99339,0.059888,-0.259565,0.260027,0.019393999999999998,0.017083,0.025622000000000002,-0.0027129999999999997
509,2.153267,-1.4522620000000002,-0.305046,0.09875700000000001,0.992983,0.065052,-0.211686,0.257623,0.046439,0.011931,0.021559000000000002,0.018811
510,2.179661,-1.449055,-0.283451,0.099618,0.992599,0.069457,-0.19155899999999998,0.24575300000000003,0.06689099999999999,-0.002771,0.005692,0.040269
511,2.215868,-1.444374,-0.252923,0.100749,0.9920190000000001,0.07581,-0.174268,0.323353,0.09361900000000001,-0.001827,0.004105,0.051769
512,2.237202,-1.440382,-0.23946900000000002,0.10222200000000001,0.991508,0.080389,-0.20688600000000001,0.44058400000000003,0.10926400000000001,0.007534999999999999,0.016121,0.061701
513,2.2661189999999998,-1.4356280000000001,-0.219698,0.103473,0.9908790000000001,0.08632999999999999,-0.278145,0.47498199999999996,0.09376699999999999,0.013456000000000001,0.024516999999999997,0.098897
514,2.30229,-1.430224,-0.19281199999999998,0.10426600000000001,0.990136,0.093591,-0.335712,0.46461199999999997,0.07308200000000001,0.0052,0.030188999999999997,0.109305
515,2.342499,-1.424579,-0.160378,0.104425,0.9893290000000001,0.101603,-0.380818,0.35946500000000003,0.033377,-0.023599000000000002,0.033864,0.149068
516,2.388889,-1.4181700000000002,-0.11901300000000001,0.103933,0.988375,0.11096199999999999,-0.495399,0.21624899999999997,-0.016378,-0.071371,0.047575,0.189225
517,2.4474099999999996,-1.409886,-0.06342300000000001,0.1025,0.987082,0.12314000000000001,-0.659716,0.158526,-0.071935,-0.09726699999999999,0.056589,0.203429
518,2.518309,-1.39943,0.00627,0.099539,0.985353,0.138464,-0.829218,0.087085,-0.174508,-0.080999,0.041152,0.20014400000000002
519,2.598778,-1.386585,0.08670499999999999,0.09461699999999999,0.983081,0.156842,-0.97931,0.061384,-0.277005,-0.048428,0.0009130000000000001,0.174869
520,2.678156,-1.371506,0.166658,0.088499,0.9802069999999999,0.177092,-1.0378479999999999,0.054286,-0.315861,-0.035901999999999996,-0.008116,0.135011
521,2.749669,-1.355841,0.237621,0.081475,0.976986,0.19713,-0.9871260000000001,0.139507,-0.35941300000000004,-0.008187,-0.005321,0.065962
522,2.812716,-1.341456,0.29858,0.073425,0.973817,0.215151,-0.852342,0.205139,-0.372442,-0.001006,-0.035355000000000004,0.011457
523,2.865647,-1.329373,0.347487,0.06514,0.970999,0.23004000000000002,-0.685561,0.297176,-0.35644000000000003,0.000701,-0.044424,-0.009290999999999999
524,2.9111380000000002,-1.319788,0.387827,0.056735,0.9686620000000001,0.24181399999999997,-0.524312,0.32645799999999997,-0.359624,-0.015597999999999999,-0.049030000000000004,-0.003625
525,2.955367,-1.313081,0.42675100000000005,0.047189999999999996,0.966975,0.25046599999999997,-0.364086,0.30167,-0.42683999999999994,-0.063914,-0.018183,0.01226
526,3.002318,-1.309421,0.469817,0.035874,0.9660350000000001,0.25590799999999997,-0.214275,0.24425500000000003,-0.583817,-0.077072,-0.018922,0.012861000000000001
527,3.06577,-1.308267,0.531988,0.019659,0.9657370000000001,0.258778,-0.069333,0.051574,-0.742799,-0.1332,-0.038567000000000004,0.012355
528,3.1250009999999997,-1.309345,0.595438,0.004288,0.966016,0.258447,0.060057000000000006,-0.229667,-0.8526290000000001,-0.182084,-0.062085,0.008368
529,-3.101459,-1.3116139999999998,0.661822,-0.010283,0.9666,0.256083,0.160474,-0.433504,-0.8473940000000001,-0.165483,-0.059785000000000005,0.009038
530,-3.05252,-1.314863,0.7237210000000001,-0.022519,0.9674280000000001,0.252144,0.24018499999999998,-0.607949,-0.715222,-0.12425599999999999,-0.051397000000000005,-0.010689
531,-3.02222,-1.318502,0.770354,-0.029727999999999997,0.968342,0.24785,0.22633499999999998,-0.828354,-0.46400399999999997,0.033421,-0.009877,-0.017884999999999998
532,-3.017573,-1.320576,0.795359,-0.030631,0.968858,0.245716,0.070425,-1.06751,-0.195595,0.093314,0.004027,-0.00038500000000000003
533,-3.0372529999999998,-1.318575,0.799002,-0.025991000000000004,0.96836,0.24819899999999998,-0.199944,-1.1909969999999999,0.017387,0.219732,0.009193999999999999,0.084016
534,-3.067889,-1.3121260000000001,0.790928,-0.018836000000000002,0.9667309999999999,0.255101,-0.38219000000000003,-1.08091,0.084339,0.236213,-0.006693999999999999,0.09371499999999999
535,-3.090036,-1.305419,0.787309,-0.013516,0.964994,0.261925,-0.278223,-0.844349,-0.023128,0.18201900000000001,-0.035595999999999996,0.071373
536,-3.100414,-1.30291,0.791155,-0.010897,0.964333,0.264469,-0.02203,-0.614985,-0.061155999999999995,0.11268800000000001,-0.045799,0.026820999999999998
537,-3.103813,-1.305742,0.796849,-0.009895000000000001,0.9650780000000001,0.261775,0.235254,-0.35165100000000005,-0.070379,0.0857,-0.037985000000000005,-0.005763
538,-3.10341,-1.3125069999999999,0.802488,-0.009751000000000001,0.966828,0.255241,0.390457,-0.219115,-0.049169,0.074036,-0.034881999999999996,-0.008842000000000001
539,-3.106046,-1.3210879999999998,0.8048770000000001,-0.008783,0.968985,0.24696500000000002,0.43901999999999997,-0.277036,0.007861,0.027841,-0.031912,0.017149
540,-3.1157150000000002,-1.329458,0.801365,-0.006184,0.9710190000000001,0.23892199999999997,0.400037,-0.32409699999999997,0.088834,-0.002193,-0.043086,0.026978
541,-3.133741,-1.336735,0.790033,-0.0018210000000000001,0.9727319999999999,0.231923,0.33653099999999997,-0.373182,0.164297,-0.003275,-0.044693000000000004,0.02563
542,3.1260830000000004,-1.343005,0.77479,0.0035020000000000003,0.974167,0.2258,0.31157199999999996,-0.459412,0.17171,0.022147999999999998,-0.045594,0.04013
543,3.102394,-1.349466,0.7603300000000001,0.008603,0.975606,0.21935900000000003,0.334072,-0.47319799999999995,0.136634,0.027682,-0.019124000000000002,0.07373099999999999
544,3.082932,-1.356023,0.749143,0.012495000000000001,0.977025,0.21276,0.33038,-0.397341,0.08416799999999999,0.037645,0.002834,0.086267
545,3.0696369999999997,-1.362655,0.742683,0.014856,0.978417,0.206107,0.340619,-0.318293,0.021113,0.07108099999999999,0.101478,0.06795599999999999
546,3.064921,-1.36992,0.7430100000000001,0.015283000000000001,0.979892,0.198942,0.385247,-0.20413,-0.062042999999999994,0.057501,0.109173,0.083346
547,3.0706900000000004,-1.379772,0.751584,0.013451,0.9818100000000001,0.189388,0.556817,-0.103156,-0.153909,0.041573,0.085786,0.073689
548,3.086868,-1.393804,0.7698010000000001,0.009631,0.9843780000000001,0.175807,0.7664350000000001,-0.081149,-0.24434,-0.024065,0.029508,0.011098
549,3.117553,-1.4111879999999999,0.802325,0.0038200000000000005,0.98729,0.158886,0.88526,-0.067412,-0.319372,-0.06719,0.03569,-0.011776
550,-3.122026,-1.427641,0.8475469999999999,-0.002791,0.989771,0.14264000000000002,0.752099,-0.051917,-0.349164,-0.075044,0.042944,-0.006455
551,-3.073684,-1.438979,0.8985790000000001,-0.008919,0.991325,0.131133,0.47927200000000003,-0.174733,-0.301774,-0.015648,0.009408,0.004563
552,-3.034459,-1.445557,0.9444290000000001,-0.013356999999999999,0.992168,0.124196,0.294554,-0.384191,-0.24190799999999998,0.055044,-0.006923,0.020565
553,-3.00642,-1.450097,0.981477,-0.016225999999999997,0.992725,0.119308,0.24488400000000002,-0.445025,-0.170606,0.07599500000000001,-0.014147999999999999,0.055985
554,-2.987708,-1.45526,1.008501,-0.017669999999999998,0.993333,0.113917,0.307824,-0.366735,-0.09015,0.104126,-0.017778,0.088018
555,-2.975175,-1.462265,1.026857,-0.017943,0.994116,0.106821,0.387036,-0.23733400000000002,-0.018191,0.114317,0.007532,0.027395
556,-2.969712,-1.470609,1.0353510000000001,-0.017107,0.994985,0.09854600000000001,0.43749,-0.09717999999999999,0.053551999999999995,0.09186,0.010920000000000001,0.0037340000000000003
557,-2.972479,-1.4802629999999999,1.0333729999999999,-0.015216999999999998,0.9959049999999999,0.08912,0.5037550000000001,-0.014546000000000002,0.110525,0.035297,0.025763,-0.022118000000000002
558,-2.979921,-1.492008,1.0251350000000001,-0.012669,0.996898,0.07768,0.617073,0.068022,0.143258,-0.017452000000000002,0.029591000000000003,-0.073697
559,-2.992471,-1.505725,1.0109,-0.009661,0.997884,0.064304,0.697063,0.07939199999999999,0.160893,-0.028913,0.028651,-0.104984
560,-3.011315,-1.520463,0.991475,-0.006536,0.998734,0.049885000000000006,0.729748,-0.013375999999999999,0.154831,-0.029138999999999998,0.063782,-0.079822
561,-3.03733,-1.53511,0.967133,-0.003713,0.9993629999999999,0.035487,0.711242,-0.126107,0.123868,-0.037028,0.05981,-0.021281
562,-3.061662,-1.549086,0.946468,-0.0017329999999999997,0.999764,0.021637,0.680107,-0.21848099999999998,0.07463099999999999,-0.056922,0.011588,0.005478
563,-3.064202,-1.56218,0.948916,-0.000666,0.9999629999999999,0.008592,0.6373939999999999,-0.262927,0.03807,-0.023748,-0.036782,0.009535
564,0.027864999999999997,-1.5673139999999999,-2.237482,9.7e-05,0.999994,-0.00349,0.582123,-0.21268299999999998,0.041892,0.002329,-0.047281000000000004,0.005748
565,0.091897,-1.5562340000000001,-2.169885,0.001336,0.9998940000000001,-0.0145,0.533119,-0.16258,0.075669,0.060584000000000006,-0.062028,-0.006618000000000001
566,0.12848199999999999,-1.545855,-2.129604,0.003195,0.9996889999999999,-0.024733,0.5050359999999999,-0.20629099999999997,0.108643,0.08201,-0.036524,-0.023241
567,0.15746,-1.535344,-2.095688,0.005558,0.9993719999999999,-0.035005,0.522794,-0.26398499999999997,0.135547,0.044354000000000005,-0.0007599999999999999,-0.037351999999999996
568,0.180089,-1.524023,-2.0674509999999997,0.008375,0.998906,-0.046,0.5588270000000001,-0.29184899999999997,0.161468,0.028551,-0.010762,-0.03185
569,0.19731300000000002,-1.512073,-2.043991,0.011505,0.998276,-0.05755,0.582102,-0.31863,0.178757,0.032761,-0.027604000000000004,-0.025838999999999997
570,0.213056,-1.499932,-2.022234,0.014972,0.99749,-0.069204,0.573653,-0.275022,0.203211,0.07002,-0.034416,-0.018381
571,0.233925,-1.4881280000000001,-1.9961970000000002,0.019141,0.996585,-0.080325,0.542637,-0.248457,0.246757,0.09513300000000001,-0.009875,-0.005475
572,0.259626,-1.47658,-1.964994,0.024151,0.9955649999999999,-0.090924,0.511319,-0.292187,0.28718699999999997,0.080341,-0.00527,0.010388
573,0.2817,-1.4658799999999998,-1.93534,0.029112,0.994501,-0.100596,0.45532,-0.416595,0.278409,0.038957,-0.001948,0.008037
574,0.293458,-1.455951,-1.91451,0.033148000000000004,0.9934129999999999,-0.109694,0.44258500000000006,-0.450442,0.229226,0.012568000000000001,0.031948000000000004,-0.014726
575,0.292117,-1.4466629999999998,-1.907455,0.035656,0.9923049999999999,-0.11856900000000001,0.422947,-0.38402600000000003,0.154227,-0.00613,0.044423000000000004,-0.001807
576,0.2859,-1.438717,-1.907618,0.037141,0.99129,-0.126349,0.350245,-0.243968,0.090515,0.006529999999999999,0.021619,0.04415
577,0.313692,-1.437282,-1.8773520000000001,0.041076,0.9911,-0.126621,0.24649000000000001,-0.09114900000000001,0.059690999999999994,0.033493,0.011921,0.064671
578,0.311661,-1.432864,-1.877891,0.042162,0.990502,-0.13087200000000002,0.199534,-0.084632,0.068969,0.028609,0.008429,0.049817
579,0.300338,-1.429582,-1.8866610000000001,0.041638999999999995,0.9900459999999999,-0.134445,0.200298,-0.148564,0.072255,-0.057645,0.009802,-0.008087
580,0.294091,-1.425585,-1.88958,0.041944999999999996,0.989475,-0.138489,0.19192599999999999,-0.172792,0.011339,-0.082182,0.015499,-0.01123
581,0.278851,-1.422559,-1.902238,0.040652999999999995,0.9890329999999999,-0.14199,0.15741,-0.106273,-0.07658200000000001,-0.087666,0.016735,0.014166999999999999
582,0.25704099999999996,-1.420301,-1.921625,0.038114999999999996,0.9886969999999999,-0.145002,0.139268,-0.151837,-0.12151500000000001,-0.043745,0.004925,0.031004000000000004
583,0.232357,-1.418341,-1.9430009999999998,0.03497,0.988401,-0.147784,0.134939,-0.182646,-0.138598,-0.022504,0.015550999999999999,0.030261
584,0.207578,-1.4163270000000001,-1.964531,0.031708,0.988093,-0.150553,0.130743,-0.16559100000000002,-0.13758099999999998,-0.007935,0.019231,0.021738
585,0.18546300000000002,-1.414562,-1.9843560000000002,0.028693,0.98782,-0.15293099999999998,0.107517,-0.101631,-0.128211,-0.00023500000000000002,0.0070680000000000005,0.009361
586,0.167756,-1.413041,-2.000542,0.026231,0.987582,-0.154897,0.09250900000000001,-0.088911,-0.09949,-0.002718,0.0019199999999999998,0.012256999999999999
587,0.153845,-1.411406,-2.0122400000000003,0.024321000000000002,0.987324,-0.156842,0.099641,-0.133797,-0.069472,-0.028624,0.001689,-0.007968000000000001
588,0.140276,-1.409438,-2.022814,0.022463,0.98701,-0.15908,0.113371,-0.16685999999999998,-0.071471,-0.042832999999999996,0.006093,-0.012169
589,0.12476500000000001,-1.407263,-2.034714,0.02026,0.986658,-0.16153900000000002,0.12393,-0.20625300000000002,-0.086301,-0.050227999999999995,0.011770000000000001,-0.015249
590,0.098812,-1.405563,-2.056289,0.016225999999999997,0.9863799999999999,-0.16368,0.128091,-0.22227600000000003,-0.07877999999999999,-0.018607,0.011942,0.004241
591,0.085863,-1.403146,-2.064894,0.01431,0.98598,-0.166252,0.126871,-0.226652,-0.048873,-0.006406,0.009962,0.00933
592,0.076423,-1.400528,-2.0695930000000002,0.012937,0.9855389999999999,-0.168952,0.136228,-0.250245,-0.017799000000000002,0.01433,0.003749,0.0058200000000000005
593,0.069638,-1.397674,-2.071343,0.011986,0.985052,-0.17184100000000002,0.130827,-0.248164,-0.0007480000000000001,-0.008568000000000001,-0.00144,-0.0059700000000000005
594,0.061499,-1.394279,-2.074705,0.010793,0.984461,-0.175271,0.13081600000000002,-0.229079,0.021659,-0.007802,-0.002405,-0.009512999999999999
595,0.057370000000000004,-1.39067,-2.074344,0.010272,0.983821,-0.178859,0.129719,-0.21106799999999998,0.047264,-0.006854000000000001,-0.00043799999999999997,-0.011601
596,0.056598,-1.387159,-2.070853,0.010329999999999999,0.983186,-0.182314,0.130742,-0.20156500000000002,0.06755499999999999,-0.005721,-0.0018780000000000001,-0.012112999999999999
597,0.057988,-1.383738,-2.06568,0.010778,0.982556,-0.185657,0.131902,-0.170719,0.078205,-0.006109000000000001,-0.0014759999999999999,-0.007687
598,0.056124,-1.3810360000000002,-2.0641,0.010581,0.98205,-0.188327,0.11810699999999999,-0.148325,0.084485,-0.019736,0.001364,-0.001813
599,0.042813,-1.379165,-2.0745419999999997,0.008152,0.9816950000000001,-0.19028599999999998,0.096939,-0.09929500000000001,0.096012,-0.026539,0.013087,0.001916
600,0.042279000000000004,-1.377817,-2.073013,0.008106,0.9814370000000001,-0.19161199999999998,0.07774500000000001,-0.091792,0.101204,-0.032947000000000004,0.021172,0.003654
601,0.03926,-1.376654,-2.072588,0.007572,0.9812129999999999,-0.192777,0.066607,-0.19509,0.10232000000000001,-0.050082999999999996,0.031879000000000005,-0.011676
602,0.020434,-1.37532,-2.086647,0.0039689999999999994,0.9809549999999999,-0.194194,0.050910000000000004,-0.18521700000000002,0.044499000000000004,-0.038972,0.033754,-0.003804
603,0.019729,-1.375254,-2.0858630000000002,0.003833,0.980942,-0.194261,0.026276,-0.017685,-0.005026,-0.000171,0.004928,0.014375
604,0.018181,-1.3753309999999999,-2.086375,0.0035310000000000003,0.980957,-0.194191,0.003325,-0.09766799999999999,0.036575,-0.011618,-0.017669999999999998,0.000466
605,0.014643000000000002,-1.3744459999999998,-2.085717,0.002857,0.980785,-0.19507,0.019563999999999998,-0.249131,0.071063,-0.048129000000000005,0.02132,-0.028883999999999996
606,0.015429,-1.37376,-2.079303,0.00302,0.980651,-0.19574,0.037652,-0.275762,0.0552,-0.055373,0.047089,-0.032287
607,0.014822,-1.3728420000000001,-2.0744759999999998,0.002915,0.9804709999999999,-0.196643,0.048417,-0.266165,0.043512,-0.053101,0.06468,-0.035352
608,0.003941,-1.371553,-2.0795049999999997,0.00078,0.980217,-0.197926,0.033393,-0.291657,0.038093,-0.048783999999999994,0.030068,-0.009929
609,0.000825,-1.3712719999999998,-2.076675,0.000164,0.9801610000000001,-0.198203,-0.001713,-0.285078,0.021816,-0.070964,0.021823,0.004981
610,-0.016618,-1.371907,-2.089039,-0.003283,0.9802870000000001,-0.197554,-0.020461,-0.20927600000000002,-0.004058,-0.064283,0.028686,0.002027
611,-0.021436,-1.372299,-2.0906580000000003,-0.004227000000000001,0.9803639999999999,-0.197151,-0.024325,-0.135694,-0.020203,-0.010695999999999999,0.038327999999999994,0.017707
612,-0.023306,-1.3744450000000001,-2.090698,-0.004546,0.980785,-0.19503900000000002,-0.04969,-0.07491,-0.014048,0.009840999999999999,0.047947000000000004,0.023438999999999998
613,-0.025325,-1.375764,-2.092218,-0.004907,0.9810409999999999,-0.193736,-0.075978,0.010404,-0.014341,0.006845,0.036308,0.026317
614,-0.025948000000000002,-1.3776709999999999,-2.0945110000000002,-0.00498,0.981409,-0.19186199999999998,-0.10744300000000001,0.121342,-0.024317,-0.004542,0.02918,0.026762
615,-0.02688,-1.381259,-2.098811,-0.005064,0.982092,-0.188336,-0.1231,0.180064,-0.04373,0.0021030000000000003,0.020380000000000002,0.014294999999999999
616,-0.029389,-1.383742,-2.1045119999999997,-0.005465,0.982556,-0.185885,-0.12651099999999998,0.125776,-0.051162,0.005388,0.012088,0.007083
617,-0.03348,-1.386297,-2.110056,-0.006141,0.983028,-0.183352,-0.11841800000000001,0.039413,-0.039245,-0.0017170000000000002,-0.010218999999999999,0.00458
618,-0.037238,-1.388477,-2.114219,-0.00675,0.983426,-0.18118499999999998,-0.103645,0.009507999999999999,-0.032694,0.007742,-0.007657,-0.00134
619,-0.035003,-1.390388,-2.111976,-0.006279,0.98377,-0.179322,-0.08035700000000001,-0.020443,-0.021807,0.024651,-0.001303,0.001679
620,-0.037069,-1.391713,-2.113205,-0.006601999999999999,0.984007,-0.178005,-0.061402,-0.053570000000000007,0.0008,0.057276,-0.00099,0.0049700000000000005
621,-0.021240000000000002,-1.392584,-2.096362,-0.0037649999999999997,0.9841620000000001,-0.17723,-0.06586,-0.060091,0.037106,0.061138,-0.008865999999999999,-0.010483
622,-0.015903999999999998,-1.393805,-2.09008,-0.0028,0.9843780000000001,-0.176046,-0.055167999999999995,-0.024031999999999998,0.06811299999999999,0.069618,-0.015246000000000001,-0.01066
623,0.009909999999999999,-1.394198,-2.064633,0.001741,0.984447,-0.175673,-0.044331,0.038679000000000005,0.09375499999999999,0.066222,-0.012554000000000001,-0.012574
624,0.022562,-1.3950930000000001,-2.053092,0.003944,0.984604,-0.174756,-0.04956,0.07168300000000001,0.10329,0.059869000000000006,-0.009231,0.004591
625,0.035936,-1.396007,-2.04121,0.006248,0.9847629999999999,-0.173789,-0.043033999999999996,0.097236,0.10116699999999999,0.05262000000000001,-0.00047999999999999996,0.013236000000000001
626,0.062683,-1.396852,-2.017071,0.010841,0.9849100000000001,-0.172728,-0.035352,0.153635,0.10970099999999999,0.04496,0.007751000000000001,0.006331
627,0.079858,-1.397507,-2.003332,0.013755000000000002,0.985023,-0.171874,-0.046944,0.196244,0.12024800000000001,0.041711,0.01017,0.016936
628,0.106994,-1.399657,-1.980476,0.018187000000000002,0.985391,-0.16933199999999998,-0.059637,0.23246599999999998,0.130798,0.025896,0.009481999999999999,0.031011
629,0.132938,-1.401728,-1.958994,0.022303,0.985742,-0.16677899999999998,-0.065028,0.22076700000000002,0.130777,0.0007379999999999999,0.015128,0.024842
630,0.151447,-1.402535,-1.943807,0.025266,0.985877,-0.165552,-0.053551999999999995,0.144104,0.111728,-0.010556,0.019082,0.016962
631,0.165096,-1.403191,-1.9316659999999999,0.027417,0.9859870000000001,-0.164553,-0.046386000000000004,0.051502,0.086259,-0.024365,0.01618,0.011248000000000001
632,0.169304,-1.40457,-1.927373,0.027880000000000002,0.986216,-0.163096,-0.05191799999999999,-0.015497,0.062802,-0.019884,0.019658000000000002,0.011119
633,0.175976,-1.4054309999999999,-1.9201169999999999,0.028819,0.986358,-0.16207,-0.052937,-0.020756,0.046778,0.000906,0.022782,0.020682
634,0.182555,-1.40629,-1.913879,0.02973,0.986499,-0.161044,-0.052587,0.052765,0.042414,0.030298000000000002,0.008313,0.028918
635,0.202812,-1.4081629999999998,-1.896211,0.032614,0.9868040000000001,-0.158598,-0.061641999999999995,0.17636500000000002,0.043265,0.042368,0.015378,0.025557
636,0.22647199999999998,-1.4102620000000001,-1.8773799999999998,0.035892,0.987142,-0.155764,-0.081471,0.268079,0.035537,0.042339999999999996,0.019953,0.026537
637,0.237862,-1.412097,-1.872151,0.037237,0.987434,-0.153585,-0.107721,0.33539,0.008562,0.032069,0.020347999999999998,0.028783
638,0.248152,-1.414518,-1.8692529999999998,0.038228,0.9878129999999999,-0.150875,-0.130847,0.38989,-0.014102000000000002,0.019465,0.024867,0.025478999999999998
639,0.26357800000000003,-1.417969,-1.861964,0.039662,0.988345,-0.146976,-0.138256,0.406948,-0.010969,0.009959,0.013227000000000001,0.003437
640,0.27564099999999997,-1.420643,-1.857504,0.040713,0.988748,-0.14394300000000002,-0.137453,0.360026,0.0008470000000000001,0.010846,-0.0021149999999999997,0.001182
641,0.29041,-1.422816,-1.849002,0.042219,0.9890709999999999,-0.141267,-0.12180899999999999,0.288564,0.009595000000000001,0.0031609999999999997,-0.006695,-0.003188
642,0.301383,-1.424713,-1.8431279999999999,0.043209,0.9893489999999999,-0.139003,-0.095363,0.24264699999999997,0.014112000000000001,-0.004315,-0.005966,-0.006154
643,0.310691,-1.426313,-1.8381900000000002,0.044017,0.9895799999999999,-0.137087,-0.079523,0.212738,0.020669999999999997,0.00041600000000000003,-0.008212,0.0051600000000000005
644,0.32586,-1.4275950000000002,-1.8268389999999999,0.045686000000000004,0.989764,-0.135202,-0.067971,0.173279,0.021872,0.010619,0.003766,0.0038090000000000003
645,0.334163,-1.428667,-1.821268,0.046458,0.989917,-0.13381500000000002,-0.061799,0.12106300000000002,0.020913,0.009175,0.007245000000000001,0.0014449999999999999
646,0.358346,-1.429886,-1.799653,0.049257,0.990089,-0.131523,-0.044695,0.136953,0.028497,0.028105,0.004983,0.011284
647,0.378021,-1.430124,-1.7836029999999998,0.051748,0.990122,-0.13030899999999998,-0.056163,0.206198,0.037946,0.034647000000000004,0.0014089999999999999,0.000488
648,0.403906,-1.4307299999999998,-1.762348,0.05486799999999999,0.990207,-0.128375,-0.077419,0.23287,0.046314999999999995,0.043933,0.004392,0.006533
649,0.43039499999999997,-1.431722,-1.740118,0.057839,0.990345,-0.12598399999999998,-0.07009299999999999,0.201952,0.04641,0.035255,0.00935,0.020697999999999998
650,0.44405100000000003,-1.4323569999999999,-1.7307669999999997,0.059284,0.990433,-0.12461400000000002,-0.050717,0.23599,0.042229,0.020855000000000002,0.000778,0.013149000000000001
651,0.457276,-1.4329379999999998,-1.722519,0.060673000000000005,0.9905129999999999,-0.123303,-0.051664,0.258382,0.037920999999999996,0.027859,0.011044,0.021619
652,0.489972,-1.4335959999999999,-1.695026,0.064364,0.990603,-0.120679,-0.038885,0.25619899999999995,0.040157,0.029248000000000003,0.003629,0.016568
653,0.516366,-1.433732,-1.674246,0.06746,0.9906209999999999,-0.11882000000000001,-0.05575499999999999,0.296756,0.03572,0.022872,-0.00205,0.0061189999999999994
654,0.536852,-1.4344270000000001,-1.659819,0.06952799999999999,0.9907159999999999,-0.11682200000000001,-0.06426699999999999,0.302113,0.035655,0.018027,0.0058200000000000005,0.00911
655,0.557291,-1.435457,-1.6451639999999998,0.07136100000000001,0.990856,-0.11451099999999999,-0.061112,0.288271,0.031424,0.003437,0.0073290000000000004,0.008783
656,0.572172,-1.437068,-1.636274,0.072193,0.991072,-0.112094,-0.0652,0.31709499999999996,0.019607,-0.001575,0.023638,0.004215
657,0.586871,-1.438166,-1.62846,0.07322999999999999,0.991217,-0.110115,-0.070262,0.360858,0.002424,0.004116,0.023294,0.0021899999999999997
658,0.601683,-1.439415,-1.620925,0.074152,0.991382,-0.107998,-0.07445299999999999,0.363063,-0.012562,0.009756,0.014828000000000001,0.001125
659,0.619129,-1.4409020000000001,-1.610855,0.075169,0.991576,-0.105486,-0.073268,0.373841,-0.029671,0.011013,0.002382,0.00783
660,0.635899,-1.442709,-1.60161,0.075863,0.991808,-0.10277,-0.081761,0.374971,-0.038275,0.011981,0.008253,0.009370999999999999
661,0.6500779999999999,-1.4445709999999998,-1.595069,0.076195,0.992044,-0.100214,-0.092373,0.390975,-0.035164,0.012,0.009146,0.004495
662,0.6675770000000001,-1.446194,-1.5852600000000001,0.07694,0.9922469999999999,-0.0976,-0.10420499999999999,0.375015,-0.029883,0.013728,0.00818,-0.002269
663,0.6842229999999999,-1.44755,-1.575872,0.077703,0.9924149999999999,-0.095263,-0.087245,0.35894299999999996,-0.021197,0.019358,0.001253,-0.005094
664,0.697427,-1.4477440000000001,-1.570203,0.078831,0.992439,-0.094081,-0.066856,0.391864,-0.013616999999999999,0.010525,-0.006217,-0.019734
665,0.70668,-1.447519,-1.568524,0.079843,0.992411,-0.09351799999999999,-0.057408,0.365164,-0.0049689999999999995,0.007498,-0.004725,-0.021854
666,0.718009,-1.4477149999999999,-1.563613,0.08076900000000001,0.9924350000000001,-0.09246,-0.051399,0.295827,0.013322,0.0012929999999999999,0.010739,-0.0024649999999999997
667,0.73096,-1.448175,-1.555858,0.08165499999999999,0.992491,-0.091067,-0.047434,0.24789699999999998,0.026170999999999996,-0.00038700000000000003,0.010942,-0.001661
668,0.7443569999999999,-1.448451,-1.547102,0.082683,0.992525,-0.089764,-0.045377,0.22978400000000002,0.025141,0.003346,0.009871,-0.0018800000000000002
669,0.756259,-1.44846,-1.539668,0.083739,0.992526,-0.088767,-0.036856,0.22549699999999998,0.024138,0.0019089999999999999,0.000653,-0.006067
670,0.7664949999999999,-1.4484219999999999,-1.533862,0.08466900000000001,0.9925219999999999,-0.08793200000000001,-0.021958000000000002,0.220106,0.027454000000000003,0.000612,-0.000868,-0.0037119999999999996
671,0.7774399999999999,-1.448438,-1.5270780000000002,0.085615,0.992524,-0.086988,-0.027382999999999998,0.209434,0.037043,-0.0057350000000000005,0.010345,0.00923
672,0.792079,-1.449054,-1.516712,0.08644500000000001,0.992598,-0.085297,-0.045493,0.21801199999999998,0.039041,-0.004841,0.016267,0.009812000000000001
673,0.806956,-1.4495209999999998,-1.505854,0.087369,0.992655,-0.08368099999999999,-0.053029,0.193575,0.029406,-0.002606,0.012472,0.006212
674,0.818625,-1.450132,-1.497585,0.087896,0.9927290000000001,-0.082241,-0.041404,0.159484,0.019916,-0.011587,0.015557,0.002315
675,0.822247,-1.450941,-1.496793,0.08760599999999999,0.992826,-0.081376,-0.032913,0.14244,0.012517,-0.016163999999999998,0.016802,-0.005843
676,0.82785,-1.451433,-1.4940879999999999,0.0877,0.992885,-0.080553,-0.033907,0.153118,0.007154000000000001,-0.012565999999999999,0.003743,-0.003965
677,0.834195,-1.452041,-1.49058,0.087762,0.992957,-0.079589,-0.033979,0.135017,0.00504,-0.012597,0.002343,0.004424
678,0.843675,-1.4536850000000001,-1.483285,0.087293,0.99315,-0.077669,-0.031017000000000003,0.088114,0.010459,-0.010114,0.006651000000000001,0.016283000000000002
679,0.8513709999999999,-1.454357,-1.476443,0.087386,0.9932290000000001,-0.076554,-0.032425999999999996,0.017789,0.015880000000000002,-0.009825,0.005718,0.016145
680,0.857858,-1.455347,-1.469702,0.087137,0.993343,-0.075343,-0.034710000000000005,-0.022653,0.008437,-0.009897,0.00594,0.008586
681,0.8586969999999999,-1.456046,-1.468422,0.086675,0.993423,-0.074817,-0.042101,-0.008765,0.005161,-0.005529,0.011627,-0.012692
682,0.863129,-1.456307,-1.464138,0.08680800000000001,0.993453,-0.074262,-0.045186000000000004,0.018934,0.007240000000000001,0.00058,0.006852,-0.015916999999999997
683,0.868663,-1.455945,-1.458833,0.087493,0.9934120000000001,-0.074014,-0.03673,0.0061,0.012657999999999999,0.014116,0.009854,-0.010870999999999999
684,0.881733,-1.455514,-1.445383,0.088783,0.9933620000000001,-0.073136,-0.031608,-0.037607,0.015958,0.010537000000000001,0.005203,0.009064000000000001
685,0.8883909999999999,-1.455678,-1.43757,0.089142,0.993381,-0.07244099999999999,-0.031714,-0.064226,0.012787,0.0074010000000000005,0.005764,0.007759
686,0.8928590000000001,-1.455867,-1.431873,0.089318,0.993403,-0.071923,-0.028464999999999997,-0.052523,0.013863,0.001152,0.000982,-0.0033020000000000002
687,0.8974129999999999,-1.455927,-1.426467,0.089598,0.99341,-0.071479,-0.025217,-0.036577,0.019207,0.005403,0.0007160000000000001,-0.004952000000000001
688,0.905863,-1.4552260000000001,-1.417035,0.09074600000000001,0.9933290000000001,-0.071149,-0.032809,-0.055759,0.027726,0.014097,-0.000715,-0.0032840000000000005
689,0.9131549999999999,-1.455196,-1.408291,0.09128700000000001,0.993326,-0.070504,-0.033991,-0.07283400000000001,0.036286,-0.00025299999999999997,0.004477,0.0018239999999999999
690,0.917851,-1.455123,-1.401979,0.091674,0.993317,-0.070118,-0.02336,-0.082454,0.035302999999999994,-0.009384,0.005035,-0.002651
691,0.918801,-1.45502,-1.3989610000000001,0.091822,0.9933049999999999,-0.07009299999999999,-0.010716,-0.11871300000000001,0.034369,-0.007197,0.0051990000000000005,-0.003057
692,0.918877,-1.4545649999999999,-1.3960350000000001,0.092187,0.993253,-0.070361,-0.008768999999999999,-0.15920499999999999,0.035502,-0.004907,0.0031609999999999997,-0.007017
693,0.920106,-1.4542469999999998,-1.3914549999999999,0.092524,0.993216,-0.070438,-0.010917,-0.163454,0.034424,-0.0047409999999999996,0.005304,0.000538
694,0.921824,-1.45387,-1.386503,0.092944,0.9931719999999999,-0.070505,-0.0077069999999999994,-0.154969,0.040844,-0.002947,0.010643000000000001,0.0063880000000000004
695,0.926264,-1.453449,-1.378718,0.09358999999999999,0.993123,-0.070344,-0.007812999999999999,-0.17522100000000002,0.044074,0.0023420000000000003,0.006252000000000001,0.008423
696,0.9302879999999999,-1.452978,-1.370858,0.094247,0.993067,-0.070246,-0.012197,-0.20183299999999998,0.04301,0.001532,-0.004161,0.009623
697,0.932449,-1.452418,-1.3644399999999999,0.094846,0.993001,-0.070373,-0.004787,-0.21358200000000002,0.044145,0.000797,-0.004644,2.9999999999999997e-05
698,0.931953,-1.451239,-1.36051,0.09575,0.9928620000000001,-0.071118,0.001558,-0.220021,0.050608,0.011961,0.006345,-0.012485
699,0.9317549999999999,-1.4498469999999999,-1.356027,0.096845,0.9926950000000001,-0.071961,0.006788,-0.241353,0.052809,0.015658000000000002,0.004437,-0.010955
700,0.9307059999999999,-1.44832,-1.3519219999999998,0.097986,0.992509,-0.072969,0.012042,-0.261604,0.050737,0.0185,0.00183,-0.013243000000000001
701,0.931515,-1.446184,-1.3459510000000001,0.099746,0.992246,-0.074154,0.021669,-0.26055500000000004,0.046534,0.024613,-0.00073,-0.003819
702,0.9331440000000001,-1.443866,-1.33902,0.101714,0.9919549999999999,-0.07536,0.026931999999999998,-0.27124699999999996,0.05193,0.030747000000000003,0.010227,-0.003543
703,0.931701,-1.442126,-1.335069,0.10299100000000001,0.991733,-0.076537,0.029046,-0.271271,0.056219000000000005,0.027563,0.010876,-0.0023510000000000002
704,0.929565,-1.439609,-1.331812,0.104827,0.9914069999999999,-0.078249,0.034416,-0.264894,0.055184000000000004,0.025422,0.007692,-0.011212999999999999
705,0.927675,-1.4370100000000001,-1.328335,0.106741,0.991064,-0.079992,0.036489,-0.273445,0.060555,0.026133,0.009012000000000001,-0.008966
706,0.926367,-1.435195,-1.324325,0.108073,0.99082,-0.081212,0.029093,-0.2585,0.05941799999999999,0.027776,0.010751,0.004521
707,0.931707,-1.4333,-1.3143559999999999,0.11001300000000001,0.990562,-0.081754,0.023977000000000002,-0.215844,0.052922000000000004,0.025867,0.005928,0.011090000000000001
708,0.933931,-1.432013,-1.308378,0.11121900000000001,0.9903850000000001,-0.08226699999999999,0.022053,-0.175331,0.046449000000000004,0.025149,0.008196,0.015265
709,0.940154,-1.431214,-1.298832,0.11236700000000001,0.990274,-0.082039,0.010372,-0.168871,0.039952,0.010695,0.022177000000000002,0.020577
710,0.9453219999999999,-1.431489,-1.290375,0.11257,0.9903120000000001,-0.081298,0.0029530000000000003,-0.163492,0.033483,-0.009054000000000001,0.024306,0.02568
711,0.9486120000000001,-1.433068,-1.2841989999999999,0.11156600000000001,0.9905299999999999,-0.08001599999999999,-0.00221,-0.131484,0.025923,-0.021263999999999998,0.008356,0.01863
712,0.9482229999999999,-1.433375,-1.2822770000000001,0.11128800000000001,0.9905729999999999,-0.07988200000000001,-0.0031190000000000002,-0.10799700000000001,0.014135,-0.020391,0.004194,0.014499000000000001
713,0.945055,-1.434172,-1.2832379999999999,0.110394,0.9906809999999999,-0.07977200000000001,0.001181,-0.112225,0.0024170000000000003,-0.017559,0.011348,0.005797
714,0.939651,-1.435175,-1.286345,0.10915899999999999,0.9908170000000001,-0.07978099999999999,-0.005193,-0.114299,-0.006175,-0.022213999999999998,0.014691,0.0036090000000000002
715,0.936185,-1.436185,-1.287598,0.108076,0.9909540000000001,-0.079566,-0.021134,-0.10676,-0.012707,-0.030302,0.00543,0.007651000000000001
716,0.9369049999999999,-1.436792,-1.284794,0.10764800000000001,0.991035,-0.07913099999999999,-0.039245999999999996,-0.10137,-0.012841,-0.043866,0.005868,0.0065450000000000005
717,0.938717,-1.4374129999999998,-1.280957,0.107295,0.991118,-0.078573,-0.036055000000000004,-0.099268,-0.008548,-0.044291000000000004,0.015383,-0.0017800000000000001
718,0.933484,-1.4385,-1.2839040000000002,0.10601700000000001,0.9912620000000001,-0.07849199999999999,-0.024447999999999998,-0.12276600000000001,-0.0030989999999999998,-0.039092,0.014063999999999998,-0.012175
719,0.92748,-1.439123,-1.2867030000000002,0.105049,0.991344,-0.07875599999999999,-0.023691999999999998,-0.17821900000000002,0.010860999999999999,-0.032615,0.0055439999999999994,-0.017282
720,0.908909,-1.440811,-1.301081,0.102248,0.9915639999999999,-0.079665,-0.022818,-0.20598400000000003,0.026916000000000002,-0.043868,0.002745,-0.011323
721,0.904718,-1.441182,-1.301059,0.101624,0.991612,-0.07986599999999999,-0.019729,-0.20389300000000002,0.047097,-0.045594,-0.004429,-0.008162
722,0.9016649999999999,-1.4413200000000002,-1.299778,0.101273,0.9916299999999999,-0.080091,-0.012347,-0.21885,0.051437000000000004,-0.036926,-0.0038060000000000004,-0.001285
723,0.897978,-1.441819,-1.298575,0.10059,0.9916940000000001,-0.08015499999999999,-0.011448,-0.25401599999999996,0.05362000000000001,-0.02483,0.00852,0.005539
724,0.8990870000000001,-1.441682,-1.292008,0.100785,0.991676,-0.08012799999999999,-0.011526,-0.27424299999999996,0.05044,-0.015427000000000001,0.012505,0.013005000000000001
725,0.899109,-1.441499,-1.286594,0.10092899999999999,0.9916530000000001,-0.080239,-0.002884,-0.26355,0.035487,-0.006508,-0.000808,0.011773
726,0.902385,-1.441446,-1.278083,0.101232,0.9916459999999999,-0.07994,0.004647999999999999,-0.265638,0.018452,0.008005,-0.001152,0.012161
727,0.9013479999999999,-1.4410450000000001,-1.273708,0.101462,0.9915940000000001,-0.080292,0.008886,-0.27310500000000004,0.017424000000000002,0.014047,0.008208,0.014527000000000002
728,0.9011299999999999,-1.440533,-1.268635,0.101842,0.9915280000000001,-0.08062899999999999,0.0036030000000000003,-0.259247,0.019507,0.020931,0.030292000000000003,0.011247
729,0.897956,-1.440185,-1.26686,0.101855,0.991482,-0.08116699999999999,-0.000593,-0.24006999999999998,0.022657,0.032056,0.026813,0.006002
730,0.895817,-1.439741,-1.264566,0.102024,0.991425,-0.08165900000000001,0.006995,-0.207098,0.029077,0.038341,-0.000259,0.006327
731,0.898731,-1.438401,-1.2580040000000001,0.103302,0.9912479999999999,-0.08219,0.023136,-0.172017,0.033421,0.033554,-0.004554,0.007864
732,0.8962530000000001,-1.437516,-1.257312,0.10378299999999999,0.991131,-0.082993,0.025347,-0.14861400000000002,0.039816000000000004,0.025490000000000002,0.019778999999999998,0.013580000000000002
733,0.894861,-1.436742,-1.256117,0.10426600000000001,0.991028,-0.083617,0.011679,-0.113373,0.030061,0.017789,0.02745,0.015899
734,0.901374,-1.436328,-1.24799,0.10513,0.990973,-0.083191,-0.0029620000000000002,-0.06955599999999999,0.0074719999999999995,0.013980000000000001,0.020059,0.002853
735,0.901862,-1.436217,-1.246413,0.10525699999999999,0.990958,-0.083208,-0.008119,-0.048159,-0.01075,0.012511,0.012277,-0.002455
736,0.9013399999999999,-1.436337,-1.246202,0.10512,0.990974,-0.083189,-0.018643,-0.029957,-0.024733,0.012419,0.010491,-0.007174
737,0.901194,-1.436642,-1.2459280000000001,0.104871,0.991015,-0.083017,-0.032392000000000004,-0.01707,-0.038731,0.015916999999999997,0.003462,-0.011176
738,0.902676,-1.437447,-1.244158,0.104368,0.991122,-0.082367,-0.042993,-0.011668000000000001,-0.048424,0.0057090000000000005,0.0075959999999999995,-0.000824
739,0.90302,-1.4388319999999999,-1.243967,0.10331800000000001,0.9913049999999999,-0.081481,-0.042802,0.020333,-0.059146000000000004,0.00328,0.012952000000000002,-0.001008
740,0.9002829999999999,-1.4399309999999998,-1.247493,0.102241,0.991449,-0.081086,-0.039432,0.050179,-0.066638,0.0073019999999999995,0.019262,-0.011458
741,0.8998360000000001,-1.4410610000000001,-1.248945,0.101327,0.9915959999999999,-0.08043600000000001,-0.046908,0.045952999999999994,-0.06882,0.01676,0.013622,-0.013543000000000001
742,0.9011459999999999,-1.442005,-1.248353,0.100699,0.991718,-0.079722,-0.059777,0.031083999999999997,-0.06888899999999999,0.026026,0.003689,-0.017065
743,0.9025549999999999,-1.4423110000000001,-1.247595,0.100573,0.991757,-0.07939199999999999,-0.065065,0.036446,-0.073201,0.021467,0.000171,-0.017258000000000003
744,0.904291,-1.443119,-1.246632,0.10008,0.9918600000000001,-0.078721,-0.072531,0.039655,-0.07005,0.014513999999999999,-0.008508,-0.012313
745,0.9086700000000001,-1.4446430000000001,-1.243096,0.099232,0.9920530000000001,-0.07735299999999999,-0.077855,0.04817,-0.063688,0.015804,-0.004749000000000001,-0.009698
746,0.9167719999999999,-1.4454049999999998,-1.236259,0.099256,0.992149,-0.076087,-0.063937,0.071507,-0.050798,0.021655,-0.001685,-0.004632
747,0.925984,-1.4456870000000002,-1.228594,0.099728,0.9921840000000001,-0.075001,-0.053311000000000004,0.07992,-0.032572000000000004,0.020328,-0.0036130000000000003,-0.003689
748,0.932858,-1.446191,-1.2232180000000001,0.09984,0.9922469999999999,-0.074016,-0.035285000000000004,0.07127,-0.01641,0.018462,-0.000227,-0.001332
749,0.936509,-1.446649,-1.220646,0.099744,0.9923040000000001,-0.073382,-0.000362,0.042249,0.018054,-0.014096000000000001,-0.008112000000000001,0.006640000000000001
750,0.9341299999999999,-1.44757,-1.223678,0.098833,0.992417,-0.073075,0.023007,0.031468,0.029976,-0.034792000000000003,9.1e-05,0.012208
751,0.935399,-1.4467649999999999,-1.2227270000000001,0.099569,0.992318,-0.073423,0.013266,0.006975,0.036349,-0.043142,0.008459999999999999,0.010099
752,0.9376030000000001,-1.446233,-1.2202879999999998,0.10015700000000001,0.992252,-0.073517,0.000392,-0.021691,0.023477,-0.053571,0.019986,0.010681
753,0.934255,-1.447323,-1.2227569999999999,0.09904,0.9923870000000001,-0.07320800000000001,-0.004991,-0.053545,0.002112,-0.041697000000000005,0.012511,0.010403
754,0.9315399999999999,-1.447567,-1.224082,0.098646,0.992417,-0.07333200000000001,0.001424,-0.075836,-0.023452,-0.02928,0.011825,0.014296000000000001
755,0.9267120000000001,-1.449014,-1.227494,0.097143,0.9925940000000001,-0.072946,-0.008059,-0.067208,-0.041692,-0.024343,0.012274,0.021524
756,0.925688,-1.451021,-1.227398,0.095476,0.992835,-0.07184700000000001,-0.017558,-0.049043,-0.047125,-0.02376,0.02253,0.033089999999999994
757,0.9231209999999999,-1.452015,-1.229344,0.09450399999999999,0.9929540000000001,-0.071497,-0.021706,-0.021335,-0.046120999999999995,-0.021689,0.017178,0.031488
758,0.9272889999999999,-1.454336,-1.225131,0.09295700000000001,0.993226,-0.069719,-0.018466999999999997,0.0052179999999999995,-0.029044,-0.013215000000000001,0.009261,0.021821
759,0.9290719999999999,-1.456007,-1.223568,0.091752,0.993419,-0.06856,-0.015327,0.010461,-0.010872,-0.010438,-0.000118,0.003038
760,0.928738,-1.456424,-1.2237879999999999,0.091397,0.993467,-0.068342,-0.014437,-0.017287,0.0009199999999999999,-0.0117,0.00159,-0.002291
761,0.926573,-1.456708,-1.224997,0.09102400000000001,0.993499,-0.068371,-0.006093,-0.060988,-3.6e-05,-0.01119,0.003999,-0.004994
762,0.92025,-1.457215,-1.2298959999999999,0.090188,0.993557,-0.068639,0.009857,-0.071701,0.001155,-0.014138999999999999,0.006611,0.000509
763,0.91448,-1.457561,-1.234145,0.089519,0.9935959999999999,-0.068949,0.014115,-0.081273,-0.006282,-0.018199,0.014353999999999999,0.003779
764,0.9093200000000001,-1.458101,-1.237509,0.088738,0.993657,-0.06907999999999999,0.0044740000000000005,-0.097189,-0.013808,-0.014153,0.016231,0.011904999999999999
765,0.9063110000000001,-1.4592459999999998,-1.2384600000000001,0.087634,0.993785,-0.068645,-0.002996,-0.10565,-0.022397,-0.009311,0.01093,0.012462
766,0.905709,-1.460061,-1.2373379999999998,0.08695599999999999,0.993875,-0.06819800000000001,-0.008145,-0.070452,-0.028888,-0.001491,0.006673999999999999,0.018226
767,0.9060549999999999,-1.460857,-1.23638,0.08635599999999999,0.9939629999999999,-0.06767999999999999,-0.006802,-0.011853,-0.032158,0.006325,0.0037939999999999996,0.013481
768,0.9135639999999999,-1.460867,-1.229136,0.086855,0.993964,-0.067024,-0.009855,0.019059,-0.034351,0.017805,0.002527,0.003486
769,0.914802,-1.461148,-1.2285409999999999,0.086716,0.9939950000000001,-0.066746,-0.007640000000000001,0.038222000000000006,-0.033291,0.020156,-0.00040300000000000004,0.000981
770,0.9176270000000001,-1.460917,-1.226703,0.087086,0.9939690000000001,-0.06663999999999999,0.004105,0.051983,-0.021473,0.016201,0.000919,-0.000377
771,0.920583,-1.460027,-1.224825,0.087988,0.993871,-0.06691799999999999,0.000848,0.048760000000000005,-0.011873,0.017252,0.03271,-0.008186
772,0.9221280000000001,-1.459893,-1.224241,0.088197,0.993856,-0.066863,-0.009794,0.048780000000000004,-0.011045999999999999,0.012953999999999999,0.024454,-0.007677
773,0.92443,-1.4597209999999998,-1.223049,0.088487,0.9938370000000001,-0.066762,-0.019328,0.058422,-0.016464,0.013732,0.015608000000000002,-0.010218999999999999
774,0.9251950000000001,-1.459082,-1.223549,0.089046,0.993766,-0.067077,-0.0063939999999999995,0.055310000000000005,-0.048412000000000004,0.016835,-0.030494,-0.0065769999999999995
775,0.92163,-1.459354,-1.227494,0.08859,0.9937969999999999,-0.06723,0.009308,-0.001248,-0.037547000000000004,0.015413999999999999,-0.021476,-0.002564
776,0.917667,-1.459168,-1.2316690000000001,0.088469,0.993776,-0.06769299999999999,0.025378,0.035891,-0.015047999999999999,6.2e-05,-1.7e-05,0.005315
777,0.9134979999999999,-1.45939,-1.237831,0.088012,0.993801,-0.067927,-0.006311,0.128592,0.007043000000000001,-0.016097999999999998,0.011097,-0.017537999999999998
778,0.9130309999999999,-1.459307,-1.2406540000000001,0.088045,0.993792,-0.068017,-0.009658,0.104067,0.015595,-0.017731999999999998,-0.0025039999999999997,-0.022588999999999998
779,0.908675,-1.459211,-1.246259,0.087823,0.9937809999999999,-0.068459,0.009331,0.044392,0.004052,-0.020531999999999998,0.0011380000000000001,-0.020439
780,0.906954,-1.459286,-1.248667,0.087647,0.9937889999999999,-0.068565,0.005121,0.032787000000000004,-0.020531999999999998,-0.017915,0.010971999999999999,-0.023369
781,0.9004469999999999,-1.45956,-1.255843,0.08698600000000001,0.99382,-0.068964,0.005195,0.036034,-0.033354,-0.003093,0.011857,-0.015463
782,0.8952690000000001,-1.4594790000000002,-1.2617969999999998,0.08669099999999999,0.9938110000000001,-0.069464,0.010492,0.035982,-0.024771,0.006312,0.002543,-0.005487
783,0.890901,-1.459314,-1.266584,0.086514,0.993792,-0.06994600000000001,0.027361,0.011340000000000001,-0.004325,0.00307,0.008176000000000001,-0.0034189999999999997
784,0.8868229999999999,-1.458975,-1.270799,0.086488,0.9937549999999999,-0.07051,0.029480000000000003,0.012381,-3.9e-05,-0.0010539999999999998,0.00266,0.000487
785,0.8860979999999999,-1.458789,-1.272285,0.08658099999999999,0.993734,-0.07069,0.017854,0.049655,0.012651,-0.004519,0.0037939999999999996,0.006923
786,0.891547,-1.458792,-1.2680200000000001,0.086962,0.993734,-0.070215,0.014647,0.057089999999999995,0.021164,0.002454,0.020028999999999998,0.011927
787,0.893817,-1.458393,-1.266672,0.087431,0.9936889999999999,-0.070266,0.027347000000000003,0.037857,0.024482,-0.001112,0.020929,0.010726000000000001
788,0.887861,-1.4593129999999999,-1.273107,0.086301,0.993792,-0.07020900000000001,0.019809999999999998,0.018726,0.020176,-0.041685,-0.008303,0.008624
789,0.882699,-1.459849,-1.278419,0.085526,0.9938520000000001,-0.070315,0.013332,0.005947999999999999,0.024416,-0.045716,-0.007234,0.007951999999999999
790,0.877908,-1.460304,-1.28331,0.084841,0.9939020000000001,-0.070435,0.006920999999999999,0.004901,0.025437,-0.039034,0.005091,-0.0015710000000000001
791,0.8722129999999999,-1.4608430000000001,-1.28861,0.084027,0.9939610000000001,-0.070572,0.008925,-0.032357,0.016949000000000002,-0.014554,0.027111,-0.000503
792,0.8693299999999999,-1.460799,-1.290389,0.083858,0.993956,-0.07084299999999999,0.022698,-0.065381,0.005336,-0.009654000000000001,0.004472,0.005886
793,0.8595209999999999,-1.461188,-1.298809,0.082865,0.993999,-0.071409,0.025889,-0.067523,0.005358,-0.020365,-0.002636,-0.000414
794,0.851384,-1.461466,-1.30545,0.08207300000000001,0.994029,-0.071899,0.015147999999999998,-0.08240399999999999,0.006368,-0.010662,0.016224000000000002,-0.0008699999999999999
795,0.851836,-1.461147,-1.303016,0.082345,0.993994,-0.07207100000000001,0.009693,-0.107956,0.007431999999999999,0.012412000000000001,0.018899000000000003,0.0069310000000000005
796,0.859617,-1.4602600000000001,-1.293211,0.083571,0.9938969999999999,-0.072003,0.007592,-0.09836900000000001,0.009545,0.024705,-0.008270999999999999,0.008237000000000001
797,0.863245,-1.459668,-1.287806,0.08427899999999999,0.9938319999999999,-0.07208200000000001,0.003353,-0.088779,0.012709999999999999,0.018992,-0.005932,0.00235
798,0.862527,-1.4593770000000001,-1.286672,0.08444700000000001,0.993799,-0.07233099999999999,0.005453,-0.09412100000000001,0.014868000000000001,-0.0032090000000000005,0.025061,0.007969
799,0.863025,-1.4596850000000001,-1.284451,0.08425,0.993833,-0.07209,-0.005078,-0.080167,-0.002316,-0.0053170000000000005,0.028963,0.012916
800,0.868818,-1.461171,-1.277242,0.083538,0.9939969999999999,-0.070646,-0.012383,-0.074687,-0.034421,0.0017579999999999998,0.013129,0.029966000000000003
801,0.885285,-1.463451,-1.259039,0.082936,0.994244,-0.067827,-0.011369,-0.10443699999999999,-0.05467,0.005122,0.005787,0.035951
802,0.883598,-1.464965,-1.25889,0.08165800000000001,0.9944049999999999,-0.067012,-0.012304,-0.084155,-0.064317,0.004875,0.025447,0.030772000000000004
803,0.8767149999999999,-1.466493,-1.264292,0.080026,0.9945649999999999,-0.066599,-0.036694,-0.074387,-0.088,0.008643000000000001,0.046572,0.032282
804,0.8781950000000001,-1.4694909999999999,-1.261149,0.07783,0.994873,-0.064577,-0.054768,-0.095484,-0.124419,0.006398,0.019074,0.046053
805,0.865992,-1.4724899999999999,-1.271479,0.074763,0.995172,-0.063588,-0.0578,-0.093202,-0.159694,-0.012431000000000001,-0.004739,0.058202
806,0.851764,-1.476121,-1.28385,0.071132,0.9955219999999999,-0.062265999999999995,-0.08655299999999999,-0.103664,-0.182314,-0.030513,0.012169,0.057016
807,0.8444280000000001,-1.4822819999999999,-1.288891,0.066086,0.996085,-0.058711,-0.121775,-0.120525,-0.197498,-0.036483999999999996,0.03814,0.056346
808,0.832683,-1.4872459999999998,-1.298775,0.061734000000000004,0.9965120000000001,-0.056155,-0.138488,-0.074566,-0.22346300000000002,-0.032269,0.028085000000000002,0.037051
809,0.8148380000000001,-1.492532,-1.315861,0.056888,0.9969389999999999,-0.053634,-0.117906,-0.029798,-0.247946,-0.015858,-0.0018059999999999999,0.016662
810,0.784629,-1.496977,-1.344916,0.052111000000000005,0.9972770000000001,-0.052190999999999994,-0.048977,-0.094071,-0.21854,0.000487,-0.007958,-0.001947
811,0.744931,-1.499131,-1.3808559999999999,0.048541,0.997433,-0.052638,0.046995,-0.260915,-0.136471,-0.011752,0.026981,-0.0065969999999999996
812,0.7049850000000001,-1.499316,-1.413108,0.046282,0.9974459999999999,-0.05439600000000001,0.07029099999999999,-0.469,-0.067676,-0.019396,0.090521,0.008772
813,0.673995,-1.499231,-1.432875,0.044627,0.99744,-0.055869,0.063108,-0.602297,-0.026964,-0.007899,0.029002999999999998,-0.02459
814,0.636837,-1.4985600000000001,-1.45779,0.042918,0.9973920000000001,-0.058026,0.095234,-0.619278,-0.070515,-0.000254,0.002715,-0.06995
815,0.564476,-1.495002,-1.516656,0.040510000000000004,0.997129,-0.063976,0.197157,-0.74316,-0.081393,0.011935,-0.059949,-0.159611
816,0.49923999999999996,-1.490915,-1.562402,0.038202999999999994,0.9968110000000001,-0.07005800000000001,0.296415,-1.16129,-0.032094,0.020756,-0.04245,-0.190486
817,0.435029,-1.4847620000000001,-1.5988129999999998,0.036213,0.996301,-0.077925,0.372646,-1.474962,0.022251,0.11521500000000001,-0.028756999999999998,-0.17413499999999998
818,0.37940300000000005,-1.476859,-1.627485,0.03474,0.995591,-0.087129,0.43026400000000004,-1.211077,0.047952999999999996,0.21731999999999999,-0.118073,-0.126433
819,0.342875,-1.468485,-1.646239,0.034337,0.994771,-0.096187,0.423886,-0.709397,0.069698,0.291713,-0.164708,-0.019398
820,0.323491,-1.45964,-1.656616,0.035262,0.993828,-0.105174,0.441471,-0.31759699999999996,0.109911,0.333818,-0.120278,0.070155
821,0.32113200000000003,-1.4507649999999999,-1.6567349999999998,0.037795999999999996,0.9928049999999999,-0.113622,0.39910500000000004,0.027544,0.148697,0.291153,-0.077461,0.083425
822,0.33071999999999996,-1.443373,-1.6535360000000001,0.041266000000000004,0.991893,-0.12019200000000001,0.29891999999999996,0.502034,0.124957,0.184305,-0.070262,0.007689
823,0.348566,-1.439217,-1.6507459999999998,0.044812,0.9913559999999999,-0.12330999999999999,0.117424,0.871532,0.054730999999999995,0.141498,-0.036659,-0.00851
824,0.36632,-1.438849,-1.6510599999999998,0.047124,0.9913069999999999,-0.12283599999999999,-0.027386,0.87123,-0.010373,0.047694,0.203166,-0.008389
825,0.379533,-1.4390020000000001,-1.6517279999999999,0.048687,0.9913280000000001,-0.12206199999999999,0.033158999999999994,0.5780529999999999,-0.006370000000000001,-0.034512,0.35024,-0.000588
826,0.37982,-1.4375879999999999,-1.6607029999999998,0.049242,0.9911409999999999,-0.123349,0.10948,0.42456099999999997,-0.049437,-0.140764,0.110345,-0.014376
827,0.36741799999999997,-1.435832,-1.6805459999999999,0.048333,0.990906,-0.125574,0.131634,0.299063,-0.119624,-0.155862,-0.046508999999999995,-0.093252
828,0.341491,-1.434589,-1.708996,0.045474,0.9907379999999999,-0.127946,0.128384,-0.004308,-0.174806,-0.11789200000000001,-0.090943,-0.11770499999999999
829,0.306596,-1.432974,-1.740832,0.041464999999999995,0.990518,-0.13097899999999998,0.15292,-0.24619499999999997,-0.178597,-0.051017,-0.072076,-0.082232
830,0.27192,-1.430959,-1.769914,0.037435,0.990239,-0.13426,0.15255,-0.30487800000000004,-0.155024,0.044764,-0.0029649999999999998,0.014601
831,0.23992399999999997,-1.428587,-1.795231,0.033679,0.9899049999999999,-0.13767000000000001,0.169194,-0.381709,-0.136649,0.06825,0.023583,0.05245
832,0.20946399999999998,-1.4255360000000001,-1.818427,0.030099,0.989468,-0.141586,0.19173199999999999,-0.336045,-0.120527,0.06188099999999999,0.017749,0.051193
833,0.188804,-1.422491,-1.835904,0.027732999999999997,0.989023,-0.145136,0.15436,-0.062312,-0.077342,0.046242,0.026587,0.051661
834,0.180819,-1.420403,-1.844701,0.026944,0.988712,-0.147384,0.091698,0.055930999999999995,-0.022383,0.042148000000000005,0.02586,0.049804
835,0.18145799999999998,-1.418758,-1.8431240000000002,0.027332,0.9884639999999999,-0.14896700000000002,0.081926,-0.138241,0.05898200000000001,0.021374,0.002426,0.030223000000000003
836,0.183586,-1.4162139999999999,-1.834159,0.028107999999999998,0.9880760000000001,-0.15138,0.13475,-0.450716,0.100344,-0.093507,-0.011742,-0.05675
837,0.179038,-1.41241,-1.8273979999999999,0.028088,0.987483,-0.155204,0.199311,-0.601005,0.065736,-0.11662,-0.010676,-0.065301
838,0.164367,-1.408076,-1.830109,0.026507999999999997,0.98679,-0.15982000000000002,0.224266,-0.591171,-0.017422999999999998,-0.119984,-0.011982,-0.048447000000000004
839,0.141757,-1.403873,-1.84122,0.023474000000000002,0.986101,-0.164483,0.219214,-0.585595,-0.07515,-0.040579000000000004,0.001036,0.015816999999999998
840,0.117881,-1.40001,-1.853416,0.019988,0.9854510000000001,-0.16877799999999998,0.192499,-0.589784,-0.06999,0.04387,0.019903999999999998,0.05069
841,0.100199,-1.396573,-1.8607939999999998,0.01734,0.9848610000000001,-0.172474,0.16834000000000002,-0.458859,-0.023325,0.071436,0.014894,0.05225
842,0.092863,-1.393975,-1.861402,0.016311000000000003,0.984408,-0.175143,0.11033399999999999,-0.264954,0.020887,0.056854999999999996,0.008985,0.037462999999999996
843,0.091833,-1.391877,-1.858813,0.016319999999999998,0.984037,-0.177217,0.102288,-0.140352,0.036695,-0.017098,0.029574,0.016145
844,0.09139299999999999,-1.389718,-1.856943,0.016436000000000003,0.98365,-0.179339,0.106771,-0.11046700000000001,0.018528,-0.048785,0.041115,0.0042439999999999995
845,0.088032,-1.387624,-1.857704,0.016013999999999997,0.9832709999999999,-0.181444,0.10354200000000001,-0.143372,-0.008158,-0.070976,0.008367,-0.038206
846,0.08182400000000001,-1.385679,-1.860675,0.015044,0.982915,-0.183446,0.098126,-0.175256,-0.022042,-0.06407,-0.004262,-0.035227999999999995
847,0.074942,-1.383694,-1.863932,0.013927000000000002,0.982547,-0.18549000000000002,0.102341,-0.185928,-0.020931,-0.05274500000000001,0.0012779999999999998,-0.011684
848,0.068851,-1.381545,-1.866742,0.012941999999999999,0.982145,-0.18767799999999998,0.114196,-0.152971,-0.014481,-0.040530000000000004,-0.00044100000000000004,-0.0026449999999999998
849,0.064189,-1.379234,-1.868324,0.012213,0.981708,-0.190001,0.114095,-0.164731,-0.0037840000000000005,-0.040365,0.006161,-0.021791
850,0.059137,-1.377135,-1.869541,0.011373999999999999,0.9813059999999999,-0.192116,0.096848,-0.206208,-0.005988,-0.050177,0.009294,-0.038673
851,0.053690999999999996,-1.375601,-1.871041,0.010409,0.98101,-0.193679,0.06708099999999999,-0.187973,-0.011559999999999999,-0.046908,0.016671000000000002,-0.029481
852,0.048656,-1.374496,-1.8725599999999998,0.009486,0.9807950000000001,-0.19481099999999998,0.050055,-0.177265,-0.010625,-0.037776,0.020746,-0.034238
853,0.032082,-1.3714030000000001,-1.885012,0.006354,0.980187,-0.197973,0.0414,-0.213425,-0.018123,-0.035437,0.008842000000000001,-0.041757999999999997
854,0.005037,-1.367138,-1.9069209999999999,0.001019,0.979333,-0.202251,0.026387999999999998,-0.248468,-0.03315,-0.033688,0.024725999999999998,-0.036534
855,-0.00985,-1.3657549999999998,-1.917443,-0.0020050000000000003,0.9790530000000001,-0.203598,-0.009521,-0.184361,-0.049510000000000005,-0.016397,0.06353500000000001,-0.043137
856,-0.019908000000000002,-1.366009,-1.9245400000000001,-0.0040479999999999995,0.9791040000000001,-0.203318,-0.018763,-0.14899500000000002,-0.094485,0.010152,0.016806,-0.02828
857,-0.029088,-1.36592,-1.931125,-0.005917,0.979086,-0.20335999999999999,-0.051660000000000005,-0.14766400000000002,-0.132099,0.028775,0.042719,-0.021784
858,-0.044275,-1.36693,-1.943732,-0.008961,0.979291,-0.202259,-0.059119000000000005,-0.130653,-0.117218,0.010334000000000001,-0.001157,-0.016018
859,-0.056275,-1.366939,-1.9541080000000002,-0.011387000000000001,0.9792930000000001,-0.202128,-0.055813999999999996,-0.05736599999999999,-0.066015,-0.02029,-0.002547,-0.024557
860,-0.062285,-1.368103,-1.959872,-0.01253,0.9795280000000001,-0.200918,-0.067396,-0.013687000000000001,-0.056538,-0.05404400000000001,0.020045,-0.031336
861,-0.086364,-1.368114,-1.982759,-0.017363,0.9795299999999999,-0.200547,-0.041882,-0.070097,-0.09155,-0.071962,0.031853,-0.016708
862,-0.099328,-1.368499,-1.995118,-0.019924,0.979608,-0.19993,-0.029657999999999997,-0.009226,-0.13961300000000001,-0.055927,0.02204,0.001016
863,-0.121399,-1.370077,-2.018303,-0.024144,0.979923,-0.197906,-0.05380700000000001,0.070784,-0.147367,-0.004817,0.021969,0.046676999999999996
864,-0.133116,-1.371086,-2.031545,-0.026330000000000003,0.980124,-0.19663,-0.070092,0.052551,-0.102592,0.053415,0.0009550000000000001,0.064016
865,-0.139125,-1.3727770000000001,-2.038631,-0.027282,0.9804579999999999,-0.194827,-0.115227,0.047113,-0.035602999999999996,0.057448,0.009303,0.028781
866,-0.142058,-1.375758,-2.042541,-0.027438999999999998,0.9810399999999999,-0.191852,-0.161222,0.049289,-0.007084999999999999,0.044239,0.004174000000000001,0.005862
867,-0.142947,-1.378305,-2.044486,-0.027252999999999996,0.9815309999999999,-0.189354,-0.099377,0.052226,0.004026,0.004487,-0.027764999999999998,0.015494999999999998
868,-0.140226,-1.379108,-2.043348,-0.026628,0.981684,-0.188647,-0.014980000000000002,0.09022999999999999,0.017385,-0.013640000000000001,-0.01655,0.000384
869,-0.13718699999999998,-1.379368,-2.041603,-0.026019999999999998,0.981733,-0.188474,-0.0067090000000000006,0.031611,0.017518000000000002,-0.010937,-0.0034770000000000005,-0.012896000000000001
870,-0.13684100000000002,-1.3793959999999998,-2.039858,-0.025951,0.9817389999999999,-0.18845599999999998,0.004313,-0.123971,0.020999,-0.009328,0.010768999999999999,-0.000769
871,-0.135274,-1.37937,-2.034855,-0.025658999999999998,0.981734,-0.188521,0.000642,-0.185916,0.063782,-0.011954000000000001,0.007005,0.003935
872,-0.129483,-1.3798350000000001,-2.024527,-0.024508000000000002,0.981822,-0.18821400000000002,-0.005234,-0.239429,0.131107,-0.067228,-0.015559,0.013211
873,-0.11828699999999999,-1.379843,-2.006951,-0.022397999999999998,0.981824,-0.188469,0.035693,-0.344157,0.178529,-0.11692999999999999,-0.007031,7.000000000000001e-06
874,-0.11198499999999999,-1.3788559999999999,-1.9920419999999999,-0.021318,0.9816360000000001,-0.18956800000000001,0.086811,-0.46221899999999994,0.088138,-0.107741,-0.0429,0.006615
875,-0.123109,-1.376314,-1.9919229999999999,-0.023732,0.9811479999999999,-0.191796,0.123945,-0.6460859999999999,-0.050236,-0.071163,0.034309,0.035119
876,-0.14465999999999998,-1.374298,-1.999373,-0.028145,0.980756,-0.193197,0.068353,-0.723448,-0.102868,-0.05082,0.088198,0.031271
877,-0.16664600000000002,-1.373259,-2.007494,-0.032554,0.9805530000000001,-0.19353599999999999,0.026760000000000003,-0.686154,-0.069023,-0.03193,0.114097,0.034082
878,-0.183864,-1.373634,-2.012267,-0.035814,0.980626,-0.19258499999999998,-0.011337999999999999,-0.589191,-0.041638999999999995,0.027574,0.024531,0.041539
879,-0.19684400000000002,-1.375062,-2.013645,-0.038037,0.9809049999999999,-0.19073099999999998,-0.10666800000000001,-0.59344,0.037817,0.020108,-0.0068909999999999996,0.040142000000000004
880,-0.202506,-1.37784,-2.006469,-0.038568,0.981442,-0.187843,-0.11584000000000001,-0.655515,0.117949,-0.022864,-0.014889,0.031455000000000004
881,-0.207785,-1.37925,-1.997727,-0.039274,0.9817110000000001,-0.186282,-0.020099000000000002,-0.713392,0.12296300000000002,-0.054598,-0.049628,-0.023403999999999998
882,-0.21152100000000001,-1.3789799999999999,-1.985455,-0.040025,0.9816600000000001,-0.186393,0.065813,-0.841462,0.107704,-0.062942,-0.030258999999999998,-0.046242
883,-0.216617,-1.377583,-1.9719950000000002,-0.041269,0.981392,-0.187526,0.107975,-0.9502889999999999,0.113479,-0.050513,-0.009148,-0.054141999999999996
884,-0.22150999999999998,-1.375594,-1.957359,-0.042615,0.981008,-0.189226,0.12493499999999999,-0.959996,0.128565,0.029507,-0.002722,-0.033750999999999996
885,-0.22168600000000002,-1.3736629999999999,-1.938563,-0.043065,0.980632,-0.191066,0.139876,-0.915481,0.17240899999999998,0.080662,-0.004863,0.004878
886,-0.219005,-1.372217,-1.917377,-0.04286,0.980348,-0.19256500000000001,0.094029,-0.883465,0.197685,0.076079,0.12658599999999998,-0.000459
887,-0.215265,-1.372576,-1.8975380000000002,-0.042064,0.980419,-0.192379,-0.021358000000000002,-0.6902159999999999,0.189154,0.057353999999999995,0.114094,0.010647
888,-0.209761,-1.3754,-1.881831,-0.040428,0.9809709999999999,-0.1899,-0.150086,-0.389288,0.17077799999999999,0.064674,0.070512,0.041752
889,-0.203121,-1.379167,-1.8688259999999999,-0.038421,0.9816950000000001,-0.18654300000000001,-0.141029,-0.29442399999999996,0.149355,0.087859,-0.014975,0.033238
890,-0.20338699999999998,-1.381742,-1.861323,-0.03796,0.982182,-0.184057,-0.10289000000000001,-0.443337,0.060082,0.08632999999999999,-0.020299,-0.00912
891,-0.21430300000000002,-1.383597,-1.8625939999999999,-0.039579,0.9825290000000001,-0.181851,-0.08881499999999999,-0.47821499999999995,-0.02096,0.06883,-0.011368000000000001,-0.044925
892,-0.231104,-1.384867,-1.871158,-0.042343,0.982765,-0.179945,-0.07632699999999999,-0.376792,-0.087232,0.065902,-0.010383,-0.058321000000000005
893,-0.251535,-1.385721,-1.885988,-0.045801,0.982922,-0.17823,-0.072244,-0.237027,-0.143999,0.094248,-0.017972,-0.040963
894,-0.228255,-1.3870040000000001,-1.860889,-0.041354,0.983158,-0.178019,-0.054346000000000005,-0.093105,-0.18568900000000002,0.12489600000000001,-0.040271,-0.009695
895,-0.24965900000000002,-1.3869209999999998,-1.8819569999999999,-0.045175,0.983142,-0.177173,-0.035831,-0.00689,-0.183534,0.13852899999999999,-0.018055,-0.0034460000000000003
896,-0.229852,-1.3879290000000002,-1.863743,-0.041431,0.983326,-0.177067,-0.06339700000000001,0.058089999999999996,-0.158147,0.111256,0.011928,-0.015163
897,-0.241756,-1.388739,-1.878279,-0.043345999999999996,0.9834729999999999,-0.175788,-0.069616,0.164375,-0.092097,0.075709,0.010789,-0.032021
898,-0.24347600000000003,-1.389785,-1.885268,-0.0434,0.983662,-0.174715,-0.058578,0.30790100000000004,-0.030247000000000003,0.050144,-0.008320000000000001,-0.04904
899,-0.221029,-1.388305,-1.8696119999999998,-0.039787,0.983395,-0.177065,-0.014887000000000001,0.307699,-0.01711,0.0512,-0.024227000000000002,-0.034116
900,-0.21745799999999998,-1.387831,-1.871018,-0.039254000000000004,0.983309,-0.17766099999999999,0.03801,0.21586999999999998,-0.009145,0.051294000000000006,-0.011431,-0.040586000000000004
901,-0.189845,-1.38489,-1.8479,-0.03488,0.982769,-0.181516,0.0635,0.20931,0.011352,0.07298099999999999,0.0069310000000000005,-0.044192
902,-0.183424,-1.383839,-1.8464740000000002,-0.033902,0.982574,-0.182752,0.046872000000000004,0.290398,-0.005959000000000001,0.10581700000000001,0.030548000000000002,-0.015261000000000002
903,-0.143895,-1.384651,-1.8156009999999998,-0.026539,0.982725,-0.183159,0.032867,0.482271,-0.023372999999999998,0.11415499999999999,0.042802999999999994,0.028847
904,-0.135454,-1.384268,-1.8194580000000002,-0.025043,0.9826540000000001,-0.18375,0.0018679999999999999,0.681686,-0.048414,0.103504,0.035855,0.024616
905,-0.119396,-1.385194,-1.8187259999999998,-0.021981,0.982825,-0.183225,-0.039072,0.7821640000000001,-0.097961,0.075127,0.015679,0.0075049999999999995
906,-0.117672,-1.386111,-1.833649,-0.021559000000000002,0.982994,-0.182368,-0.073784,0.838959,-0.151687,0.037183999999999995,0.011833,-0.000356
907,-0.11971500000000002,-1.387419,-1.852977,-0.021778,0.983234,-0.181046,-0.09602100000000001,0.844492,-0.183896,0.005497,0.009015,-0.015487
908,-0.125394,-1.388931,-1.875534,-0.022619999999999998,0.9835079999999999,-0.179444,-0.098231,0.8115399999999999,-0.19989300000000002,-0.013725999999999999,-0.001452,-0.030989999999999997
909,-0.134511,-1.390233,-1.900996,-0.024083,0.983743,-0.17796199999999998,-0.092859,0.789275,-0.230805,-0.021266,-0.00213,-0.041094
910,-0.14649600000000002,-1.391473,-1.9287470000000002,-0.026036,0.983965,-0.176454,-0.097318,0.74774,-0.229715,-0.041346,0.005614,-0.038252999999999995
911,-0.154637,-1.392791,-1.951639,-0.027272,0.9841989999999999,-0.174954,-0.089229,0.7080569999999999,-0.169787,-0.077998,0.00689,-0.014941999999999999
912,-0.15838,-1.393727,-1.9702490000000001,-0.027781,0.9843639999999999,-0.173941,-0.068872,0.74732,-0.149399,-0.081426,0.019816999999999998,-0.02244
913,-0.16003199999999998,-1.3947120000000002,-1.98777,-0.027913999999999998,0.9845370000000001,-0.172938,-0.070824,0.7984180000000001,-0.138796,-0.040826999999999995,0.001364,-0.009954000000000001
914,-0.158224,-1.3955469999999999,-2.001737,-0.027472000000000003,0.984683,-0.172176,-0.049865,0.754506,-0.098,-0.038522,0.005063000000000001,0.003047
915,-0.153908,-1.3959059999999999,-2.012195,-0.026674,0.9847459999999999,-0.171943,-0.025519,0.721359,-0.088174,-0.047911,0.014597999999999998,0.011451000000000001
916,-0.152249,-1.39612,-2.025071,-0.026357,0.984783,-0.171779,-0.026461000000000002,0.7129850000000001,-0.12448900000000002,-0.043024,0.009845999999999999,0.012813
917,-0.155389,-1.396477,-2.04265,-0.026842,0.9848450000000001,-0.171347,-0.054085,0.705757,-0.157788,-0.032514999999999995,0.010761,0.014440999999999999
918,-0.162543,-1.3976680000000001,-2.064673,-0.027877,0.985051,-0.169994,-0.074127,0.756961,-0.157995,-0.03241,0.021159999999999998,0.031856
919,-0.16706,-1.398715,-2.085293,-0.028474,0.9852299999999999,-0.16885,-0.08240700000000001,0.796474,-0.17519500000000002,-0.031005,0.016021,0.028408
920,-0.17686500000000002,-1.3997899999999999,-2.1109400000000003,-0.029941000000000002,0.9854139999999999,-0.167519,-0.090995,0.756139,-0.204046,-0.044995,0.024413,0.009759
921,-0.190444,-1.400968,-2.139557,-0.031993,0.985614,-0.165957,-0.101746,0.731701,-0.21050100000000002,-0.048665,0.023663999999999998,0.0036340000000000005
922,-0.20311300000000002,-1.402247,-2.1674130000000003,-0.033839,0.9858290000000001,-0.164304,-0.114558,0.741286,-0.198853,-0.057804999999999995,-0.000508,0.005139
923,-0.220185,-1.40373,-2.198874,-0.036319,0.9860770000000001,-0.162275,-0.11589400000000001,0.675269,-0.20519099999999998,-0.047665,-0.016427,0.008955
924,-0.244168,-1.4049770000000001,-2.2353009999999998,-0.039902999999999994,0.986284,-0.160164,-0.090848,0.582377,-0.173925,-0.07733,0.016082,0.018639
925,-0.255058,-1.405411,-2.257392,-0.041537,0.986355,-0.159307,-0.070863,0.516239,-0.16952,-0.080487,-0.009838,0.007848
926,-0.292367,-1.406102,-2.3037549999999998,-0.047254000000000004,0.986468,-0.156994,-0.085298,0.41711400000000004,-0.14387,-0.069247,-0.01636,0.019573
927,-0.302139,-1.406575,-2.3203259999999997,-0.048647,0.9865459999999999,-0.156079,-0.044472000000000005,0.277283,-0.109223,-0.065535,-0.006184,0.015424
928,-0.30925,-1.406588,-2.331699,-0.049752,0.986548,-0.155717,-0.02481,0.171632,-0.07904,-0.053413,0.024728,0.009736
929,-0.33264699999999997,-1.407247,-2.3576669999999997,-0.05316900000000001,0.986656,-0.153896,-0.051751,0.109952,-0.082361,-0.029824,0.027444,0.013484999999999999
930,-0.345983,-1.4076309999999999,-2.372761,-0.055088,0.986718,-0.152816,-0.058147000000000004,0.062234000000000005,-0.131483,-0.0099,0.026588,-0.002274
931,-0.367785,-1.407475,-2.3959490000000003,-0.058461,0.986693,-0.151723,-0.063179,0.052972000000000005,-0.208418,0.019002,0.002092,-0.015101
932,-0.391696,-1.408179,-2.421974,-0.06180700000000001,0.986807,-0.14963900000000002,-0.11489100000000001,0.110953,-0.277215,0.027749,0.002054,0.018917
933,-0.426019,-1.4083709999999998,-2.460182,-0.066828,0.9868379999999999,-0.147258,-0.133778,0.189815,-0.268902,0.027292,0.024942,0.002193
934,-0.446938,-1.409498,-2.485769,-0.069412,0.9870200000000001,-0.144825,-0.17538299999999998,0.216486,-0.242515,0.026244999999999997,0.006083,-0.022076
935,-0.476513,-1.410695,-2.520676,-0.073122,0.9872110000000001,-0.14165899999999998,-0.175278,0.25795999999999997,-0.224408,0.011843000000000001,0.004107,-0.020694999999999998
936,-0.507846,-1.411568,-2.5573259999999998,-0.07710499999999999,0.98735,-0.138546,-0.178569,0.222877,-0.239341,0.0022760000000000002,0.015915000000000002,-0.039402
937,-0.535571,-1.410469,-2.589435,-0.08147,0.987175,-0.13728800000000002,-0.149056,0.190618,-0.189958,-0.025692000000000003,-0.008568000000000001,-0.029491000000000003
938,-0.55593,-1.410881,-2.614314,-0.084034,0.987241,-0.135256,-0.097861,0.230744,-0.14585499999999998,-0.010907,-0.028058,-0.024503999999999998
939,-0.556891,-1.409149,-2.620245,-0.08506699999999999,0.986964,-0.136626,-0.037392,0.199451,-0.098389,0.016128,-0.046625,-0.028932
940,-0.5629649999999999,-1.40897,-2.628419,-0.08599,0.986935,-0.136256,-0.020248,0.041477999999999994,-0.035042000000000004,0.023078,-0.026073000000000002,-0.024205
941,-0.558818,-1.408603,-2.6240810000000003,-0.085616,0.986875,-0.136919,0.025064,-0.027089,0.023047,0.006911,-0.016371,-0.0072
942,-0.550503,-1.4080709999999999,-2.61508,-0.084749,0.9867889999999999,-0.138074,0.07496699999999999,-0.04021,0.06400499999999999,0.005221,0.00813,-0.015094
943,-0.5347770000000001,-1.4070129999999998,-2.598019,-0.0831,0.986617,-0.14028800000000002,0.085629,-0.048743,0.057683000000000005,0.011643,-0.010803,-0.014269
944,-0.522596,-1.406131,-2.5848009999999997,-0.081819,0.9864729999999999,-0.142042,0.095197,-0.038196,0.075896,0.011842,0.0032119999999999996,-0.004274
945,-0.508025,-1.406099,-2.569459,-0.079756,0.986468,-0.14324800000000001,0.076007,-0.026445,0.08429500000000001,-0.0047469999999999995,0.025388,0.019041
946,-0.49518100000000004,-1.406036,-2.5562110000000002,-0.077939,0.986458,-0.144315,0.048320999999999996,-0.002959,0.095822,-0.019901,0.013222,0.027081
947,-0.490879,-1.405717,-2.551935,-0.077466,0.986405,-0.144927,0.050568,0.028964999999999998,0.102201,-0.028522000000000002,-0.012452,0.009413
948,-0.477,-1.4057870000000001,-2.538512,-0.075415,0.986417,-0.145926,0.04421,0.030087,0.093609,-0.041116,-0.001172,-0.006357
949,-0.47748999999999997,-1.404899,-2.53916,-0.075889,0.9862700000000001,-0.146668,0.030382999999999997,0.023807,0.077489,-0.046135,0.010754000000000001,-0.0023190000000000003
950,-0.467816,-1.404851,-2.529921,-0.074488,0.9862629999999999,-0.14743699999999998,0.041123,0.025956,0.063675,-0.034368,0.008549,-0.002038
951,-0.467639,-1.403593,-2.529287,-0.075021,0.9860540000000001,-0.148557,0.031139,-0.036952,0.08611100000000001,-0.043311,0.015243000000000001,-0.010989
952,-0.45668100000000006,-1.404385,-2.516565,-0.07304400000000001,0.986186,-0.148669,0.008351,-0.08708099999999999,0.12126700000000001,-0.072784,0.013066999999999999,-0.009717
953,-0.460463,-1.403665,-2.51888,-0.073922,0.986066,-0.149028,0.029985,-0.038087,0.104253,-0.063331,0.009646,-0.002293
954,-0.452032,-1.403664,-2.509635,-0.072663,0.986066,-0.149647,0.033391000000000004,-0.036854000000000005,0.059410000000000004,-0.027694,0.011676,0.002537
955,-0.44710500000000003,-1.4041860000000002,-2.503926,-0.071702,0.9861530000000001,-0.149539,0.007918999999999999,-0.017547,0.048526,-0.0015710000000000001,0.002907,0.008426000000000001
956,-0.452747,-1.4049209999999999,-2.509473,-0.072228,0.986274,-0.14848,-0.022971000000000002,0.019742,0.073893,-0.030920999999999997,0.034432,0.007382
957,-0.46595,-1.405353,-2.524108,-0.07399,0.986345,-0.14713299999999999,-0.026682,0.13378099999999998,0.063027,-0.046646,0.020613,0.006202
958,-0.479829,-1.405485,-2.540915,-0.07596499999999999,0.986367,-0.145976,-0.052055,0.164846,0.041433,-0.042046,0.013602000000000001,0.005412
959,-0.491943,-1.405525,-2.5554099999999997,-0.077709,0.986374,-0.145011,-0.056636,0.106228,0.052147000000000006,-0.04752,0.016464,-0.005288
960,-0.500438,-1.405024,-2.5653029999999997,-0.079175,0.986291,-0.144779,-0.053658000000000004,0.074185,0.070358,-0.039019,0.001807,-0.015576
961,-0.504397,-1.405567,-2.569839,-0.079489,0.986381,-0.143995,-0.045402,0.011308,0.06942100000000001,-0.022486000000000003,0.00718,0.004621
962,-0.504586,-1.408185,-2.569475,-0.07826799999999999,0.986808,-0.141719,-0.040293999999999996,-0.040897,0.066319,0.003026,-0.005225,0.029476
963,-0.5006,-1.409592,-2.564083,-0.07703600000000001,0.987035,-0.140812,-0.042681000000000004,-0.085677,0.07811,-0.030935,-0.012791,0.021580000000000002
964,-0.504204,-1.410814,-2.565269,-0.07696,0.9872299999999999,-0.139478,-0.051457,-0.118752,0.09838200000000001,-0.046560000000000004,-0.004579,0.006268999999999999
965,-0.49928900000000004,-1.41301,-2.557909,-0.075235,0.9875780000000001,-0.13795,-0.07925800000000001,-0.11871,0.112075,-0.045477,-0.012831,-0.017796
966,-0.49340900000000004,-1.415184,-2.5497669999999997,-0.073406,0.987917,-0.136499,-0.064212,-0.110177,0.09614600000000001,-0.03603,-0.001818,-0.02912
967,-0.49355,-1.415989,-2.547698,-0.073048,0.988041,-0.13578900000000002,-0.05338300000000001,-0.09521900000000001,0.075902,-0.026514999999999997,0.038067000000000004,-0.033201999999999995
968,-0.490702,-1.417842,-2.543116,-0.071798,0.988325,-0.134381,-0.079953,-0.072755,0.075688,-0.009577,-0.020643,-0.037143
969,-0.486645,-1.4204430000000001,-2.537862,-0.07005,0.988718,-0.13239800000000002,-0.101363,-0.052585,0.11183199999999999,-0.010806999999999999,-0.01243,-0.045535
970,-0.47181300000000004,-1.421309,-2.5219810000000003,-0.067689,0.988848,-0.13266,-0.082338,-0.047511000000000005,0.158958,-0.010131,-0.004,-0.080384
971,-0.45237,-1.424138,-2.501897,-0.063875,0.989265,-0.131434,-0.045012,0.007518,0.217901,-0.0008380000000000001,-0.01641,-0.11543800000000001
972,-0.422834,-1.426643,-2.473558,-0.058948,0.9896280000000001,-0.131003,-0.019053,0.114906,0.246786,0.021762,-0.020419999999999997,-0.085336
973,-0.38455500000000004,-1.429052,-2.437471,-0.052997,0.9899709999999999,-0.13095199999999999,-0.003333,0.114598,0.309922,0.018207,-0.032436,-0.068678
974,-0.338388,-1.4312280000000002,-2.392296,-0.046182,0.990276,-0.131227,0.020783000000000003,0.058966,0.348617,0.018975,0.018452,-0.05165
975,-0.28678400000000004,-1.432871,-2.3420900000000002,-0.038891,0.990503,-0.131873,0.025372,0.130324,0.348558,0.024791999999999998,0.039876999999999996,-0.036752
976,-0.23908800000000002,-1.434364,-2.298099,-0.032208999999999995,0.990708,-0.13214,-0.006867,0.24573899999999999,0.284016,0.060728,0.049377,-0.000611
977,-0.201316,-1.4361979999999999,-2.265584,-0.026833,0.9909549999999999,-0.131482,-0.067117,0.291012,0.203421,0.10018200000000001,0.058819,0.036847000000000005
978,-0.175933,-1.439373,-2.24666,-0.022936,0.991376,-0.129023,-0.176318,0.365215,0.12351400000000001,0.10834,0.068377,0.045389
979,-0.161326,-1.444707,-2.240857,-0.0202,0.9920610000000001,-0.124123,-0.30347399999999997,0.49587600000000004,0.059434,0.084149,0.042729,0.026604000000000003
980,-0.153421,-1.452129,-2.244726,-0.018092,0.992967,-0.116999,-0.409384,0.6348699999999999,0.024333,0.029216000000000002,0.04048,-0.026479000000000003
981,-0.149296,-1.462029,-2.2542240000000002,-0.016146,0.994091,-0.107346,-0.5509890000000001,0.699282,0.023261,-0.010572,-0.002285,-0.060653
982,-0.146286,-1.47407,-2.265829,-0.014077000000000001,0.995326,-0.095545,-0.611603,0.748475,0.028116000000000002,-0.017218,-0.069895,-0.022818
983,-0.147726,-1.484707,-2.2825759999999997,-0.012656,0.996297,-0.085047,-0.481288,0.741795,-0.012626,-0.001108,-0.056035,0.011408
984,-0.154455,-1.493013,-2.3020509999999996,-0.011954000000000001,0.996976,-0.07678,-0.404212,0.560437,-0.013992,0.019843,-0.021345,0.007902
985,-0.164831,-1.501056,-2.321195,-0.011434,0.997569,-0.068739,-0.41373999999999994,0.362238,0.008628,0.01795,-0.013225,0.001356
986,-0.156616,-1.509651,-2.318336,-0.009531,0.998131,-0.060358,-0.416832,0.22028000000000003,0.080361,0.006372999999999999,-0.028038999999999998,0.004647999999999999
987,-0.134731,-1.5182149999999999,-2.2996529999999997,-0.0070599999999999994,0.998618,-0.052080999999999995,-0.412112,0.136958,0.13391199999999998,0.021388,0.007776000000000001,0.02138
988,-0.047856,-1.5282879999999999,-2.2159720000000003,-0.0020329999999999997,0.9990969999999999,-0.042445,-0.348068,0.20255,0.191966,0.036182,0.027239999999999997,0.046808999999999996
989,0.069005,-1.534194,-2.1051330000000004,0.002523,0.9993299999999999,-0.036507,-0.30292399999999997,0.30985300000000005,0.22525900000000001,0.031992,0.029477999999999997,0.0028309999999999997
990,0.235281,-1.5404129999999998,-1.9445009999999998,0.007081999999999999,0.9995379999999999,-0.029543,-0.372352,0.277132,0.20986100000000002,0.071241,0.011753,-0.037855
991,0.497216,-1.5464790000000002,-1.6874689999999999,0.011598,0.999704,-0.021372,-0.394962,0.25899099999999997,0.2375,0.047362,-0.045603,0.0023899999999999998
992,0.854334,-1.548433,-1.3362020000000001,0.016863999999999997,0.99975,-0.014685,-0.263725,0.28931399999999996,0.266152,-0.002582,-0.035166,0.014013999999999999
993,1.144499,-1.545595,-1.052363,0.022944,0.999682,-0.01042,-0.16331600000000002,0.358039,0.30842600000000003,0.016866,-0.040149000000000004,0.013425999999999999
994,1.319312,-1.5400639999999999,-0.885683,0.02976,0.9995280000000001,-0.007645999999999999,-0.113923,0.44833500000000004,0.328952,0.005487,-0.0271,-0.00247
995,1.441015,-1.534385,-0.7732760000000001,0.036098000000000005,0.999337,-0.004711,-0.156358,0.4731,0.299782,0.013341,-0.004785,-0.021763
996,1.554466,-1.52896,-0.6694680000000001,0.041819999999999996,0.999125,-0.000683,-0.25200900000000004,0.49179700000000004,0.236066,0.019872,0.033773000000000004,-0.032566000000000005
997,1.686436,-1.5245469999999999,-0.547205,0.045924,0.9989309999999999,0.005334,-0.33711599999999997,0.487004,0.176726,0.010687,0.03296,-0.035302999999999994
998,1.825752,-1.5200870000000002,-0.41727700000000006,0.04905,0.9987149999999999,0.012784,-0.399905,0.477812,0.132502,0.0060490000000000006,0.024569999999999998,-0.031018
999,1.974916,-1.51539,-0.27738,0.050917000000000004,0.9984649999999999,0.021775,-0.44236400000000003,0.47497,0.080935,0.003557,0.026605,-0.023316
1000,2.109937,-1.510599,-0.153223,0.051627,0.998189,0.030887,-0.42019700000000004,0.612502,0.033912,-0.0019140000000000001,-0.0051920000000000004,-0.0068390000000000005
1001,2.22443,-1.505651,-0.051414,0.051681,0.9978790000000001,0.039585,-0.392262,0.639105,0.016981,-0.012664,-0.0018,0.017787999999999998
1002,2.331794,-1.500049,0.042979,0.051188,0.997498,0.048749,-0.375062,0.663568,0.011729999999999999,-0.028895,-0.0035259999999999996,0.046527
1003,2.410221,-1.49437,0.108733,0.050995,0.997081,0.056826,-0.36136,0.643211,0.028943,-0.031157999999999998,-0.002116,0.044004
1004,2.486901,-1.488449,0.17293599999999998,0.050085000000000005,0.996611,0.065246,-0.33273600000000003,0.618549,0.044127,-0.037131,-0.017775,0.034607
1005,2.533236,-1.482848,0.20705199999999999,0.050199,0.996135,0.072076,-0.300779,0.608846,0.045431,-0.027783999999999996,-0.010265,0.026434
1006,2.576311,-1.477702,0.238556,0.049795,0.99567,0.078499,-0.291158,0.5748770000000001,0.007086,-0.019231,0.0062829999999999995,0.020744
1007,2.621505,-1.47294,0.272368,0.048553,0.995216,0.08478200000000001,-0.28457899999999997,0.581379,-0.025991000000000004,-0.003646,0.038018,0.010906
1008,2.660684,-1.467754,0.300043,0.047581,0.9946959999999999,0.091193,-0.294267,0.582397,-0.005763,0.024669,0.031427,0.0055780000000000005
1009,2.699774,-1.462513,0.327835,0.04621,0.994143,0.097695,-0.306027,0.559075,-0.023975,0.043344,0.018461,0.0033799999999999998
1010,2.739676,-1.456742,0.35781999999999997,0.044519,0.993503,0.10473800000000001,-0.350127,0.464479,-0.039117,0.068273,0.051677999999999995,-0.009035
1011,2.764745,-1.449547,0.37538,0.044509,0.992658,0.11246500000000001,-0.397556,0.36023099999999997,-0.035036000000000005,0.07463099999999999,0.045687,-0.006981
1012,2.802496,-1.441966,0.40633600000000003,0.042735,0.991713,0.12115799999999999,-0.436987,0.34979699999999997,-0.055594000000000005,0.077092,-0.009779000000000001,0.00198
1013,2.84231,-1.4339979999999999,0.439158,0.040207,0.990658,0.13030999999999998,-0.446301,0.371307,-0.098416,0.076049,0.020588,0.042663
1014,2.8725419999999997,-1.424966,0.46220200000000006,0.038627,0.9893860000000001,0.140086,-0.40671399999999996,0.38824699999999995,-0.1067,0.069833,0.027520999999999997,0.049108
1015,2.907849,-1.417699,0.489752,0.035322000000000006,0.9883040000000001,0.14835299999999998,-0.409814,0.408507,-0.108884,0.050341000000000004,0.034417,0.058953
1016,2.937986,-1.408293,0.512003,0.032714,0.986825,0.158447,-0.451325,0.42571899999999996,-0.114533,0.046097000000000006,0.02349,0.063705
1017,2.971621,-1.399181,0.536546,0.028887,0.98531,0.16831300000000002,-0.504347,0.497278,-0.114995,0.04054,-0.0023539999999999998,0.058448
1018,3.00549,-1.389133,0.5599310000000001,0.024513,0.9835450000000001,0.17899500000000002,-0.539136,0.56992,-0.135627,0.032799,-0.013512999999999999,0.053839
1019,3.040851,-1.378741,0.583249,0.019197,0.981614,0.189909,-0.536475,0.657384,-0.165631,0.0316,-0.018159,0.039843
1020,3.074975,-1.368749,0.603749,0.013359000000000001,0.979658,0.20023,-0.465636,0.736031,-0.181259,0.057152,-0.001859,0.033320999999999996
1021,3.11369,-1.361464,0.627024,0.005797999999999999,0.9781700000000001,0.20772600000000002,-0.31459000000000004,0.824119,-0.22945500000000002,0.021713999999999997,0.009242,0.018486000000000002
1022,-3.134941,-1.356897,0.645684,-0.0014119999999999998,0.977211,0.212267,-0.192184,0.802219,-0.186911,0.014518999999999999,0.026573000000000003,0.004347
1023,-3.103021,-1.353548,0.6633819999999999,-0.008312,0.9764940000000001,0.215383,-0.153266,0.677449,-0.187547,0.024074,0.0067670000000000004,0.0057009999999999995
1024,-3.077412,-1.3507200000000001,0.677295,-0.014001,0.975881,0.217854,-0.11342999999999999,0.572703,-0.134792,-3.7e-05,-0.00562,0.045833
1025,-3.058059,-1.347276,0.685585,-0.018494999999999998,0.975123,0.22089099999999998,-0.07436,0.547808,-0.070392,-0.005431,0.024784999999999998,0.057536000000000004
1026,-3.043598,-1.344387,0.690192,-0.021963,0.9744790000000001,0.22340300000000002,-0.18454,0.47578400000000004,-0.078547,0.067571,0.0006799999999999999,0.05214
1027,-3.0510189999999997,-1.336474,0.6752630000000001,-0.021001,0.972672,0.23123200000000002,-0.261984,0.363,-0.046945999999999995,0.077092,-0.007843000000000001,0.06257599999999999
1028,-3.044223,-1.331092,0.675586,-0.02308,0.9714079999999999,0.23629099999999997,-0.260234,0.305358,-0.019086000000000002,0.058496000000000006,-0.013141,0.063926
1029,-3.040812,-1.326633,0.672633,-0.024322,0.97034,0.24051799999999998,-0.197419,0.33366999999999997,0.039001,0.026824,-0.028933999999999998,0.052267999999999995
1030,-3.046665,-1.321364,0.658825,-0.023398,0.969053,0.24574200000000002,-0.11299000000000001,0.44067399999999995,0.113168,0.021781000000000002,-0.027982,0.041839999999999995
1031,-3.048541,-1.320014,0.646021,-0.023058000000000002,0.968719,0.247088,-0.07106599999999999,0.571313,0.174182,0.052400999999999996,-0.02777,0.009275
1032,-3.058307,-1.31893,0.6236520000000001,-0.020732,0.968449,0.248348,-0.063444,0.6319,0.200869,0.057872,-0.013783000000000002,-0.004482
1033,-3.06153,-1.3186229999999999,0.606352,-0.019955,0.9683719999999999,0.24871,0.012562,0.7209899999999999,0.233332,0.001232,-0.040913,0.005837
1034,-3.0668740000000003,-1.319832,0.586505,-0.018538,0.968673,0.247646,0.038988999999999996,0.6899109999999999,0.25705700000000004,-0.008836,0.011276999999999999,0.008487999999999999
1035,-3.07095,-1.321705,0.5675819999999999,-0.017401,0.969137,0.24590900000000002,0.087224,0.717529,0.23492600000000002,-0.002893,0.004190999999999999,-0.004301
1036,-3.0708740000000003,-1.324678,0.552632,-0.017216,0.969865,0.243033,0.16128299999999998,0.7325229999999999,0.151034,0.014057,-0.005586,0.00889
1037,-3.059946,-1.3289950000000001,0.547755,-0.019528999999999998,0.970908,0.238654,0.233731,0.829685,0.032843000000000004,0.05055,-0.015815,0.035516000000000006
1038,-3.039414,-1.3333549999999998,0.549826,-0.023992,0.971943,0.23398899999999997,0.21979200000000002,0.9791639999999999,-0.040083999999999995,0.047247000000000004,-0.028263,0.023137
1039,-3.0145939999999998,-1.337008,0.555028,-0.029342,0.9727959999999999,0.22979899999999998,0.167444,0.973978,-0.029761000000000003,0.009643,-0.007906,-0.0046700000000000005
1040,-2.9941009999999997,-1.339812,0.556725,-0.033644,0.973442,0.22645,0.121181,0.933475,0.015902,-0.000917,0.025169999999999998,-0.012567
1041,-2.975429,-1.341745,0.5560970000000001,-0.037555,0.973882,0.22392600000000001,0.078775,0.998584,0.020863,-0.002255,0.042445,0.053890999999999994
1042,-2.955637,-1.343257,0.555077,-0.041707,0.974224,0.221692,0.075728,1.044355,0.032534,-0.013332,0.045841,0.079639
1043,-2.938497,-1.3448440000000002,0.552041,-0.045188,0.9745809999999999,0.21943000000000001,0.078578,0.9867389999999999,0.052924,-0.008598999999999999,0.035017,0.06526799999999999
1044,-2.918528,-1.346226,0.553239,-0.049263,0.9748899999999999,0.217171,0.06369,0.9019530000000001,-0.043211,0.009972,0.016306,0.035469
1045,-2.8941939999999997,-1.3459079999999999,0.5610430000000001,-0.054608000000000004,0.9748190000000001,0.216207,-0.04104,0.801366,-0.105771,0.010083,0.019535,0.042582
1046,-2.875081,-1.3425690000000001,0.565224,-0.059587,0.9740690000000001,0.21826399999999999,-0.17915,0.729269,-0.071391,0.003389,0.012442,0.045118
1047,-2.8620099999999997,-1.3387069999999999,0.5635899999999999,-0.063473,0.9731879999999999,0.221081,-0.182509,0.748237,-0.01696,0.007839,0.010546,0.003498
1048,-2.848188,-1.336065,0.5616479999999999,-0.06726599999999999,0.972577,0.222642,-0.122529,0.7991659999999999,-0.017675,0.000508,-0.00636,-0.026826
1049,-2.833548,-1.334043,0.5600109999999999,-0.071114,0.9721049999999999,0.223507,-0.101158,0.8171579999999999,-0.006866,0.000298,-0.016035,-0.031795
1050,-2.8196209999999997,-1.3320889999999999,0.55734,-0.074821,0.9716440000000001,0.224296,-0.11394100000000001,0.8246469999999999,-0.0037600000000000003,0.016196000000000002,-0.010509000000000001,-0.029213
1051,-2.805185,-1.330331,0.555821,-0.078614,0.9712270000000001,0.224805,-0.06611,0.7712720000000001,-0.017245,0.028932,-0.006811,-0.036160000000000005
1052,-2.788057,-1.331868,0.558541,-0.081936,0.971592,0.222025,0.011543000000000001,0.699703,-0.035841000000000005,0.011105,0.007488,-0.041437
1053,-2.770083,-1.3322,0.563049,-0.085796,0.971671,0.220216,0.039215,0.675144,-0.04523,-0.022999000000000002,0.019433000000000002,-0.036744
1054,-2.7501700000000002,-1.3325209999999998,0.5692470000000001,-0.090045,0.9717459999999999,0.218176,0.005181,0.696577,-0.047633999999999996,-0.019742,0.029245,-0.020987000000000002
1055,-2.733662,-1.3318379999999999,0.572045,-0.093898,0.971585,0.21726900000000002,-0.028007,0.6806760000000001,-0.038231,0.000346,0.038974,-0.017974
1056,-2.719141,-1.3315139999999999,0.573075,-0.09717200000000001,0.971508,0.216169,-0.034367,0.6839149999999999,-0.043621,0.018969999999999997,0.0181,-0.014234
1057,-2.703036,-1.330732,0.575108,-0.100963,0.9713229999999999,0.21526399999999998,-0.020383000000000002,0.717921,-0.035021,0.029262,0.001852,-0.004144
1058,-2.689699,-1.3302,0.573971,-0.104051,0.971196,0.214364,-0.027913,0.731685,-0.007316,0.02115,0.01205,0.008459999999999999
1059,-2.678932,-1.329866,0.570074,-0.10649700000000001,0.971116,0.21352100000000002,-0.03895,0.718662,0.062058,0.009146,0.015165999999999999,0.008402
1060,-2.674649,-1.330027,0.560631,-0.107341,0.9711549999999999,0.212923,-0.044903,0.643861,0.125138,0.008799,0.005881,0.007887
1061,-2.67537,-1.330446,0.547833,-0.107004,0.971255,0.212637,-0.050842,0.5478529999999999,0.163675,-0.011298,-0.033877,-0.011587
1062,-2.671647,-1.330716,0.540934,-0.107676,0.971319,0.21200300000000002,-0.047033,0.46998100000000004,0.187296,-0.034017,-0.048818,-0.01927
1063,-2.679025,-1.3318729999999999,0.524389,-0.105608,0.971593,0.21178699999999998,-0.031375,0.41550699999999996,0.20990799999999998,-0.075926,-0.033468,-0.02363
1064,-2.6894869999999997,-1.33333,0.505577,-0.10276700000000001,0.971937,0.211606,-0.033791,0.381311,0.238777,-0.082337,-0.008528,-0.019544
1065,-2.680702,-1.333693,0.505864,-0.104465,0.9720219999999999,0.21037899999999998,-0.036004,0.362159,0.235566,-0.084393,0.001702,-0.018561
1066,-2.692254,-1.334678,0.487022,-0.101613,0.972253,0.210709,-0.055299,0.30803400000000003,0.201318,-0.09173200000000001,0.000144,-0.012634999999999999
1067,-2.7018009999999997,-1.3354780000000002,0.47265100000000004,-0.09926499999999999,0.97244,0.210966,-0.014103000000000001,0.16959200000000002,0.154781,-0.123254,-0.031721,-0.00868
1068,-2.675877,-1.3341180000000001,0.495284,-0.105294,0.9721219999999999,0.20950300000000002,0.075123,0.072398,0.141619,-0.135765,-0.033249,-0.011382999999999999
1069,-2.67975,-1.337658,0.49100900000000003,-0.102948,0.9729459999999999,0.206828,0.171901,-0.025825999999999998,0.11251099999999999,-0.144932,-0.029388,-0.044749000000000004
1070,-2.680609,-1.342452,0.49215299999999995,-0.100694,0.974043,0.202736,0.244035,-0.143156,0.087527,-0.099471,-0.018202,-0.044929000000000004
1071,-2.681613,-1.347823,0.495842,-0.098166,0.975244,0.19814600000000002,0.26158200000000004,-0.280613,0.08141699999999999,-0.049066000000000005,-0.019190000000000002,-0.024791
1072,-2.683811,-1.352814,0.500267,-0.095578,0.9763360000000001,0.193992,0.228361,-0.340045,0.05455499999999999,-0.007587000000000001,-0.014483000000000001,-0.004783
1073,-2.6852110000000002,-1.356476,0.505884,-0.09373,0.9771209999999999,0.190916,0.167708,-0.34924099999999997,0.009278,0.021876,0.003317,0.005145
1074,-2.6864689999999998,-1.358754,0.511985,-0.092511,0.9776030000000001,0.18903399999999998,0.11226900000000001,-0.362806,-0.013524000000000001,0.026349,0.009274,0.013344
1075,-2.689052,-1.3601530000000002,0.516191,-0.091424,0.9778969999999999,0.18804200000000001,0.067633,-0.309446,0.001051,0.044458,0.003564,0.028710000000000003
1076,-2.694528,-1.3616709999999999,0.5164380000000001,-0.089752,0.9782129999999999,0.187201,0.07184299999999999,-0.279803,0.043771,0.050567,0.053265999999999994,0.030451
1077,-2.7032599999999998,-1.363895,0.513013,-0.08719,0.978672,0.186007,0.094063,-0.273712,0.097274,0.046495,0.052791,0.026853
1078,-2.713089,-1.36586,0.509606,-0.08455800000000001,0.979074,0.185106,0.051182,-0.361809,0.054359000000000005,0.041513,0.054206,0.015181
1079,-2.723738,-1.366183,0.5071979999999999,-0.082454,0.97914,0.18570699999999998,-0.019427,-0.436007,0.022982,-0.039631,-0.043776,-0.011742
1080,-2.735648,-1.366109,0.504022,-0.080265,0.979125,0.18674200000000002,0.000786,-0.43718999999999997,0.034876,-0.094296,-0.012541,-0.0063219999999999995
1081,-2.746683,-1.367375,0.501741,-0.077723,0.979381,0.186472,0.076446,-0.444959,0.047165,-0.110937,0.011493999999999999,0.00038700000000000003
1082,-2.755041,-1.369281,0.502939,-0.075458,0.979764,0.185386,0.095592,-0.50131,0.003573,-0.12823199999999998,0.077334,0.038002999999999995
1083,-2.755825,-1.3708420000000001,0.512432,-0.074737,0.9800760000000001,0.184028,0.11326099999999999,-0.47537299999999993,-0.104227,-0.131547,0.07900599999999999,0.044549
1084,-2.741339,-1.3706,0.534706,-0.077487,0.9800270000000001,0.183145,0.034752,-0.307177,-0.272702,-0.120923,0.044875,0.009574
1085,-2.718816,-1.367419,0.5641510000000001,-0.082871,0.97939,0.184195,-0.051597000000000004,-0.366232,-0.348005,-0.070633,-0.079411,-0.062933
1086,-2.70396,-1.363913,0.5899,-0.087052,0.978676,0.186053,-0.042294,-0.606209,-0.283539,-0.054792999999999994,-0.076805,-0.02402
1087,-2.700958,-1.361294,0.608043,-0.088703,0.9781340000000001,0.188108,-0.040441000000000005,-0.816435,-0.193526,-0.047817,-0.040039,-0.009977
1088,-2.708772,-1.359046,0.6196119999999999,-0.088153,0.977665,0.19079000000000002,-0.061924,-1.0370700000000002,-0.144255,-0.024243,0.091763,0.04949
1089,-2.721156,-1.3559219999999998,0.6295649999999999,-0.08703,0.9770030000000001,0.194655,-0.123975,-1.115521,-0.18517999999999998,0.007898,0.096239,0.08430599999999999
1090,-2.726743,-1.350636,0.645576,-0.088021,0.9758629999999999,0.19986199999999998,-0.190142,-1.015684,-0.319298,0.001076,0.066053,0.089964
1091,-2.719836,-1.344177,0.672071,-0.091978,0.9744309999999999,0.204996,-0.154972,-0.905603,-0.438834,-0.046038,0.016794999999999997,0.053533000000000004
1092,-2.704148,-1.338256,0.706202,-0.097625,0.9730840000000001,0.20875,-0.082133,-0.874828,-0.47254799999999997,-0.048707,-0.021592,-0.018229
1093,-2.688903,-1.334163,0.739716,-0.10253699999999999,0.972133,0.21081799999999998,0.023188999999999998,-0.879705,-0.40985,-0.034899,-0.029704,-0.045732999999999996
1094,-2.6787669999999997,-1.3321319999999999,0.769012,-0.10555,0.9716549999999999,0.21153400000000003,0.070517,-0.9441379999999999,-0.321842,0.025013999999999998,-0.009039,-0.049013
1095,-2.676186,-1.330506,0.7931,-0.106804,0.971269,0.212673,0.032339,-1.1070870000000002,-0.29839899999999997,0.05689299999999999,-0.017122,-0.030116000000000004
1096,-2.679145,-1.327847,0.815542,-0.107326,0.970633,0.215298,-0.011256,-1.312529,-0.299508,0.05331,-0.032141,-0.019635
1097,-2.6871680000000002,-1.325284,0.8367870000000001,-0.10668699999999999,0.9700129999999999,0.21838600000000002,0.009137000000000001,-1.499118,-0.27562600000000004,0.062543,-0.060025,-0.013446000000000001
1098,-2.701531,-1.323941,0.8546,-0.104094,0.969686,0.221075,0.050862,-1.617882,-0.182247,0.093627,-0.1097,-0.005621
1099,-2.724818,-1.324813,0.864575,-0.098576,0.9698979999999999,0.22266599999999998,0.11718800000000001,-1.6655900000000001,-0.031103,0.16681400000000002,-0.16458499999999998,0.017462000000000002
1100,-2.761061,-1.328436,0.8621110000000001,-0.089138,0.970774,0.222827,0.171552,-1.7070900000000002,0.176565,0.20791199999999999,-0.14920999999999998,0.055707000000000007
1101,-2.810517,-1.3334700000000002,0.845433,-0.076423,0.9719700000000001,0.22233699999999998,0.15426199999999998,-1.61598,0.317333,0.16228399999999998,-0.071976,0.09564099999999999
1102,-2.867528,-1.337639,0.818872,-0.062533,0.972942,0.22242800000000001,0.072219,-1.537085,0.372206,0.07741100000000001,0.006306,0.105163
1103,-2.926765,-1.339893,0.788931,-0.048788,0.97346,0.223597,0.005419,-1.46964,0.347084,-0.016581,0.068227,0.092856
1104,-2.9794490000000002,-1.341077,0.7619090000000001,-0.036759,0.9737299999999999,0.22471799999999997,0.014353999999999999,-1.2009889999999999,0.289118,-0.102187,0.049906,0.039031
1105,-3.02002,-1.343496,0.7397560000000001,-0.027329000000000003,0.9742780000000001,0.223685,0.13785,-0.808238,0.265977,-0.081009,-0.026631000000000002,-0.040351
1106,-3.0572150000000002,-1.3487200000000001,0.715318,-0.018563,0.975442,0.21947199999999997,0.281443,-0.618255,0.316943,0.027565,-0.041299,-0.090687
1107,-3.097074,-1.355902,0.687268,-0.00949,0.976999,0.213033,0.36344299999999996,-0.633528,0.33569499999999997,0.13308599999999998,0.022116,-0.080038
1108,-3.141258,-1.363038,0.65394,-6.9e-05,0.9784959999999999,0.206267,0.31903200000000004,-0.519491,0.36087600000000003,0.19701400000000002,0.136311,-0.028533
1109,3.10343,-1.367545,0.621287,0.007701,0.979416,0.201708,0.182066,-0.189622,0.305017,0.23759899999999998,0.253281,0.028181
1110,3.076716,-1.370709,0.593234,0.012886000000000002,0.980049,0.19833699999999999,0.192417,0.16103399999999998,0.251229,0.175835,0.161736,0.087002
1111,3.059494,-1.376372,0.570178,0.015844,0.981159,0.192551,0.38324899999999995,0.300188,0.185086,0.1038,0.060284000000000004,0.089507
1112,3.0485029999999997,-1.386868,0.5543130000000001,0.017001,0.983133,0.182101,0.613672,0.15507,0.045876,-0.047549,-0.058954,0.045606
1113,3.042452,-1.3995540000000002,0.5472239999999999,0.016867,0.985374,0.16957,0.620713,0.0018800000000000002,-0.012631,-0.193823,-0.106635,-0.055403999999999995
1114,3.037295,-1.410786,0.542806,0.016587,0.987226,0.158462,0.526523,-0.071274,-0.018536,-0.201249,-0.118192,-0.066314
1115,3.025851,-1.419389,0.536338,0.017418,0.98856,0.14982,0.372264,-0.404343,0.02461,-0.13028800000000001,-0.095799,-0.08945700000000001
1116,2.999526,-1.4251120000000002,0.5235609999999999,0.020554,0.9894069999999999,0.143707,0.26447800000000005,-0.8387889999999999,0.071416,0.015777,-0.027157,-0.091705
1117,2.961333,-1.430553,0.505692,0.025061,0.990182,0.137519,0.32506199999999996,-1.114955,0.08394299999999999,0.032189999999999996,-0.020486,-0.09664099999999999
1118,2.914029,-1.4384629999999998,0.482329,0.029768,0.9912569999999999,0.128546,0.48033000000000003,-1.24432,0.065966,0.0394,0.011826,-0.08897999999999999
1119,2.8586099999999997,-1.449439,0.451137,0.033802,0.9926450000000001,0.116244,0.6375569999999999,-1.180854,0.042413,0.025112,0.045731,-0.058749
1120,2.794284,-1.462308,0.40736300000000003,0.036854000000000005,0.9941209999999999,0.101811,0.7068909999999999,-0.947795,0.041531,0.022228,0.057362,-0.030277999999999996
1121,2.718919,-1.47495,0.347576,0.039256,0.99541,0.087277,0.6887220000000001,-0.713387,0.045377,0.115316,0.10726600000000001,-0.012601000000000001
1122,2.6275049999999998,-1.486222,0.267877,0.041539,0.996426,0.073555,0.648742,-0.5440470000000001,0.089746,0.137248,0.083713,-0.003105
1123,2.509773,-1.494453,0.160106,0.045045,0.9970870000000001,0.061545,0.523742,-0.5045109999999999,0.16787,0.133879,0.060712999999999996,-0.00046399999999999995
1124,2.391439,-1.49854,0.050981,0.049218,0.997391,0.052815,0.348925,-0.45177799999999996,0.18581,0.112098,0.052399,0.014856999999999999
1125,2.2922439999999997,-1.499609,-0.041002,0.053407,0.997467,0.046978,0.24711100000000003,-0.30977,0.192394,0.032057999999999996,-0.02713,0.039188
1126,2.2013130000000003,-1.499803,-0.127884,0.057294000000000005,0.997481,0.041819,0.255264,-0.171256,0.178387,0.018175999999999998,-0.058196000000000005,0.044545
1127,2.049764,-1.497593,-0.276273,0.06490800000000001,0.9973219999999999,0.033707,0.30759699999999995,-0.172455,0.165949,0.035845999999999996,-0.052421,-0.021957
1128,1.9376970000000002,-1.497675,-0.38415900000000003,0.068195,0.9973280000000001,0.026206999999999998,0.39583,-0.260079,0.15488,0.035931,-0.042585000000000005,-0.05262000000000001
1129,1.801643,-1.497471,-0.5139819999999999,0.07131699999999999,0.9973129999999999,0.016762,0.477575,-0.365764,0.13956300000000002,-0.00105,-0.02925,-0.102379
1130,1.6606869999999998,-1.497105,-0.64763,0.07332799999999999,0.997286,0.006609,0.46712700000000007,-0.38675,0.06901399999999999,-0.085199,0.016508000000000002,-0.10626400000000001
1131,1.538366,-1.496915,-0.76253,0.073776,0.9972719999999999,-0.002393,0.39912600000000004,-0.400057,-0.007287,-0.088226,0.045651,-0.044985000000000004
1132,1.42725,-1.497203,-0.863533,0.07277,0.997293,-0.010518000000000001,0.354694,-0.6105970000000001,-0.065012,-0.074892,0.052313,-0.005915
1133,1.313091,-1.497264,-0.963758,0.07103999999999999,0.9972979999999999,-0.018724,0.36907,-0.750139,-0.079688,-0.018076,0.011415,0.03563
1134,1.195214,-1.496515,-1.066813,0.06904,0.997242,-0.027222000000000003,0.373342,-0.750149,-0.08072599999999999,0.011252,-0.00301,0.011369
1135,1.086769,-1.494988,-1.160493,0.067036,0.997128,-0.035244,0.326338,-0.758528,-0.07570199999999999,0.033367,0.015888,-0.017506
1136,1.0016450000000001,-1.493635,-1.230517,0.064933,0.997025,-0.041542,0.22817199999999999,-0.76032,-0.075318,0.048362999999999996,0.030425999999999998,-0.010657999999999999
1137,0.93435,-1.4924979999999999,-1.284041,0.062904,0.996936,-0.046488,0.196674,-0.6409239999999999,-0.069281,0.049462,-0.009311,0.004084
1138,0.87369,-1.490951,-1.334124,0.061152,0.996814,-0.051205999999999995,0.211171,-0.484446,-0.052288999999999995,0.053594,0.0009279999999999999,0.002805
1139,0.8160890000000001,-1.488509,-1.3824610000000002,0.059877,0.996616,-0.05631,0.235652,-0.478217,-0.032898000000000004,0.070601,0.014218000000000001,0.000295
1140,0.759135,-1.485455,-1.429726,0.058668,0.996361,-0.061834,0.25585,-0.492145,-0.030602999999999998,0.041673,-0.013618,-0.035776999999999996
1141,0.70631,-1.481846,-1.4735120000000002,0.057655,0.9960469999999999,-0.06758,0.258166,-0.437879,-0.016769,0.030724,-0.016387,-0.047715
1142,0.662986,-1.478391,-1.508368,0.056791999999999995,0.995734,-0.072727,0.217596,-0.439885,-0.012777,0.016023,-0.012579,-0.045254
1143,0.623451,-1.47537,-1.538354,0.05563,0.99545,-0.077356,0.20456400000000002,-0.507949,-0.029872000000000003,0.014683000000000002,-0.003232,-0.024496
1144,0.579054,-1.4721790000000001,-1.572193,0.053878999999999996,0.9951409999999999,-0.08240700000000001,0.23435,-0.5484479999999999,-0.050977,0.022949,0.0279,-0.029729000000000002
1145,0.541801,-1.465375,-1.5984559999999999,0.054263,0.994448,-0.090155,0.266286,-0.581516,-0.06779400000000001,0.033231000000000004,0.005658,-0.02305
1146,0.49441899999999994,-1.461275,-1.633691,0.051865999999999995,0.994008,-0.09621299999999999,0.277777,-0.6295189999999999,-0.06124299999999999,0.037031,0.0010019999999999999,-0.031181999999999998
1147,0.456549,-1.454397,-1.65982,0.051199,0.993233,-0.10424100000000001,0.26206999999999997,-0.57191,-0.068896,0.035944,0.0013800000000000002,-0.034675
1148,0.41839399999999993,-1.450584,-1.6874069999999999,0.048724,0.992783,-0.109579,0.229156,-0.5313359999999999,-0.063837,0.0529,0.038252999999999995,-0.006297
1149,0.401706,-1.446551,-1.6933580000000001,0.048454000000000004,0.992292,-0.114061,0.20336500000000002,-0.562178,-0.054358000000000004,0.059685,0.048587,0.009645
1150,0.372266,-1.443603,-1.7122,0.046139,0.991922,-0.11816199999999999,0.16198800000000002,-0.508778,-0.052578999999999994,0.036364999999999995,0.017844,-0.00577
1151,0.362057,-1.4394559999999998,-1.713513,0.046387,0.9913870000000001,-0.122473,0.12281700000000001,-0.42879700000000004,-0.040129000000000005,0.025253,-0.009133,-0.019662
1152,0.34291900000000003,-1.437402,-1.7242970000000002,0.044719,0.991116,-0.125255,0.12278299999999999,-0.422461,-0.02625,0.024464,0.006731999999999999,-0.022816
1153,0.33203499999999997,-1.432131,-1.726264,0.045056,0.990401,-0.130672,0.141727,-0.48642399999999997,-0.031369,0.026218,0.009614,-0.028127
1154,0.307794,-1.429717,-1.7407709999999998,0.042599,0.990065,-0.134003,0.139794,-0.48411499999999996,-0.074114,0.008213,0.005785,-0.052673000000000005
1155,0.280857,-1.425326,-1.759006,0.040179,0.9894379999999999,-0.13927799999999999,0.091152,-0.41566099999999995,-0.101242,0.014112000000000001,0.034335000000000004,-0.050114
1156,0.259347,-1.425193,-1.7729400000000002,0.037208,0.989419,-0.140237,0.000651,-0.371681,-0.098725,0.013465999999999999,0.054939,-0.050482
1157,0.239414,-1.425946,-1.786591,0.034229,0.9895280000000001,-0.140227,-0.007405,-0.28104,-0.11492100000000001,0.045895,0.00475,-0.001405
1158,0.251092,-1.426368,-1.771418,0.03576,0.9895879999999999,-0.139413,0.06484,-0.161767,-0.167969,0.085624,-0.060221000000000004,0.046044
1159,0.226357,-1.425914,-1.794086,0.032402,0.9895229999999999,-0.140693,0.044752,-0.090446,-0.137223,0.061377999999999995,-0.013281,0.009254
1160,0.22545199999999999,-1.424593,-1.794036,0.032567,0.989331,-0.141996,-0.020197,-0.043421,-0.119567,0.0020859999999999997,0.006456999999999999,-0.015657
1161,0.20950300000000002,-1.4249530000000001,-1.8099610000000002,0.030224,0.989384,-0.142149,0.026975,0.00967,-0.11716900000000001,-0.012738,-0.015415,-0.0076159999999999995
1162,0.17865,-1.425597,-1.841912,0.025712,0.989477,-0.14238699999999999,0.086935,0.06694800000000001,-0.10721800000000001,-0.031570999999999995,0.0047090000000000005,0.014166999999999999
1163,0.16516199999999998,-1.42374,-1.855695,0.024091,0.989207,-0.144533,0.11613599999999999,-0.045158,-0.069482,-0.055554,0.013433,-0.006254
1164,0.153053,-1.421589,-1.8657259999999998,0.022663,0.9888889999999999,-0.14691700000000002,0.118848,-0.133667,-0.049054,-0.064457,-0.011091,-0.014643000000000002
1165,0.143307,-1.419072,-1.872564,0.021586,0.9885120000000001,-0.149594,0.141041,-0.153031,-0.0211,-0.059366999999999996,-0.025041,-0.013004
1166,0.13710899999999998,-1.4159950000000001,-1.875606,0.021074000000000002,0.988042,-0.15273699999999998,0.165377,-0.168149,0.009,-0.040208,-0.026264999999999997,-0.013828
1167,0.131787,-1.412467,-1.876866,0.020719,0.987492,-0.156302,0.18218800000000002,-0.221489,0.013458000000000001,-0.027280000000000002,-0.020451,-0.010843
1168,0.125642,-1.408865,-1.8785610000000001,0.020203,0.9869180000000001,-0.15995399999999999,0.174773,-0.21398899999999998,0.009124,-0.007783,0.014394999999999998,-0.009815
1169,0.12208699999999999,-1.40564,-1.878825,0.020022,0.9863930000000001,-0.163183,0.150528,-0.134068,0.023807,0.0019510000000000003,0.030743,0.017599
1170,0.126146,-1.405427,-1.8729740000000001,0.020711,0.986358,-0.16330899999999998,0.110205,-0.066881,0.040529,0.004695,0.035768,0.027506
1171,0.128654,-1.403622,-1.869719,0.021349,0.986059,-0.165022,0.072014,-0.023053999999999998,0.035933,0.006956,0.03834,0.027844999999999998
1172,0.131103,-1.40234,-1.866714,0.021918,0.9858450000000001,-0.166222,0.058145,-0.028310000000000002,0.030501999999999998,-0.009101,0.014247,0.020668000000000002
1173,0.130368,-1.402468,-1.8674110000000002,0.021779,0.985866,-0.166113,0.08196200000000001,0.026031,0.007095000000000001,0.0028640000000000002,-0.023235,0.010107
1174,0.130493,-1.4006239999999999,-1.8680560000000002,0.022037,0.985556,-0.167913,0.088378,0.032387,0.010336,-0.017886000000000003,0.010767,0.0006309999999999999
1175,0.117592,-1.397968,-1.880797,0.020176,0.985102,-0.170782,0.032744999999999996,-0.011065,0.002523,-0.026966000000000004,-0.009242,-0.026269999999999998
1176,0.116472,-1.396872,-1.881102,0.02011,0.9849129999999999,-0.171877,0.07311799999999999,-0.055917999999999995,-0.004615,-0.048461000000000004,1.1e-05,0.004564
1177,0.110509,-1.395102,-1.885963,0.019277000000000002,0.984605,-0.173726,0.09893400000000001,-0.053698,-0.049303,-0.043660000000000004,0.006453,0.006978
1178,0.09316100000000001,-1.3946120000000002,-1.90228,0.016305,0.9845200000000001,-0.174514,0.079816,-0.057798,-0.072937,-0.009683,0.009056,0.026152999999999996
1179,0.08327899999999999,-1.393411,-1.910734,0.014678,0.984308,-0.175845,0.062581,-0.089745,-0.063445,-0.003173,0.0072840000000000005,0.038058999999999996
1180,0.073713,-1.394929,-1.9189330000000002,0.012884999999999999,0.984575,-0.17448699999999998,0.039291,-0.050239,-0.065798,-0.0030280000000000003,0.009428,0.036578
1181,0.065203,-1.394569,-1.9278830000000002,0.011423,0.984512,-0.17494400000000002,0.015280000000000002,0.05005,-0.083186,0.0075439999999999995,0.017669999999999998,0.039002999999999996
1182,0.056075,-1.394436,-1.9381669999999998,0.009833,0.984489,-0.175172,0.01095,0.030912000000000002,-0.088532,0.014641999999999999,0.014565,0.033341
1183,0.050099,-1.395599,-1.94377,0.008729,0.984692,-0.174084,0.021174000000000002,-0.066068,-0.087268,-0.023866,-0.000683,-0.011249
1184,0.038821,-1.395129,-1.953216,0.006783,0.98461,-0.17463399999999998,0.029463999999999997,-0.11193800000000001,-0.078606,-0.045098,0.002801,-0.036777
1185,0.013705000000000002,-1.391651,-1.975452,0.002442,0.9839959999999999,-0.178172,0.045122,-0.162177,-0.049594,-0.037903,-0.002673,-0.050526999999999996
1186,0.005792,-1.390565,-1.978923,0.001038,0.9838020000000001,-0.179254,0.061602,-0.262495,-0.018372,-0.013215000000000001,0.006371,-0.050879
1187,-0.0008179999999999999,-1.389118,-1.979725,-0.000148,0.983542,-0.18068,0.076342,-0.291369,-0.0032770000000000004,0.018046,0.014215,-0.039306
1188,-0.006414,-1.3874799999999998,-1.980437,-0.001169,0.983245,-0.182288,0.084189,-0.214666,-0.010798,0.054071,0.018327,-0.025049000000000002
1189,-0.011977,-1.385821,-1.982472,-0.002203,0.982941,-0.18391,0.07809400000000001,-0.16025999999999999,-0.024797,0.073324,0.006195,-0.00043200000000000004
1190,-0.017555,-1.3844809999999999,-1.985587,-0.003252,0.982693,-0.185211,0.058112,-0.101578,-0.030352999999999998,0.068117,0.010989,0.009368000000000001
1191,-0.022119,-1.383705,-1.989316,-0.0041140000000000005,0.982549,-0.18595599999999998,0.025494,-0.00875,-0.039245,0.051019,0.020472,0.021192
1192,-0.025782999999999997,-1.383478,-1.994012,-0.004801,0.982507,-0.18616300000000002,0.002431,0.075514,-0.045924,0.048151,0.01554,0.022543
1193,-0.028513999999999998,-1.383497,-1.9989849999999998,-0.005309,0.982511,-0.18613,-0.001626,0.122401,-0.046012,0.029647000000000003,0.020022,0.016773
1194,-0.031114,-1.383468,-2.004182,-0.005794,0.982505,-0.186144,0.0015890000000000001,0.12028,-0.051328,0.006221,0.009682,0.0058920000000000005
1195,-0.035287,-1.383327,-2.010179,-0.006575,0.9824790000000001,-0.186257,0.00455,0.05957899999999999,-0.058707,-0.020372,0.0018809999999999999,-0.001503
1196,-0.041049,-1.38313,-2.0165189999999997,-0.0076560000000000005,0.982442,-0.186409,0.011798000000000001,0.007368,-0.06179400000000001,-0.029345999999999997,-0.000661,0.004051
1197,-0.047686,-1.38268,-2.02317,-0.008914,0.982358,-0.186796,0.024518,-0.010786,-0.06168200000000001,-0.019223,-0.0012490000000000001,0.003401
1198,-0.05391900000000001,-1.382012,-2.0290340000000002,-0.010114,0.982233,-0.187392,0.031852,-0.032152,-0.053058,-0.009845,0.004065,-0.0034799999999999996
1199,-0.059466,-1.381333,-2.033913,-0.011193,0.9821049999999999,-0.187999,0.029666,-0.035374,-0.044523,-0.008354,0.011242,0.0009720000000000001
1200,-0.063608,-1.380625,-2.037958,-0.012015999999999999,0.981972,-0.188644,0.033048,0.012522,-0.037083,0.012977,0.0020670000000000003,-0.0051270000000000005
1201,-0.06065,-1.379425,-2.035949,-0.011529000000000001,0.9817440000000001,-0.189856,0.028907,0.049783,-0.027543,0.013986000000000002,-0.002023,-0.008524
1202,-0.058487,-1.3786180000000001,-2.034602,-0.011165000000000001,0.98159,-0.190671,0.037307,0.018865,-0.02851,0.012111,0.00132,-0.0027489999999999997
1203,-0.05773300000000001,-1.376919,-2.033693,-0.011117,0.9812649999999999,-0.19234400000000001,0.040327999999999996,-0.032236,-0.039103,0.003243,0.012907,-0.012078
1204,-0.061097000000000005,-1.375614,-2.036659,-0.011842,0.9810120000000001,-0.193583,0.034038,-0.013018,-0.044512,0.0036630000000000005,0.013143,-0.010213
1205,-0.063378,-1.3750639999999998,-2.038973,-0.012318,0.980906,-0.19409400000000002,0.011590999999999999,-0.006612000000000001,-0.028651999999999997,0.005406,0.012564,-0.005155
1206,-0.061524,-1.374069,-2.036641,-0.012018000000000001,0.9807110000000001,-0.19509100000000001,0.019825,-0.042983999999999994,0.002432,-0.001318,-0.00743,-0.011528
1207,-0.061699000000000004,-1.372668,-2.03554,-0.012137,0.9804370000000001,-0.196461,0.036644,-0.067673,0.034628,-0.011972,-0.010863,-0.023875999999999998
1208,-0.063972,-1.369493,-2.035924,-0.012782,0.979807,-0.199537,0.06310700000000001,-0.093423,0.057276,-0.014972999999999998,-0.016169,-0.021456
1209,-0.059213,-1.368002,-2.0289080000000004,-0.011918999999999999,0.979508,-0.20105399999999998,0.087506,-0.111669,0.070289,-0.018248,-0.019393999999999998,-0.016674
1210,-0.057891,-1.365605,-2.024911,-0.011789,0.979022,-0.203414,0.100209,-0.125596,0.078939,-0.005896,-0.0037409999999999995,-0.001497
1211,-0.050910000000000004,-1.363982,-2.015225,-0.01045,0.97869,-0.205078,0.101237,-0.124573,0.088559,0.004743,0.012353,0.006118
1212,-0.042531,-1.362586,-2.004377,-0.008789,0.978402,-0.206523,0.099173,-0.106464,0.090659,0.008407,0.017768,0.0106
1213,-0.035649,-1.362745,-1.9957029999999998,-0.0073620000000000005,0.978435,-0.20642199999999997,0.086615,-0.064818,0.07662999999999999,0.00035800000000000003,0.026417000000000003,0.024507
1214,-0.029554,-1.3625120000000002,-1.9888029999999999,-0.00611,0.9783870000000001,-0.20669099999999999,0.061337,-0.013506,0.053954999999999996,0.004005,0.028051999999999997,0.025585
1215,-0.024357,-1.362754,-1.9841369999999998,-0.00503,0.9784370000000001,-0.206484,0.032945999999999996,0.055930999999999995,0.030166000000000002,0.005046,0.024554,0.024981
1216,-0.020491,-1.362272,-1.9819509999999998,-0.004242,0.9783370000000001,-0.206973,0.022517,0.098622,0.019357,0.020981,0.026514999999999997,0.013475999999999998
1217,-0.01354,-1.36202,-1.977057,-0.002806,0.9782850000000001,-0.207244,0.028931000000000002,0.100734,0.018331999999999998,0.018035,0.024568,0.0015400000000000001
1218,-0.009831,-1.361386,-1.9755369999999999,-0.0020440000000000002,0.9781540000000001,-0.207873,0.032233,0.117789,0.012991999999999998,0.01155,0.022518,-0.004071
1219,-0.009267000000000001,-1.361118,-1.9777580000000001,-0.001929,0.9780979999999999,-0.20813600000000002,0.023923,0.160459,0.0054,-0.014886000000000002,0.012014,0.004385
1220,-0.015615,-1.361094,-1.987512,-0.00325,0.978093,-0.208143,0.030491000000000004,0.191355,-0.001009,-0.033416,-0.0076489999999999995,0.010359
1221,-0.01933,-1.3606129999999999,-1.994933,-0.004033,0.977993,-0.2086,0.036945,0.186074,-0.018053,-0.048777999999999995,-0.002758,0.014279
1222,-0.018997999999999998,-1.359734,-1.9981330000000002,-0.00398,0.977809,-0.209461,0.046585,0.16803800000000002,-0.044668,-0.05057,0.002889,0.015858
1223,-0.027616,-1.359774,-2.009986,-0.005784,0.977817,-0.20938,0.0349,0.158576,-0.066107,-0.039535,0.026791000000000002,0.021894999999999998
1224,-0.031191000000000003,-1.3592229999999998,-2.016577,-0.006548999999999999,0.9777020000000001,-0.209896,0.017711,0.12776099999999999,-0.07046000000000001,-0.03027,0.027958999999999998,0.019497
1225,-0.035535000000000004,-1.358947,-2.022784,-0.00747,0.9776440000000001,-0.21013600000000002,0.009888,0.057445,-0.061878999999999997,-0.028373000000000002,0.026293,0.015891
1226,-0.044844999999999996,-1.3591280000000001,-2.032316,-0.009418000000000001,0.9776819999999999,-0.20988,0.003117,-0.012887000000000001,-0.050088,-0.025967,0.024194999999999998,-0.000675
1227,-0.049655,-1.35911,-2.0366020000000002,-0.010429,0.977678,-0.20985,-0.005567,-0.038452999999999994,-0.042638999999999996,-0.024437999999999998,0.023573,-0.009785
1228,-0.057608000000000006,-1.358586,-2.043482,-0.012126999999999999,0.977568,-0.210272,-0.012181,-0.066208,-0.022356,-0.010075,0.006959999999999999,-0.012766
1229,-0.063362,-1.357743,-2.0472360000000003,-0.013388999999999998,0.97739,-0.21102100000000001,-0.008241,-0.11638399999999999,0.001235,-0.010323,0.002896,-0.016747
1230,-0.070542,-1.356161,-2.051669,-0.015012000000000001,0.9770540000000001,-0.21246199999999998,0.005501,-0.13674,0.015203,-0.016772,0.003399,-0.01462
1231,-0.07410800000000001,-1.3558629999999998,-2.052207,-0.015791,0.9769909999999999,-0.21269699999999997,7.7e-05,-0.149534,0.022658,-0.017213,0.000701,-0.009165999999999999
1232,-0.079472,-1.356114,-2.0547299999999997,-0.016913,0.977044,-0.212364,0.0076879999999999995,-0.119725,0.020534,-0.014490000000000001,-0.002206,0.010674
1233,-0.08001699999999999,-1.3565129999999999,-2.053273,-0.016996999999999998,0.9771290000000001,-0.21196700000000002,0.011078,-0.084553,0.013034,0.006194,0.0020280000000000003,0.008354
1234,-0.075072,-1.357092,-2.0470740000000003,-0.015906,0.977252,-0.211484,0.007965999999999999,-0.064301,0.01299,0.024024,0.008176000000000001,0.010144
1235,-0.069104,-1.3582290000000001,-2.039723,-0.014566999999999998,0.977492,-0.21046700000000002,-0.0006349999999999999,-0.08024099999999999,0.010818000000000001,0.025294,0.013596,0.019944999999999997
1236,-0.064636,-1.359292,-2.033783,-0.01356,0.977716,-0.209492,0.001539,-0.074905,0.006556,0.020319,0.014653999999999999,0.0136
1237,-0.061591,-1.359752,-2.029645,-0.012894,0.9778129999999999,-0.20908400000000002,0.001657,-0.051455999999999995,0.003325,0.015061000000000001,0.0063030000000000004,0.006157999999999999
1238,-0.060137,-1.3598,-2.027079,-0.012587000000000001,0.977823,-0.209056,0.000566,-0.058901,0.001192,0.007581999999999999,0.004691,-0.002095
1239,-0.061591999999999994,-1.359507,-2.027475,-0.012909,0.9777610000000001,-0.209323,0.005973,-0.047184,-0.003058,-0.0035399999999999997,0.005576,-0.009321
1240,-0.06274,-1.358752,-2.0280110000000002,-0.013196000000000001,0.9776030000000001,-0.21004499999999998,0.011424,-0.020575,-0.001986,0.000332,0.004331000000000001,-0.01284
1241,-0.060834000000000006,-1.357968,-2.025832,-0.012842,0.9774370000000001,-0.210835,0.015659,-0.014254,0.011923,0.009302,0.002314,-0.013271000000000002
1242,-0.057141,-1.357373,-2.021687,-0.012095999999999999,0.9773120000000001,-0.211461,0.015535,-0.029218,0.024762,0.008419,0.006712,-0.0076560000000000005
1243,-0.05558,-1.3571309999999999,-2.019231,-0.011779000000000001,0.97726,-0.211716,0.009053,-0.047305,0.02474,-0.001236,0.014316999999999998,-0.004334
1244,-0.05534,-1.356906,-2.018016,-0.011741,0.9772120000000001,-0.211939,0.010173,-0.039835,0.020464,-0.005563,0.015006,-0.003805
1245,-0.054691,-1.356919,-2.016843,-0.011602,0.977215,-0.21193299999999998,0.007091,-0.014253,0.019341,0.00040300000000000004,0.007999,0.004338
1246,-0.052381,-1.356982,-2.01424,-0.01111,0.9772290000000001,-0.211898,0.00599,-0.017462000000000002,0.023611,0.005174,0.009664,0.005522999999999999
1247,-0.048275,-1.357202,-2.0096,-0.010229,0.977275,-0.211727,0.002693,-0.029207,0.033218,0.005712,0.008412000000000001,0.00227
1248,-0.045504,-1.357192,-2.0062439999999997,-0.009643,0.977273,-0.211765,-0.002627,-0.021748,0.037444,-0.002274,0.004706,-0.004407
1249,-0.042126,-1.357204,-2.002334,-0.008927,0.977276,-0.21178400000000003,-0.001622,-0.027112,0.046004,-0.001129,0.0026739999999999997,-0.003517
1250,-0.038327999999999994,-1.3569229999999999,-1.9974669999999999,-0.008133,0.977216,-0.21209099999999997,0.006717,-0.062329999999999997,0.054653,-0.000824,0.007006,-0.008124
1251,-0.036689,-1.356479,-1.9941209999999998,-0.007801000000000001,0.9771219999999999,-0.21253699999999998,0.009861,-0.08148999999999999,0.048289,-0.01176,0.013997999999999998,-0.009722
1252,-0.036537,-1.356149,-1.99249,-0.007781000000000001,0.977052,-0.21286,0.006867,-0.059015,0.024738,-0.019685,0.021789,-0.013687000000000001
1253,-0.040161,-1.355968,-1.995168,-0.008559,0.9770129999999999,-0.213008,-0.005733,-0.031205,0.007519,-0.015763,0.024986,-0.007146
1254,-0.04131,-1.3562020000000001,-1.995914,-0.008795,0.9770629999999999,-0.212769,-0.020562999999999998,-0.014083000000000002,0.000984,-0.009607,0.024402,-0.00891
1255,-0.042469,-1.356581,-1.996809,-0.009025,0.977143,-0.21239,-0.029097,-0.008748,0.006258,-0.0028,0.01625,-0.007626999999999999
1256,-0.041507,-1.357204,-1.9957650000000002,-0.008796,0.977276,-0.21178899999999998,-0.032288,0.002942,0.015835,-0.008828,0.0027199999999999998,-0.011081
1257,-0.042078,-1.357213,-1.9965950000000001,-0.008916,0.9772780000000001,-0.21177600000000002,-0.026856,0.02529,0.016909999999999998,-0.009577,0.0036950000000000004,-0.0132
1258,-0.041797,-1.357277,-1.996822,-0.008854,0.977291,-0.211716,-0.026816000000000003,0.029568,0.012631,-0.005229999999999999,0.009525,-0.009445
1259,-0.038355,-1.35807,-1.994148,-0.008095999999999999,0.977459,-0.210971,-0.024592,0.043435,0.006221,0.017144,0.008442,0.009585
1260,-0.034367,-1.359024,-1.991257,-0.007222,0.9776600000000001,-0.210069,-0.027737,0.053047000000000004,0.002984,0.024465,0.010865999999999999,0.01465
1261,-0.025889,-1.36067,-1.98377,-0.005399,0.9780049999999999,-0.20851399999999998,-0.03108,0.032777,0.013674,0.027112999999999998,0.011940000000000001,0.019472
1262,-0.022758,-1.361657,-1.9812020000000001,-0.004725,0.97821,-0.207565,-0.032206,0.028485000000000003,0.022218,0.006663,0.008408,0.012405
1263,-0.019944,-1.362468,-1.979041,-0.004125,0.9783780000000001,-0.20678400000000002,-0.035325,0.044483999999999996,0.020038999999999998,0.000127,0.004792,0.002454
1264,-0.018668,-1.362967,-1.9789150000000002,-0.0038520000000000004,0.9784809999999999,-0.2063,-0.034099000000000004,0.066902,0.007199,-0.005379999999999999,0.012303,-0.007994
1265,-0.017195,-1.363538,-1.9791419999999997,-0.0035380000000000003,0.978599,-0.20574699999999999,-0.029611000000000002,0.095731,-0.013102,0.0027600000000000003,0.011512999999999999,-0.004306
1266,-0.016587,-1.364143,-1.9809419999999998,-0.003403,0.978723,-0.20515799999999998,-0.033615,0.129932,-0.037742000000000005,0.009446,0.006171,-0.003125
1267,-0.011865,-1.3647719999999999,-1.979525,-0.002427,0.978852,-0.204555,-0.034509,0.165103,-0.040994,0.038560000000000004,0.004638000000000001,-1.9e-05
1268,-0.002013,-1.365607,-1.9732349999999999,-0.00041,0.979023,-0.203752,-0.029291,0.161801,-0.018515,0.034163,0.008374,0.004304
1269,0.002945,-1.3663969999999999,-1.9714939999999999,0.000598,0.979183,-0.202978,-0.030477999999999998,0.156393,0.002849,0.017606,0.008564,0.005286
1270,0.007114,-1.367299,-1.970535,0.001438,0.979366,-0.20209000000000002,-0.03047,0.163829,0.008181,-0.0059240000000000004,0.013234000000000001,0.002643
1271,0.0074,-1.3686129999999999,-1.973259,0.001486,0.9796309999999999,-0.200803,-0.03904,0.14791400000000002,-0.00040599999999999995,-0.013739,0.014190000000000001,0.011228
1272,0.008145,-1.369964,-1.975393,0.001625,0.979901,-0.199478,-0.035769999999999996,0.14796700000000002,-0.016408000000000002,-0.009895000000000001,0.01102,0.022446
1273,0.008870999999999999,-1.372009,-1.978203,0.0017519999999999999,0.9803069999999999,-0.197473,-0.041944999999999996,0.190634,-0.025052,0.00047599999999999997,0.011545,0.024423
1274,0.011512999999999999,-1.3737030000000001,-1.979698,0.002254,0.98064,-0.195806,-0.052549,0.204525,-0.026211,0.007572,0.010388,0.025396000000000002
1275,0.013352000000000001,-1.37474,-1.98163,0.002601,0.980842,-0.19478499999999999,-0.050592000000000005,0.175713,-0.015478,0.000359,0.013328999999999999,0.0158
1276,0.011705,-1.375956,-1.9863240000000002,0.0022660000000000002,0.981079,-0.193596,-0.049684,0.14161600000000002,-0.014362,-0.01548,0.023774,-0.0033950000000000004
1277,0.005741,-1.377104,-1.994716,0.001105,0.9813,-0.19247999999999998,-0.059329,0.117193,-0.026188,-0.025305,0.019097,-0.003855
1278,-0.002362,-1.3786209999999999,-2.005163,-0.00045099999999999996,0.981591,-0.190994,-0.06777799999999999,0.12260399999999999,-0.040145,-0.026525999999999997,0.007331,0.0016940000000000002
1279,-0.00792,-1.380228,-2.013281,-0.0015,0.9818969999999999,-0.189411,-0.073022,0.130131,-0.053011,-0.022487,0.006537,0.004932
1280,-0.014956,-1.382528,-2.022859,-0.002799,0.9823299999999999,-0.187137,-0.06984299999999999,0.12161400000000001,-0.057253,-0.011590000000000001,0.017685,0.014041
1281,-0.019975,-1.384321,-2.030439,-0.003703,0.982664,-0.185359,-0.076198,0.128045,-0.061578999999999995,-0.007039,0.014284,0.010768000000000002
1282,-0.029033,-1.386392,-2.042169,-0.005323,0.9830459999999999,-0.183283,-0.083663,0.129137,-0.061635,-0.018191,0.017838999999999997,0.007654
1283,-0.040025,-1.388662,-2.055453,-0.007248,0.983459,-0.18098399999999998,-0.08910900000000001,0.101471,-0.064846,-0.022888,0.014969,0.010986
1284,-0.053475999999999996,-1.391269,-2.070405,-0.009544,0.983928,-0.178309,-0.092471,0.059962,-0.071229,-0.009636,0.0065049999999999995,0.008692
1285,-0.061282,-1.392974,-2.07917,-0.010833,0.984231,-0.176555,-0.078729,0.035470999999999996,-0.072198,0.00032,-0.000146,0.004375
1286,-0.06664199999999999,-1.394369,-2.085248,-0.011687999999999999,0.984477,-0.175124,-0.071395,0.021532,-0.056103999999999994,0.007339,-0.010218999999999999,0.0008529999999999999
1287,-0.069701,-1.3969280000000002,-2.088765,-0.012048,0.984923,-0.172574,-0.06508,0.030986,-0.028297000000000003,0.006601,-0.000304,0.036220999999999996
1288,-0.06692100000000001,-1.399553,-2.088021,-0.011395,0.985374,-0.170026,-0.084989,0.141725,0.001334,0.022382,0.007455,0.044233
1289,-0.053753999999999996,-1.401545,-2.077969,-0.00905,0.985711,-0.168201,-0.043604000000000004,0.13714,0.046498000000000005,0.081316,0.0026920000000000004,-0.00935
1290,-0.044031,-1.401804,-2.069328,-0.007403,0.9857549999999999,-0.168026,0.011106,0.006822,0.087639,0.025789999999999997,-0.014913999999999998,-0.051807000000000006
1291,-0.034347,-1.401298,-2.058295,-0.0057929999999999995,0.98567,-0.16858900000000002,0.033117,-0.077425,0.09110599999999999,-0.013326,-0.027997,-0.048803
1292,-0.024965,-1.400771,-2.0478,-0.004224,0.9855799999999999,-0.169155,0.028002999999999997,-0.029464999999999998,0.08993999999999999,-0.031894,-0.026825,-0.042377
1293,-0.015227000000000001,-1.39988,-2.036504,-0.00259,0.9854290000000001,-0.170066,0.053186000000000004,-0.112569,0.093389,0.034252,-0.017015,-0.029625
1294,-0.006464,-1.3989280000000002,-2.024455,-0.001106,0.985267,-0.17102,0.044392,-0.161575,0.101937,0.043021,0.011864,-0.018174
1295,0.0015810000000000002,-1.3982370000000002,-2.013903,0.000271,0.9851479999999999,-0.171704,0.025633999999999997,-0.082597,0.08140800000000001,0.013965,0.018697,0.006862999999999999
1296,0.007562999999999999,-1.398013,-2.0067180000000002,0.0013,0.98511,-0.17192000000000002,0.002436,-0.053625,0.049162,0.001294,0.025006999999999998,0.018981
1297,0.009396999999999999,-1.398285,-2.003198,0.0016129999999999999,0.985157,-0.171649,-0.028594,-0.10346500000000002,0.019099,0.0031940000000000002,0.019847999999999998,-0.008862
1298,0.007035,-1.399167,-2.002929,0.001201,0.985308,-0.170784,-0.046773,-0.140575,-0.008754000000000001,0.0065650000000000005,0.010877,-0.017418
1299,0.0024219999999999997,-1.400093,-2.004715,0.000411,0.985466,-0.169875,-0.045687,-0.143745,-0.01622,0.003785,0.009285,-0.010591
1300,-0.0012369999999999998,-1.4011799999999999,-2.005703,-0.00020899999999999998,0.98565,-0.168803,-0.054165,-0.12456500000000001,-0.009894,0.004007999999999999,-0.00019099999999999998,0.003062
1301,-0.002911,-1.402252,-2.0055650000000003,-0.000488,0.9858299999999999,-0.167747,-0.048717,-0.074513,0.008196,0.017593,-0.00031099999999999997,0.001198
1302,0.0028079999999999997,-1.403108,-1.99804,0.000469,0.985973,-0.166902,-0.025505,-0.12150899999999999,0.019104,0.031971,0.017246,0.000627
1303,0.005808,-1.402799,-1.991552,0.0009710000000000001,0.985922,-0.167205,-0.020562,-0.18872,0.039522,0.010656,-0.003988,-0.020081
1304,0.002857,-1.402695,-1.9909599999999998,0.000478,0.9859040000000001,-0.16731,-0.057784,-0.160901,0.041361,-0.016927,0.016491,-0.017352
1305,0.0034219999999999997,-1.404043,-1.9868919999999999,0.0005679999999999999,0.986129,-0.165981,-0.10382100000000001,-0.18634900000000001,0.051753,-0.009082,0.019044,-0.020237
1306,0.005643,-1.405335,-1.980087,0.0009289999999999999,0.986342,-0.164705,-0.04013,-0.237787,0.07256,-0.002822,-0.00418,0.00432
1307,0.008867,-1.405337,-1.971759,0.00146,0.9863430000000001,-0.164699,-0.000612,-0.259106,0.041885000000000006,0.00948,0.007264,-0.009068000000000001
1308,0.008262,-1.4049690000000001,-1.96665,0.001364,0.986282,-0.16506300000000002,0.019611,-0.29529299999999997,0.016437,0.012551999999999999,0.007736,-0.007559999999999999
1309,0.005961999999999999,-1.404578,-1.96311,0.000986,0.986218,-0.165451,-0.020925,-0.286647,0.021449,0.003011,0.019306,-0.009812000000000001
1310,0.00954,-1.405413,-1.954127,0.0015710000000000001,0.986355,-0.164623,-0.048658,-0.27487399999999995,0.031925,0.018693,0.011875,0.007167
1311,0.010125,-1.4068479999999999,-1.948433,0.001652,0.986591,-0.163207,-0.040928,-0.23222600000000002,0.015903,0.013956999999999999,0.0008060000000000001,0.018507
1312,0.006914,-1.40733,-1.947691,0.001125,0.986669,-0.162735,-0.009729999999999999,-0.18329700000000002,0.0075120000000000004,0.019688,0.006113,0.028656
1313,0.005324000000000001,-1.407354,-1.945446,0.000866,0.9866729999999999,-0.16271300000000002,-0.004526,-0.197224,0.022521,-0.010052,0.004156,-0.00373
1314,0.00039,-1.407219,-1.946559,6.4e-05,0.9866510000000001,-0.162849,-0.033166,-0.175758,0.007337000000000001,-0.015826,0.00488,-0.020363
1315,-0.005321,-1.407563,-1.9486860000000001,-0.000865,0.986707,-0.16250799999999999,-0.015028999999999999,-0.188554,-0.005339,-0.008214,0.003268,-0.006606
1316,-0.009452,-1.4077879999999998,-1.9485860000000002,-0.001534,0.9867440000000001,-0.16228,-0.002414,-0.2259,-0.00093,0.002449,0.009091,0.0031309999999999997
1317,-0.013739,-1.408038,-1.9479630000000001,-0.002226,0.986784,-0.162025,-0.024986,-0.255679,0.006428,0.001585,0.009340000000000001,-0.002983
1318,-0.020737000000000002,-1.408101,-1.949744,-0.0033590000000000004,0.9867940000000001,-0.161943,-0.037752,-0.252421,0.002061,-0.009276000000000001,-0.0028469999999999997,-0.013365
1319,-0.02344,-1.4079780000000002,-1.947855,-0.0037990000000000003,0.9867739999999999,-0.162055,0.019877000000000002,-0.23350700000000002,0.017394999999999997,-0.001129,0.046932,-0.007943
1320,-0.018216,-1.407913,-1.9383279999999998,-0.002954,0.986764,-0.16213699999999998,-0.035416,-0.204503,0.005225,0.032983,-0.0001,-0.008440999999999999
1321,-0.015144,-1.408521,-1.931286,-0.002447,0.9868620000000001,-0.161546,-0.012013,-0.19509500000000002,0.029947,0.02326,0.006423999999999999,0.007295
1322,-0.010526,-1.408056,-1.923259,-0.0017050000000000001,0.9867870000000001,-0.16201400000000002,-0.007605,-0.158912,0.035275,0.011044,-0.001084,-0.014667
1323,-0.008268000000000001,-1.4067129999999999,-1.9173930000000001,-0.001351,0.986569,-0.16334200000000001,-0.000286,-0.195149,0.033237,0.00011499999999999999,-0.005520000000000001,-0.024234000000000002
1324,-0.00943,-1.406085,-1.91455,-0.001546,0.986466,-0.16396,0.015809,-0.18981900000000002,0.018387,0.000264,-0.006852,-0.015697
1325,-0.008859,-1.4056389999999999,-1.910175,-0.001456,0.9863930000000001,-0.164401,0.023181,-0.18993,0.039804,0.000983,-0.014362,0.004915999999999999
1326,-0.006437000000000001,-1.405292,-1.9040669999999997,-0.00106,0.9863350000000001,-0.164747,0.017884999999999998,-0.170779,0.050425,-0.000633,-0.0033179999999999998,0.0015689999999999999
1327,-0.0015869999999999999,-1.4039979999999999,-1.895746,-0.000264,0.9861209999999999,-0.166025,0.023236,-0.182455,0.035524,0.013263999999999998,0.014901,-0.020406999999999998
1328,0.001418,-1.402971,-1.888885,0.00023700000000000001,0.98595,-0.16703800000000002,0.029644,-0.194144,0.022767,0.009406999999999999,0.014385,-0.0060420000000000005
1329,0.001484,-1.4027049999999999,-1.885334,0.000248,0.985906,-0.167301,0.018071,-0.16425,0.016239,0.00349,0.028819,0.000538
1330,0.0005740000000000001,-1.4025940000000001,-1.882903,9.6e-05,0.9858870000000001,-0.16741,-0.009677,-0.176893,0.005379999999999999,0.003825,0.0222,-0.006143
1331,-0.001984,-1.403015,-1.881776,-0.000331,0.985958,-0.166995,-0.027752,-0.18314,-0.015034,0.010081999999999999,0.012837000000000001,-0.005078
1332,-0.002727,-1.403592,-1.879523,-0.000454,0.9860540000000001,-0.166426,-0.029723000000000003,-0.143732,-0.01408,0.017741999999999997,0.017425,-0.001497
1333,-0.000795,-1.403969,-1.874482,-0.000132,0.986117,-0.166055,-0.02667,-0.1704,-0.007612000000000001,0.022196,0.004545,-0.00611
1334,-0.0009960000000000001,-1.404185,-1.8716259999999998,-0.000165,0.986152,-0.16584200000000002,-0.025454,-0.145868,-0.016178,0.015638,-0.00869,-0.008231
1335,-0.00162,-1.403987,-1.869523,-0.000269,0.9861200000000001,-0.166037,-0.018013,-0.139553,-0.003314,0.012048999999999999,0.004908,-0.016702
1336,-0.0005099999999999999,-1.403864,-1.865343,-8.499999999999999e-05,0.986099,-0.166158,-0.007534999999999999,-0.167347,0.011752,0.014169,0.015686000000000002,-0.008768999999999999
1337,0.000321,-1.403629,-1.8608799999999999,5.3e-05,0.98606,-0.16639,0.016873,-0.190889,0.017294999999999998,0.031883,-0.005729,0.004006
1338,0.008775,-1.403333,-1.848859,0.001463,0.9860110000000001,-0.166676,0.029684,-0.166521,0.03979,0.028399,-0.0032380000000000004,0.0061530000000000005
1339,0.014306000000000001,-1.403111,-1.840831,0.002388,0.985974,-0.166883,0.016073,-0.098338,0.050291,0.017022,0.00014099999999999998,0.010404
1340,0.023157,-1.4036680000000001,-1.8303169999999997,0.0038520000000000004,0.986067,-0.16630599999999998,0.013978999999999998,-0.082376,0.056666999999999995,0.012536,0.010637,0.020905
1341,0.03022,-1.4042780000000001,-1.8212959999999998,0.005007999999999999,0.986168,-0.165674,0.019263,-0.099412,0.050317,0.004178,0.015862,0.020044
1342,0.030608,-1.404507,-1.8193009999999998,0.005065999999999999,0.9862059999999999,-0.165447,0.008904,-0.055596000000000007,0.02455,-0.016006,0.021347,0.016888
1343,0.029538,-1.404866,-1.819446,0.004878,0.986265,-0.165097,0.005745,-0.057668,0.012779,-0.009761,0.021318,0.019055000000000002
1344,0.025754000000000003,-1.4055520000000001,-1.8211490000000001,0.004236,0.9863780000000001,-0.164438,0.004408,-0.122624,0.007509999999999999,-0.013727000000000001,0.01025,0.012018000000000001
1345,0.018527000000000002,-1.406068,-1.8260060000000002,0.003038,0.9864629999999999,-0.163956,-0.014562,-0.096884,-0.019363,-0.026918,0.023196,0.009766
1346,0.009833,-1.406611,-1.8331439999999999,0.001607,0.9865520000000001,-0.163441,-0.013313,-0.077628,-0.040744999999999996,-0.011387999999999999,0.014425,0.003925
1347,0.002874,-1.407022,-1.8382560000000001,0.000469,0.986619,-0.163043,0.007859999999999999,-0.100128,-0.026681,-0.000591,0.029020999999999998,0.000552
1348,-0.005194,-1.407319,-1.8439029999999998,-0.0008449999999999999,0.986667,-0.162748,-0.008163,-0.126614,-0.049192,0.007268999999999999,0.016919,0.008237999999999999
1349,-0.010125,-1.407931,-1.8462330000000002,-0.0016420000000000002,0.9867670000000001,-0.162138,-0.009241,-0.131923,-0.052395000000000004,0.013925,0.015491,0.004804
1350,-0.018907,-1.408099,-1.852784,-0.003062,0.9867940000000001,-0.161951,-0.01124,-0.10102699999999999,-0.051379999999999995,0.015346,0.015463999999999999,0.004618
1351,-0.020696,-1.408138,-1.853062,-0.003351,0.9868,-0.161907,-0.011149,-0.07760399999999999,-0.048201999999999995,0.022211,0.000932,-0.003331
1352,-0.024447999999999998,-1.408631,-1.855623,-0.003947,0.98688,-0.161408,-0.018536,-0.05946799999999999,-0.048275,0.022654,0.000638,0.006958
1353,-0.026851999999999997,-1.409008,-1.8569490000000002,-0.004325,0.986941,-0.161025,-0.009007,-0.066992,-0.039651,0.025869999999999997,0.001829,0.005294
1354,-0.029977999999999998,-1.408794,-1.85867,-0.004835,0.986906,-0.161222,-0.008006000000000001,-0.079787,-0.037489999999999996,0.007093,0.003618,-0.0067469999999999995
1355,-0.03633,-1.4087809999999998,-1.863419,-0.0058590000000000005,0.9869040000000001,-0.161201,-0.010154,-0.085097,-0.039635000000000004,0.001037,0.008121,-0.008309
1356,-0.04381,-1.408678,-1.8692509999999998,-0.007069,0.9868879999999999,-0.161254,-0.006924,-0.085083,-0.046022,-0.002514,0.011739,-0.010346
1357,-0.049033,-1.408851,-1.872838,-0.007903,0.986916,-0.161044,-0.013368000000000001,-0.09677000000000001,-0.048187,0.011519,0.019722,-0.004849
1358,-0.053152,-1.40944,-1.874579,-0.008535,0.98701,-0.16043,-0.030639999999999997,-0.14993900000000002,-0.05678300000000001,0.016256,0.023671,0.002364
1359,-0.062024,-1.410508,-1.8802590000000001,-0.009893,0.987181,-0.159296,-0.053101999999999996,-0.163704,-0.057989,0.016697999999999998,0.018449,0.0050609999999999995
1360,-0.07096000000000001,-1.411902,-1.886612,-0.011218,0.987403,-0.157829,-0.053997,-0.11367999999999999,-0.046308999999999996,0.0005679999999999999,-0.000525,-0.006371
1361,-0.07903400000000001,-1.412483,-1.8926009999999998,-0.012447,0.9874950000000001,-0.157161,-0.032616,-0.119021,-0.061107,0.009334,0.000268,-0.006809999999999999
1362,-0.087034,-1.412902,-1.8977689999999998,-0.013668000000000001,0.987561,-0.156644,-0.025378,-0.155325,-0.046055,0.007412,0.010166,-0.00044500000000000003
1363,-0.09395099999999999,-1.4132069999999999,-1.901703,-0.014722999999999998,0.987608,-0.156246,-0.019996,-0.153179,-0.054564,0.018231999999999998,-0.000334,-0.004444
1364,-0.09335800000000001,-1.413392,-1.898091,-0.014613,0.9876379999999999,-0.15607200000000002,0.006613,-0.163937,-0.051155,0.021632,-0.00040899999999999997,0.00032599999999999996
1365,-0.099747,-1.412972,-1.9012779999999998,-0.015650999999999998,0.9875719999999999,-0.156389,0.016162,-0.168261,-0.043604000000000004,0.016887,0.0046619999999999995,-0.0042710000000000005
1366,-0.105717,-1.412579,-1.904007,-0.016625,0.98751,-0.15667799999999998,0.015057,-0.164047,-0.030798000000000002,0.010202,0.009545,-0.0029739999999999996
1367,-0.111006,-1.412751,-1.905764,-0.017435,0.9875370000000001,-0.15642,0.029823000000000002,-0.192895,-0.022111000000000002,0.005259000000000001,0.009106,0.011843000000000001
1368,-0.117897,-1.41218,-1.9085029999999998,-0.018579,0.987447,-0.156856,0.025478999999999998,-0.220534,-0.032788,0.003061,0.010905,0.002956
1369,-0.125094,-1.411242,-1.911128,-0.019823,0.987298,-0.157637,0.017969,-0.239644,-0.042429,0.006609,0.011298,-0.010713
1370,-0.132703,-1.41039,-1.9139669999999998,-0.021133000000000002,0.9871620000000001,-0.158315,0.004101,-0.240657,-0.043592,0.007659999999999999,0.002462,-0.012491
1371,-0.138619,-1.410342,-1.9156259999999998,-0.022076,0.9871549999999999,-0.15823399999999999,-0.002175,-0.200205,-0.030868,0.013226,-0.011447,0.005493
1372,-0.14269400000000002,-1.4106239999999999,-1.916106,-0.022681,0.9872,-0.157868,0.016051,-0.17366199999999998,-0.024364,0.012229,-0.0056630000000000005,0.008881
1373,-0.148832,-1.4106100000000001,-1.918541,-0.023652,0.9871979999999999,-0.15773900000000002,-0.021317,-0.19159400000000001,-0.036351,-0.002548,0.00055,-0.007773
1374,-0.159866,-1.4103459999999999,-1.925984,-0.025432,0.9871549999999999,-0.157725,0.006479,-0.175725,-0.032974,-0.019978,0.002209,-0.0055439999999999994
1375,-0.17191800000000002,-1.4095879999999998,-1.9351619999999998,-0.027458999999999997,0.987034,-0.158145,0.021699,-0.122476,-0.042553,-0.030967,-0.004841,-0.0035369999999999998
1376,-0.18576099999999998,-1.408575,-1.9464279999999998,-0.029830000000000002,0.9868709999999999,-0.15873199999999998,0.026851,-0.142816,-0.022198,-0.025101,-0.016397,0.000682
1377,-0.19491,-1.40772,-1.9517919999999997,-0.031445,0.9867319999999999,-0.159281,0.041408999999999994,-0.21110900000000002,-0.005988,-0.031742,0.0035479999999999995,0.0009400000000000001
1378,-0.199054,-1.406618,-1.950939,-0.032319,0.986553,-0.16021400000000002,0.061416,-0.26764699999999997,-0.003639,-0.047957,0.017185,-0.005344
1379,-0.20397300000000002,-1.405325,-1.950343,-0.033365,0.986341,-0.161303,0.063516,-0.27829499999999996,-0.006816,-0.054113,0.0031309999999999997,-0.014662
1380,-0.21572399999999997,-1.403232,-1.9562810000000002,-0.0357,0.985994,-0.162916,0.065536,-0.291137,0.00603,-0.043828,0.006346,-0.017702000000000002
1381,-0.218236,-1.401899,-1.9524080000000001,-0.036394,0.985771,-0.164108,0.073808,-0.333841,0.022165,-0.035383,0.006249,-0.013031000000000001
1382,-0.225113,-1.400349,-1.9518659999999999,-0.037863,0.985509,-0.16534400000000002,0.07246799999999999,-0.381826,0.035033999999999996,-0.022364,0.002757,0.006804999999999999
1383,-0.236645,-1.399712,-1.9549020000000001,-0.039914,0.985401,-0.165506,0.075414,-0.425569,0.045742000000000005,-0.025592,0.007259999999999999,0.007821999999999999
1384,-0.24261100000000002,-1.398421,-1.952482,-0.041206,0.98518,-0.1665,0.067095,-0.38821300000000003,0.034952,-0.029122000000000002,0.013035,0.002712
1385,-0.248327,-1.3973280000000001,-1.951185,-0.042422,0.984992,-0.167305,0.056733000000000006,-0.332731,0.021988,-0.0040869999999999995,0.020501,-0.000786
1386,-0.249908,-1.3967129999999999,-1.945511,-0.042836,0.984886,-0.167825,0.058597,-0.3786,0.035947,0.005391,0.012306999999999998,0.00599
1387,-0.253866,-1.39593,-1.9416759999999997,-0.043694,0.98475,-0.1684,0.036131,-0.375394,0.052877,-0.019126,-0.000207,9.6e-05
1388,-0.258198,-1.395477,-1.9378349999999998,-0.044537,0.984671,-0.168641,0.033705,-0.426575,0.06681000000000001,-0.031238,0.007517,0.00293
1389,-0.269285,-1.394366,-1.939156,-0.046695,0.984476,-0.169191,0.04623,-0.49052700000000005,0.06483799999999999,-0.042249,-0.001429,-0.006834000000000001
1390,-0.27860300000000005,-1.3933659999999999,-1.9386619999999999,-0.04854,0.9843,-0.169695,0.05169,-0.47239899999999996,0.055235,-0.052809,-0.006562999999999999,0.000536
1391,-0.285031,-1.392279,-1.9351509999999998,-0.04993,0.984108,-0.170406,0.067506,-0.49702399999999997,0.072465,-0.021236,-0.004219,-0.002247
1392,-0.284623,-1.390967,-1.924368,-0.050224,0.983874,-0.171666,0.072631,-0.511023,0.10563299999999999,-0.005944,0.012387,-0.008952
1393,-0.28025300000000003,-1.390172,-1.9092939999999998,-0.049689,0.9837319999999999,-0.17263499999999998,0.083088,-0.535651,0.12817,-0.002313,0.012804,0.001462
1394,-0.275109,-1.389313,-1.892738,-0.049030000000000004,0.983577,-0.173701,0.079701,-0.564453,0.141002,-0.005718,0.000493,0.0020399999999999997
1395,-0.272041,-1.388898,-1.877718,-0.048607,0.9835020000000001,-0.174244,0.075279,-0.586856,0.152748,-0.012078,0.012088,0.013172
1396,-0.266797,-1.388241,-1.860334,-0.047862,0.983383,-0.17512,0.07315,-0.5900270000000001,0.148464,-0.011708,0.013016,-0.002782
1397,-0.262635,-1.387569,-1.844034,-0.047305,0.983261,-0.175956,0.06462999999999999,-0.598472,0.136665,0.001239,0.024491,0.001045
1398,-0.259577,-1.38806,-1.8283619999999998,-0.046642,0.98335,-0.17563299999999998,0.059235,-0.620786,0.12704200000000002,0.002926,0.007723000000000001,0.023243
1399,-0.260944,-1.387987,-1.8179169999999998,-0.046901,0.9833370000000001,-0.17563900000000002,0.039457,-0.543884,0.093689,-0.017842,0.011491,0.018031000000000002
1400,-0.26350300000000004,-1.388315,-1.8101450000000001,-0.047267,0.9833959999999999,-0.175207,0.025845999999999997,-0.49586099999999994,0.08391799999999999,-0.011602,0.012423,0.020803
1401,-0.261883,-1.388946,-1.798144,-0.046822,0.983511,-0.174683,0.036354000000000004,-0.522564,0.092572,0.010079000000000001,0.014658000000000001,0.010453
1402,-0.261432,-1.388781,-1.7869560000000002,-0.046785,0.9834809999999999,-0.174861,0.029967,-0.522529,0.089323,0.001741,0.012231,-0.0032549999999999996
1403,-0.26117399999999996,-1.387872,-1.776529,-0.046971,0.983316,-0.17573699999999998,0.032343000000000004,-0.48624799999999996,0.072202,0.0023079999999999997,0.007987000000000001,-0.024794
1404,-0.261387,-1.387435,-1.7672189999999999,-0.047119,0.9832360000000001,-0.17614200000000002,0.038883,-0.46811,0.05940700000000001,0.009934,0.030848,-0.019033
1405,-0.256726,-1.387022,-1.7533900000000002,-0.046401,0.9831610000000001,-0.176752,0.048686,-0.444622,0.038085,0.034407,0.007363,0.002924
1406,-0.25971500000000003,-1.386377,-1.748014,-0.047092,0.983043,-0.177225,0.039247000000000004,-0.402003,0.044374000000000004,0.057925,0.014103999999999998,0.013193
1407,-0.261275,-1.386311,-1.742182,-0.047385000000000004,0.983031,-0.177215,0.005371,-0.336928,0.050463,0.057578,0.013566,0.012816
1408,-0.262585,-1.3864969999999999,-1.738005,-0.04757,0.983065,-0.176976,0.0006360000000000001,-0.224971,0.028922000000000003,0.046166000000000006,0.010236,0.007161
1409,-0.258223,-1.3863290000000001,-1.730346,-0.046839,0.983034,-0.177342,0.010698000000000001,-0.14502,0.00646,0.044932,0.015898,-0.011271999999999999
1410,-0.26068600000000003,-1.386109,-1.7300529999999998,-0.047332,0.982994,-0.17743399999999998,0.011856,-0.134332,-0.003159,0.047682999999999996,0.014,-0.002375
1411,-0.262895,-1.385936,-1.730315,-0.047768,0.9829620000000001,-0.177494,0.01001,-0.070409,-0.003254,0.041054,0.015222,-0.00079
1412,-0.254689,-1.385586,-1.7215150000000001,-0.046396,0.9828979999999999,-0.17821199999999998,0.022966,-0.019388,0.013866,0.039713,-0.00075,-0.010584999999999999
1413,-0.245434,-1.384982,-1.7123830000000002,-0.044889,0.982786,-0.17921099999999998,0.012442,0.015791,0.016956,0.035460000000000005,-0.004072,-0.018497
1414,-0.23328600000000002,-1.3845040000000002,-1.7010619999999999,-0.042818,0.982698,-0.180199,0.015754,0.037098,0.013752,0.022264,0.008712000000000001,-0.008643999999999999
1415,-0.22694499999999998,-1.384307,-1.695402,-0.041718,0.982661,-0.18065599999999998,0.007215000000000001,0.028637,0.006228,0.02301,0.014012,-0.008445999999999999
1416,-0.21742199999999998,-1.38414,-1.686749,-0.040031,0.9826299999999999,-0.181205,-0.0044340000000000004,0.041487,-0.000275,0.022697,0.008398000000000001,-0.01014
1417,-0.211811,-1.3846690000000001,-1.6823810000000001,-0.038904,0.982728,-0.180919,-0.025671,0.06605499999999999,0.001684,0.029154000000000003,0.013228,-0.003941
1418,-0.197236,-1.3865290000000001,-1.669715,-0.035905,0.9830709999999999,-0.179674,-0.022267,0.094876,-0.015413,0.044542,0.011802,0.008318
1419,-0.19213,-1.386911,-1.6673200000000001,-0.034914999999999995,0.9831409999999999,-0.17948599999999998,-0.016583,0.15670699999999999,-0.031473,0.034549,0.005278,-0.0017579999999999998
1420,-0.187968,-1.387251,-1.667831,-0.034106,0.983203,-0.179302,-0.027739,0.267608,-0.049851,0.027620999999999996,0.0034920000000000003,-0.005025
1421,-0.176591,-1.388465,-1.663102,-0.031854,0.983424,-0.178503,-0.050818,0.33064,-0.074655,0.04551,0.017797,0.003698
1422,-0.163206,-1.391134,-1.656999,-0.029035000000000002,0.9839040000000001,-0.176323,-0.090061,0.356454,-0.101659,0.08151,0.059262999999999996,0.026222000000000002
1423,-0.171026,-1.3928719999999999,-1.673558,-0.030122000000000003,0.9842129999999999,-0.174405,-0.11601800000000001,0.47176999999999997,-0.145785,0.087785,0.057915999999999995,0.034803
1424,-0.181686,-1.394907,-1.696335,-0.031618,0.9845709999999999,-0.172104,-0.14693599999999998,0.664891,-0.19538699999999998,0.093477,0.01375,0.045212
1425,-0.19148900000000002,-1.397683,-1.7221830000000002,-0.032783,0.9850530000000001,-0.169102,-0.196292,0.841892,-0.193822,0.07262300000000001,-0.065513,0.037906
1426,-0.197134,-1.401123,-1.7463400000000002,-0.033073000000000005,0.98564,-0.16558900000000001,-0.20567399999999997,0.9344290000000001,-0.15020899999999998,0.026282999999999997,-0.028624,0.001634
1427,-0.198651,-1.404248,-1.766262,-0.032716,0.9861629999999999,-0.162519,-0.184849,0.8532620000000001,-0.116844,-0.020049,0.024518,-0.039629000000000004
1428,-0.204502,-1.407015,-1.787265,-0.033112,0.986618,-0.159653,-0.14590799999999998,0.6924399999999999,-0.15909500000000001,-0.045516,0.049988,-0.076721
1429,-0.21598,-1.408133,-1.81177,-0.034706,0.9868,-0.158184,-0.068122,0.627361,-0.202266,-0.093666,0.031923,-0.07417699999999999
1430,-0.230737,-1.407949,-1.840552,-0.037078,0.98677,-0.157832,-0.038761000000000004,0.7158180000000001,-0.237425,-0.051972000000000004,0.013047,-0.066259
1431,-0.243481,-1.4079190000000001,-1.868137,-0.039094,0.986765,-0.157376,-0.058185,0.707202,-0.196957,0.036271,-0.021433,-0.010929000000000001
1432,-0.249592,-1.40835,-1.8877259999999998,-0.03995,0.986835,-0.156722,-0.060952,0.645109,-0.117849,0.10151900000000001,-0.03966,0.023116
1433,-0.246738,-1.4091719999999999,-1.8989779999999998,-0.039304,0.986967,-0.156048,-0.06073099999999999,0.752466,-0.059233,0.087979,-0.031584,0.014294
1434,-0.23670300000000002,-1.410193,-1.9062259999999998,-0.0375,0.987131,-0.15545499999999998,-0.061155999999999995,0.913242,-0.04239,0.042214999999999996,-0.005518,-0.023393999999999998
1435,-0.22635500000000003,-1.410878,-1.915175,-0.035737,0.98724,-0.155175,-0.040469,0.972958,-0.075437,0.006807,0.025211,-0.049155000000000004
1436,-0.21927800000000003,-1.410992,-1.927452,-0.034614,0.987258,-0.155315,-0.021261000000000002,0.94637,-0.10304300000000001,-0.013574000000000001,0.025773,-0.041051
1437,-0.214023,-1.411187,-1.940925,-0.033756,0.987289,-0.155306,-0.042746,0.915544,-0.101017,-0.03146,1.4999999999999999e-05,-0.038297000000000005
1438,-0.208998,-1.411883,-1.9536580000000001,-0.032833,0.9874,-0.154802,-0.06018099999999999,0.8505590000000001,-0.08503200000000001,-0.04047,0.004772,-0.0464
1439,-0.204344,-1.412668,-1.96553,-0.031955000000000004,0.987524,-0.154194,-0.052885,0.812183,-0.08493200000000001,-0.056516,0.008631,-0.055217999999999996
1440,-0.201132,-1.4130559999999999,-1.979384,-0.031383,0.987585,-0.15392,-0.034365,0.8686940000000001,-0.11371700000000001,-0.060185,0.013727000000000001,-0.056697000000000004
1441,-0.199627,-1.412974,-1.9957060000000002,-0.031167,0.9875719999999999,-0.154047,-0.013969999999999998,0.8825270000000001,-0.127479,-0.039374,0.006813,-0.046819
1442,-0.196425,-1.412963,-2.010438,-0.030676,0.9875700000000001,-0.154157,-0.03325,0.892075,-0.10092000000000001,-0.020121,-0.004675,-0.046817000000000004
1443,-0.187673,-1.41374,-2.019987,-0.029182,0.987692,-0.153665,-0.061141999999999995,0.914317,-0.044528,-0.010246,0.00448,-0.040045
1444,-0.174283,-1.4151280000000002,-2.024683,-0.026883999999999998,0.987908,-0.15269100000000002,-0.08162799999999999,0.8940370000000001,-0.016871,-0.016405,0.011298,-0.036395
1445,-0.16077,-1.416669,-2.029102,-0.024575,0.9881459999999999,-0.151538,-0.085852,0.898334,-0.022247,-0.038489999999999996,0.021879,-0.029538
1446,-0.149857,-1.417953,-2.036241,-0.02273,0.988342,-0.150543,-0.069772,0.896225,-0.041361,-0.048544,0.014786,-0.026291000000000002
1447,-0.141718,-1.4188129999999999,-2.046109,-0.021384,0.9884729999999999,-0.149881,-0.060041,0.899489,-0.06693500000000001,-0.04754,0.002418,-0.032812
1448,-0.138221,-1.419602,-2.061136,-0.020752,0.988592,-0.14918199999999998,-0.073646,0.937968,-0.087377,-0.030425999999999998,0.005091,-0.00635
1449,-0.132399,-1.4210399999999999,-2.074104,-0.019696,0.988807,-0.147892,-0.08766399999999999,0.9113600000000001,-0.081032,-0.027698,0.009606,0.008732
1450,-0.132654,-1.422389,-2.091544,-0.019556999999999998,0.989008,-0.146564,-0.106242,0.8325170000000001,-0.061836,-0.035222,-0.0017640000000000002,-0.009457
1451,-0.12951700000000002,-1.424509,-2.104822,-0.018827,0.9893190000000001,-0.144546,-0.131942,0.808118,-0.06519,-0.055560000000000005,0.0056,-0.020722
1452,-0.128072,-1.426779,-2.119255,-0.018331,0.989648,-0.142344,-0.128833,0.774073,-0.079012,-0.062204999999999996,0.013496000000000001,-0.029256
1453,-0.132938,-1.428316,-2.139646,-0.018821,0.989867,-0.140745,-0.11696300000000001,0.778396,-0.104575,-0.071511,0.013475,-0.04297
1454,-0.139978,-1.430109,-2.1624209999999997,-0.019563999999999998,0.9901200000000001,-0.138852,-0.114723,0.7646890000000001,-0.14193,-0.064435,0.018303,-0.018695
1455,-0.14882599999999999,-1.4319709999999999,-2.1857189999999997,-0.020518,0.9903790000000001,-0.13685,-0.118269,0.680574,-0.149325,-0.066975,0.012245,-0.020285
1456,-0.17813800000000002,-1.433243,-2.2282189999999997,-0.024297,0.990554,-0.13495,-0.130217,0.644353,-0.13868699999999998,-0.065089,-0.003921,-0.001158
1457,-0.186847,-1.435367,-2.249103,-0.025081,0.990843,-0.132666,-0.129678,0.5579390000000001,-0.10759400000000001,-0.029133999999999997,0.001848,0.00115
1458,-0.193253,-1.437236,-2.264761,-0.025574,0.991094,-0.130685,-0.09639600000000001,0.40109,-0.072977,-0.017165,-0.0026449999999999998,-0.003607
1459,-0.20511500000000002,-1.438174,-2.28425,-0.026933999999999996,0.9912190000000001,-0.12946300000000002,-0.07194500000000001,0.392439,-0.062116,-0.023816999999999998,-0.014137,0.008796
1460,-0.206459,-1.439088,-2.294543,-0.026920999999999997,0.991339,-0.128538,-0.05139199999999999,0.463707,-0.053517999999999996,-0.013453,0.0048920000000000005,0.024366
1461,-0.20484499999999997,-1.439848,-2.302054,-0.026561,0.991439,-0.127844,-0.046273,0.441216,-0.027816000000000004,-0.007634,0.006242,0.026373
1462,-0.196989,-1.440901,-2.3022810000000002,-0.025351,0.991575,-0.127025,-0.058546,0.381364,0.031994999999999996,0.006034,0.002397,0.029018000000000002
1463,-0.181673,-1.442405,-2.293327,-0.023134000000000002,0.991769,-0.125932,-0.058208,0.27779499999999996,0.090883,-0.0139,0.000708,0.014237999999999999
1464,-0.163071,-1.443516,-2.278936,-0.020608,0.9919110000000001,-0.125253,-0.028772000000000002,0.18817899999999999,0.09868099999999999,-0.032431,0.00255,-0.003013
1465,-0.14694200000000002,-1.444077,-2.2659279999999997,-0.018504,0.9919819999999999,-0.12501900000000002,-0.0075060000000000005,0.149844,0.076446,-0.052601999999999996,0.010765,0.000797
1466,-0.153559,-1.444648,-2.275277,-0.019244,0.9920540000000001,-0.124333,-0.001994,0.152109,0.038021,-0.015134,0.018292,0.014211000000000001
1467,-0.14596900000000002,-1.444954,-2.271086,-0.018256,0.992092,-0.124176,-0.017805,0.182044,0.025053,0.003363,0.01038,0.022445
1468,-0.138119,-1.445608,-2.266983,-0.017190999999999998,0.992174,-0.123672,-0.033822000000000005,0.18951400000000002,0.035614,0.04777,-0.004046,0.038635
1469,-0.115514,-1.448385,-2.248266,-0.014074000000000001,0.992517,-0.12129200000000001,-0.048799,0.195899,0.050462,0.004522,0.004004,0.015015
1470,-0.10468800000000002,-1.4496040000000001,-2.241694,-0.012633,0.9926649999999999,-0.120234,-0.058227999999999995,0.22685500000000003,0.042879,-0.021653,0.0052439999999999995,-9.6e-05
1471,-0.095118,-1.45081,-2.237102,-0.011368000000000001,0.9928100000000001,-0.119157,-0.054798,0.26206199999999996,0.026833999999999997,-0.034286000000000004,0.002841,-0.013304
1472,-0.097515,-1.452339,-2.243424,-0.011506,0.992992,-0.117619,-0.034,0.145861,0.030331,-0.023971,0.001545,0.00539
1473,-0.091726,-1.453059,-2.23895,-0.010759999999999999,0.9930770000000001,-0.116972,-0.035518,0.040424,0.025115000000000002,-0.037931,-0.0017289999999999999,-0.009523
1474,-0.08907999999999999,-1.45389,-2.236891,-0.010376999999999999,0.993174,-0.116178,-0.039799,0.024512,0.012286,-0.044326,0.013906,-0.021884
1475,-0.086564,-1.45431,-2.233997,-0.010048,0.993223,-0.11578699999999999,-0.007162999999999999,-0.059811,0.025441,0.006554000000000001,0.009737,0.010715
1476,-0.094407,-1.454645,-2.239158,-0.010925,0.9932620000000001,-0.115375,-0.009768,-0.15465,0.035156,-0.020814,0.014794999999999999,0.00217
1477,-0.092626,-1.4551319999999999,-2.2347669999999997,-0.010674,0.993318,-0.11491199999999999,-0.02545,-0.098075,0.020019,-0.026282,0.016341,-0.006914
1478,-0.09233999999999999,-1.4556040000000001,-2.2334330000000002,-0.010598,0.993373,-0.11444800000000001,-0.020828,-0.031993,0.007147,0.034936,-0.000743,0.008064
1479,-0.069408,-1.457014,-2.20943,-0.007873999999999999,0.993534,-0.11326300000000002,-0.012652,-0.09387999999999999,0.025450999999999998,0.034165,0.0027429999999999998,0.016217
1480,-0.066563,-1.457329,-2.204028,-0.007531,0.9935700000000001,-0.112973,-0.019212,-0.123706,0.030784,0.009590999999999999,0.007209,0.008725
1481,-0.076565,-1.457654,-2.212659,-0.008636,0.993606,-0.112571,-0.031416,-0.027638,-0.006815000000000001,-0.021821,0.032471,-0.005929
1482,-0.08205499999999999,-1.458075,-2.217823,-0.009219,0.993654,-0.112105,-0.011016,-0.036081999999999996,-0.044049,0.0069310000000000005,0.004424,0.00601
1483,-0.092,-1.458279,-2.226371,-0.010315000000000001,0.993677,-0.111805,-0.022905000000000002,-0.07649500000000001,-0.05049,0.004044,0.00733,0.01395
1484,-0.105958,-1.4605139999999999,-2.2392790000000002,-0.011640000000000001,0.993925,-0.10944200000000001,-0.056903999999999996,-0.049723,-0.056102,-0.004382,0.020600999999999998,0.035574
1485,-0.119117,-1.4614850000000001,-2.250676,-0.012963999999999998,0.994031,-0.108321,-0.052951,-0.12324,-0.060286,-0.022406,0.006213000000000001,0.02101
1486,-0.152055,-1.462185,-2.280755,-0.016419,0.994108,-0.107147,-0.051886,-0.137037,-0.074152,-0.030548000000000002,-0.005384000000000001,0.0023190000000000003
1487,-0.17151,-1.462862,-2.297836,-0.018385,0.994181,-0.106144,-0.038954,-0.124234,-0.090101,-0.011095,0.0072840000000000005,-0.007183
1488,-0.18473699999999998,-1.463711,-2.308218,-0.019633,0.9942719999999999,-0.10506199999999999,-0.013562000000000001,-0.161646,-0.08026,0.015421,5.2000000000000004e-05,0.011602
1489,-0.194597,-1.464623,-2.314446,-0.020492,0.9943690000000001,-0.103973,-0.010669,-0.202248,-0.052411,0.016159,0.008805,0.014846999999999999
1490,-0.201762,-1.465112,-2.3174330000000003,-0.021138999999999998,0.9944209999999999,-0.103348,0.006212,-0.21096199999999998,-0.019166,-0.002039,-0.004415,0.003479
1491,-0.20691199999999998,-1.46435,-2.318861,-0.021827000000000003,0.99434,-0.103979,0.01383,-0.167354,-0.008487,0.00463,-0.009629,-0.006906999999999999
1492,-0.19305999999999998,-1.463637,-2.301887,-0.020521,0.9942639999999999,-0.104967,0.034007,-0.169632,0.010889,0.022687,0.013915,-0.006208
1493,-0.175207,-1.462759,-2.2801970000000003,-0.018795,0.9941700000000001,-0.10617599999999999,0.029477999999999997,-0.199559,0.039742,0.016949000000000002,0.009172,-0.011271
1494,-0.158967,-1.462601,-2.2603619999999998,-0.017093999999999998,0.9941530000000001,-0.106623,0.023198,-0.171844,0.040734,0.017887,-0.001111,0.003961999999999999
1495,-0.139479,-1.4627290000000002,-2.237152,-0.014995,0.994166,-0.10680999999999999,0.048764,-0.201675,0.019592,0.028560000000000002,0.002721,0.005873
1496,-0.134643,-1.461635,-2.2280849999999996,-0.014624000000000002,0.9940479999999999,-0.10795899999999999,0.049774,-0.208096,0.026017000000000002,-0.003198,0.023363,-0.010570999999999999
1497,-0.137961,-1.4606270000000001,-2.228082,-0.015119999999999998,0.9939379999999999,-0.108901,0.026768,-0.13651300000000002,-0.0062829999999999995,-0.001695,0.027837,-0.006272
1498,-0.141762,-1.4601629999999999,-2.229539,-0.015599000000000002,0.993886,-0.1093,0.036552,-0.12683599999999998,-0.037204,0.019094,0.001017,0.011537
1499,-0.143612,-1.45983,-2.2280599999999997,-0.015849000000000002,0.99385,-0.109599,0.040526,-0.189709,-0.034957,0.010095999999999999,-0.002288,0.003505
1500,-0.15332300000000001,-1.458305,-2.234382,-0.017144,0.9936799999999999,-0.110937,0.014068,-0.146989,-0.03947,-0.006629,0.007801000000000001,-0.018472
1501,-0.163752,-1.457155,-2.242309,-0.018486000000000002,0.99355,-0.11188,0.020557,-0.12783599999999998,-0.03945,-0.002434,0.008251,-0.011365
1502,-0.170978,-1.455871,-2.246701,-0.019511,0.993403,-0.113001,0.048152999999999994,-0.149281,-0.028548,-0.006993000000000001,0.001592,-0.020361
1503,-0.17849,-1.453682,-2.251496,-0.020745,0.99315,-0.11499100000000001,0.056839,-0.126898,-0.0392,-0.002768,-0.00010800000000000001,-0.011978
1504,-0.189774,-1.452391,-2.260189,-0.022284,0.9929979999999999,-0.11600799999999999,0.061034000000000005,-0.14289200000000002,-0.039151,-0.007486,0.02371,0.00201
1505,-0.198825,-1.451443,-2.265966,-0.023518,0.992886,-0.116724,0.031081,-0.163019,-0.04147,0.001134,0.024463,-0.007345
1506,-0.204354,-1.4499790000000001,-2.268027,-0.024458,0.99271,-0.11801600000000001,0.066082,-0.185606,-0.017696,-0.0009630000000000001,-0.00359,-0.00642
1507,-0.204514,-1.447648,-2.2644450000000003,-0.024947,0.9924270000000001,-0.120277,0.087421,-0.178254,-0.010079000000000001,0.003997,-0.003489,-0.013909
1508,-0.202622,-1.4452610000000001,-2.259455,-0.025196,0.992131,-0.122644,0.09503500000000001,-0.145261,-0.008999,0.006214,0.000637,-0.010381999999999999
1509,-0.200157,-1.443062,-2.254299,-0.025328,0.9918530000000001,-0.12484400000000001,0.10145599999999999,-0.131473,0.000643,0.005278,-0.007462999999999999,-0.003696
1510,-0.199223,-1.440758,-2.2506369999999998,-0.025663,0.991557,-0.127108,0.10881500000000001,-0.137963,0.018862,-0.008898,-0.014018000000000001,-0.001143
1511,-0.20056500000000002,-1.438253,-2.2490349999999997,-0.026329,0.9912290000000001,-0.12950699999999998,0.107753,-0.14538199999999998,0.010316,-0.010262,0.018567,-0.013834
1512,-0.200981,-1.435583,-2.24635,-0.026911,0.990873,-0.132088,0.123753,-0.159236,-0.002374,-0.009375,0.019763,-0.015449000000000001
1513,-0.20251,-1.432695,-2.244581,-0.027688,0.9904790000000001,-0.13485,0.12271099999999999,-0.161333,-0.009856,-0.005529999999999999,0.010559,-0.017707
1514,-0.201768,-1.429828,-2.240727,-0.028156999999999998,0.99008,-0.137651,0.11314400000000001,-0.15172,-0.0077989999999999995,0.00385,0.011384,-0.010466
1515,-0.201548,-1.4275209999999998,-2.2375,-0.028584,0.9897540000000001,-0.139896,0.098214,-0.147419,-0.004704,0.004582,0.009101999999999999,-0.011044
1516,-0.200856,-1.4256229999999999,-2.234263,-0.028862,0.9894809999999999,-0.141755,0.090919,-0.107982,-0.0037359999999999997,0.012901,0.007742,-0.002837
1517,-0.193024,-1.4237389999999999,-2.224793,-0.028107999999999998,0.989207,-0.143806,0.08893,-0.07707699999999999,-0.004855,0.025087,0.007665000000000001,-0.007836
1518,-0.189743,-1.421891,-2.21977,-0.027981,0.988934,-0.14569300000000002,0.089892,-0.09839400000000001,-0.0026829999999999996,0.01968,0.007312000000000001,-0.005094
1519,-0.188736,-1.420107,-2.216846,-0.028165,0.988668,-0.147454,0.07930599999999999,-0.084491,-0.007047,-0.005572,0.002497,-0.005852
1520,-0.19049100000000002,-1.418209,-2.217639,-0.028779000000000002,0.988381,-0.149246,0.081742,-0.030119,-0.019919,0.001527,0.005103,-0.005463
1521,-0.189411,-1.4163860000000001,-2.216217,-0.028957,0.988102,-0.15104700000000001,0.09779299999999999,-0.019522,-0.019819,0.011669,0.008785,0.00013700000000000002
1522,-0.185514,-1.414723,-2.211678,-0.028671,0.9878450000000001,-0.152773,0.099811,-0.038729,-0.013368999999999999,0.026123,0.017221,0.009188
1523,-0.181833,-1.413537,-2.2076540000000002,-0.028321,0.98766,-0.15403,0.075454,-0.000285,-0.015722999999999997,0.005554,0.016338,0.007668
1524,-0.183926,-1.4124889999999999,-2.210257,-0.028832,0.9874950000000001,-0.15498800000000001,0.052198,0.03288,-0.030882999999999997,-0.005057,0.017128,0.001912
1525,-0.189972,-1.411722,-2.217025,-0.029912,0.987374,-0.155554,0.035185,0.035113,-0.041689,-0.012095999999999999,0.01612,0.003592
1526,-0.199237,-1.41085,-2.2267490000000003,-0.031522,0.9872360000000001,-0.156115,0.025535,0.009640000000000001,-0.056680999999999995,-0.027362,0.016991,-0.00247
1527,-0.219331,-1.409727,-2.246794,-0.034894,0.9870559999999999,-0.156531,0.020287,0.00549,-0.080219,-0.043537,0.014057,-0.000573
1528,-0.24086,-1.4092049999999998,-2.269097,-0.038377999999999995,0.986972,-0.156245,0.013152,0.058864,-0.10170599999999999,-0.029935000000000003,0.017681,0.0162
1529,-0.251714,-1.408436,-2.281007,-0.040261,0.986848,-0.156554,0.015106,0.021528,-0.098463,-0.015068000000000002,0.010191,0.009399
1530,-0.262235,-1.407772,-2.291442,-0.042076,0.986741,-0.156755,0.006336,-0.017908,-0.085655,-0.024346,-0.00038199999999999996,-0.006697
1531,-0.274568,-1.406739,-2.3039110000000003,-0.044282,0.9865729999999999,-0.15720499999999998,0.016053,0.018234999999999998,-0.07495299999999999,-0.017745,-0.0048530000000000005,-0.010444
1532,-0.28110300000000005,-1.405629,-2.310969,-0.045612,0.986391,-0.15796400000000002,0.039429,0.013824000000000001,-0.057692999999999994,-0.004254,-0.008486,-0.003276
1533,-0.286482,-1.4043370000000002,-2.316002,-0.046820999999999995,0.9861780000000001,-0.158939,0.049839,-0.034189,-0.047945,-0.003426,0.002165,-0.001157
1534,-0.29380300000000004,-1.4032879999999999,-2.322885,-0.048283,0.9860030000000001,-0.159581,0.043528,-0.009683,-0.043749,-0.011349,0.013188,0.001989
1535,-0.299747,-1.402048,-2.3288990000000003,-0.049592000000000004,0.9857959999999999,-0.16046,0.044715,0.011640000000000001,-0.04911,-0.01535,0.006132,0.0013109999999999999
1536,-0.309373,-1.401209,-2.33912,-0.051386,0.985655,-0.16076300000000002,0.039522,0.038311000000000005,-0.054524,-0.015172999999999999,0.006304,0.012066
1537,-0.317551,-1.400426,-2.34795,-0.05294,0.9855219999999999,-0.16107,0.029854000000000002,0.025495,-0.050289999999999994,-0.0122,0.009809,0.003172
1538,-0.32604099999999997,-1.399457,-2.356768,-0.054611,0.9853569999999999,-0.16152,0.025509999999999998,0.007405,-0.051368,-0.0177,0.009851,-0.000391
1539,-0.33579499999999995,-1.397837,-2.3663369999999997,-0.05671,0.98508,-0.162486,0.031826,-0.012853,-0.052369000000000006,-0.026191000000000002,0.012067,-0.011861
1540,-0.347028,-1.3965290000000001,-2.377559,-0.05897,0.9848540000000001,-0.163051,0.025569,0.009578,-0.062059,-0.021169999999999998,0.010202,0.001689
1541,-0.354483,-1.395684,-2.385308,-0.060472000000000005,0.984707,-0.16338699999999998,0.025554,0.006382,-0.06205499999999999,-0.002623,0.006687,0.001018
1542,-0.35831599999999997,-1.394899,-2.38915,-0.06136900000000001,0.9845700000000001,-0.163878,0.022257,-0.004302,-0.051382000000000004,0.006361,0.007877,-0.000566
1543,-0.36072,-1.3943530000000002,-2.3915889999999997,-0.061952,0.984474,-0.164232,0.021123,-0.004358,-0.036433999999999994,0.005251,0.004936,0.001116
1544,-0.362727,-1.393661,-2.393243,-0.062524,0.984353,-0.164745,0.024171,-0.026786,-0.024633000000000002,0.002389,0.004295,-0.003667
1545,-0.36609,-1.392556,-2.396404,-0.063467,0.984157,-0.165549,0.028579000000000004,0.003032,-0.028877999999999997,-0.014475,-0.003017,-0.011727
1546,-0.368398,-1.391535,-2.398893,-0.064211,0.9839760000000001,-0.16633900000000001,0.039252999999999996,0.00406,-0.028805,-0.0007160000000000001,0.013156000000000001,1.8e-05
1547,-0.368639,-1.390663,-2.398956,-0.06456,0.98382,-0.167125,0.045552999999999996,-0.011967,-0.022331,0.004790999999999999,0.014105000000000001,0.0033369999999999997
1548,-0.368937,-1.389913,-2.399362,-0.064876,0.983685,-0.167793,0.029641000000000004,0.018938999999999998,-0.011798999999999999,-0.0017289999999999999,0.01517,-0.002785
1549,-0.369981,-1.389162,-2.400882,-0.065318,0.98355,-0.168414,0.017935,0.026432999999999998,-0.010823000000000001,-0.007421,0.013643,-0.0066040000000000005
1550,-0.371627,-1.388575,-2.402892,-0.065805,0.9834440000000001,-0.168844,0.025321,0.004054,-0.015016999999999999,-0.006690000000000001,0.007462000000000001,0.0007379999999999999
1551,-0.373652,-1.387734,-2.404347,-0.06644800000000001,0.983291,-0.169481,0.02513,-0.039618,-0.016031,-0.011722,0.0046240000000000005,-0.007338
1552,-0.376898,-1.386579,-2.406962,-0.067416,0.98308,-0.17032,0.022027,-0.022545,-0.020349000000000003,-0.008847,0.0072310000000000004,-0.012312
1553,-0.37898699999999996,-1.385886,-2.408879,-0.068024,0.9829530000000001,-0.170812,0.01992,-0.010742,-0.027807,-0.003433,0.009281000000000001,-0.0063880000000000004
1554,-0.378502,-1.385808,-2.408197,-0.067969,0.9829379999999999,-0.170916,0.013537,-0.012824,-0.034256,0.016059,0.009309999999999999,0.0041990000000000005
1555,-0.380333,-1.385729,-2.410063,-0.068311,0.982924,-0.17086300000000001,-0.000213,0.004308,-0.043987,0.008664,0.015123,-0.001363
1556,-0.385089,-1.385758,-2.415268,-0.069112,0.982929,-0.170511,-0.008643000000000001,0.022468000000000002,-0.04941,-0.006281,0.01321,0.006189
1557,-0.391398,-1.385523,-2.421813,-0.070275,0.982886,-0.170284,-0.004448,-0.002013,-0.057895,-0.0053479999999999995,0.007698999999999999,0.002941
1558,-0.400372,-1.385333,-2.431058,-0.071873,0.982851,-0.169819,-0.01926,0.02043,-0.06337000000000001,-0.012981,0.008741,0.002003
1559,-0.408502,-1.3851639999999998,-2.4397860000000002,-0.073317,0.98282,-0.169381,-0.026737,0.018326,-0.06342,-0.009554,0.004454,-0.0034560000000000003
1560,-0.416799,-1.385011,-2.448079,-0.074781,0.982791,-0.168905,-0.023738,-0.022182,-0.059075,-0.009904999999999999,0.009411,-0.004633
1561,-0.424192,-1.3846129999999999,-2.454972,-0.076188,0.982718,-0.168704,-0.013222,-0.027458,-0.056777999999999995,-0.008757,0.006159,-0.005674
1562,-0.432989,-1.3844450000000001,-2.4635029999999998,-0.077739,0.9826870000000001,-0.168177,-0.019513,-0.009301,-0.06325499999999999,0.007365000000000001,0.011895999999999999,-0.000128
1563,-0.436978,-1.3849989999999999,-2.467869,-0.078179,0.9827889999999999,-0.167372,-0.023638,0.019489,-0.066523,0.020241,0.008284,0.008436
1564,-0.440841,-1.385302,-2.472571,-0.078697,0.9828450000000001,-0.1668,-0.017204,0.041777999999999996,-0.05155,0.022591,0.004963,0.010489
1565,-0.441151,-1.385842,-2.473909,-0.07852200000000001,0.9829450000000001,-0.166295,-0.009770000000000001,0.043845,-0.041884,0.010621,0.003597,0.006917
1566,-0.44353000000000004,-1.3856600000000001,-2.477098,-0.07899500000000001,0.9829110000000001,-0.16627,-0.0034409999999999996,0.033149,-0.036485000000000004,0.007384999999999999,0.006301,-0.001974
1567,-0.44542,-1.385381,-2.479935,-0.079427,0.9828600000000001,-0.16636700000000001,-0.008732,0.053364999999999996,-0.025865,0.00020299999999999997,0.012546999999999999,-0.009139
1568,-0.442821,-1.385616,-2.478777,-0.078895,0.9829030000000001,-0.166365,-0.0032920000000000002,0.0736,-0.029055,0.027533999999999996,0.017662,0.0009140000000000001
1569,-0.438414,-1.3862450000000002,-2.475797,-0.077899,0.9830190000000001,-0.166151,-0.006734,0.053488,-0.030004000000000003,0.025699,0.021284,0.00031800000000000003
1570,-0.438694,-1.386407,-2.477188,-0.077878,0.9830479999999999,-0.165985,-0.022737,0.056727,-0.026913999999999997,0.015515000000000001,0.023971,-0.0065
1571,-0.43814200000000003,-1.386422,-2.478631,-0.07778,0.983051,-0.16601400000000002,-0.037344999999999996,0.11860799999999999,-0.037777,0.007176999999999999,0.00433,-0.012284999999999999
1572,-0.43645200000000006,-1.387143,-2.480074,-0.0772,0.983183,-0.16550299999999998,-0.048792,0.154979,-0.065674,0.033483,-0.008391,0.0011359999999999999
1573,-0.43861999999999995,-1.387821,-2.485695,-0.077275,0.9833069999999999,-0.164731,-0.036976,0.161377,-0.077347,0.038319,-0.008346,0.009946
1574,-0.435943,-1.389142,-2.486332,-0.076285,0.9835459999999999,-0.16376,-0.023247999999999998,0.14317,-0.064404,0.038474,0.012654,0.017947
1575,-0.43450900000000003,-1.390159,-2.487891,-0.075629,0.9837290000000001,-0.162962,-0.036104000000000004,0.150595,-0.045272,0.020148,0.014316999999999998,0.001371
1576,-0.43328,-1.390384,-2.4901590000000002,-0.075336,0.98377,-0.162855,-0.051019,0.179312,-0.020842,0.006504,0.002177,-0.01665
1577,-0.42931400000000003,-1.390413,-2.490477,-0.074678,0.983775,-0.163126,-0.030770999999999996,0.217712,-0.019525999999999998,0.009263,-0.023021,-0.015478
1578,-0.425018,-1.390036,-2.490414,-0.074129,0.983707,-0.16378299999999998,0.0032600000000000003,0.203701,-0.008588,-0.002562,-0.013096,-0.023976
1579,-0.420397,-1.389859,-2.489775,-0.073442,0.983675,-0.16428299999999998,0.009551,0.19509300000000002,0.007490000000000001,-0.018553,0.0019199999999999998,-0.027231
1580,-0.414872,-1.3897629999999999,-2.488075,-0.072572,0.983658,-0.164772,0.01489,0.199323,0.010727,-0.046493,-0.00882,-0.014793
1581,-0.415038,-1.388901,-2.492169,-0.07294099999999999,0.983503,-0.165536,0.020234000000000002,0.19506800000000002,0.004357,-0.042705,0.009265,0.0034729999999999995
1582,-0.410458,-1.388625,-2.490846,-0.07229,0.983453,-0.16611700000000001,0.014656,0.14394200000000001,0.007587999999999999,-0.037451,0.015433,0.006541
1583,-0.40633600000000003,-1.3885049999999999,-2.489359,-0.07165099999999999,0.9834309999999999,-0.166522,0.009259,0.133295,0.010768999999999999,-0.050175,0.013334,0.004993
1584,-0.409569,-1.3880540000000001,-2.494872,-0.072366,0.983349,-0.166697,0.008057,0.108776,0.016128999999999998,-0.056677,0.010944,0.003123
1585,-0.406594,-1.387981,-2.4934819999999998,-0.071898,0.9833360000000001,-0.166977,0.008744,0.061019000000000004,0.003563,-0.056260000000000004,0.006273,0.001037
1586,-0.411297,-1.387213,-2.49874,-0.07298500000000001,0.983196,-0.167329,0.011839,0.022716999999999998,-0.011325,-0.039807999999999996,0.003102,-0.003691
1587,-0.41382700000000006,-1.386663,-2.501528,-0.073625,0.983095,-0.167639,0.007456999999999999,0.005654,-0.0027890000000000002,-0.019209,0.000532,-0.0046170000000000004
1588,-0.41456099999999996,-1.3864,-2.501836,-0.073853,0.9830469999999999,-0.167822,0.009313,-0.034919,0.018639,-0.018295,0.004029,-0.002084
1589,-0.418034,-1.3855,-2.503831,-0.074794,0.9828819999999999,-0.168373,0.017603999999999998,-0.075485,0.032632,-0.027013,0.008833,-0.010903
1590,-0.42052,-1.3845459999999998,-2.5048169999999996,-0.07559500000000001,0.982706,-0.169042,0.012381,-0.060514,0.022959,-0.019559,0.003928,-0.00999
1591,-0.419681,-1.3844450000000001,-2.502571,-0.075494,0.9826870000000001,-0.169196,0.001627,-0.081774,0.020775,-0.002784,0.009637999999999999,-0.007272
1592,-0.42041000000000006,-1.3849719999999999,-2.500689,-0.075406,0.982784,-0.168668,-0.0040869999999999995,-0.159545,0.027244,-0.0015140000000000002,0.0163,0.005582
1593,-0.422314,-1.3848850000000001,-2.498888,-0.075762,0.982768,-0.168603,-0.008520999999999999,-0.18068399999999998,0.021037,-0.007490000000000001,0.016194,-0.013907
1594,-0.424671,-1.384799,-2.4984889999999997,-0.07619400000000001,0.9827520000000001,-0.1685,-0.013432,-0.10602,0.001679,-0.005716,0.007481999999999999,-0.016635
1595,-0.416934,-1.38494,-2.4894540000000003,-0.07483200000000001,0.982778,-0.168959,-0.007951999999999999,-0.066652,0.009149,0.035418,-0.005392,-0.013384
1596,-0.407103,-1.3854309999999999,-2.477994,-0.072976,0.9828690000000001,-0.169243,-0.0060420000000000005,-0.098689,0.027368,0.034905,0.009212,-0.011269
1597,-0.401508,-1.385951,-2.470923,-0.071828,0.982965,-0.169178,-0.00695,-0.052921,0.037988,0.028447000000000004,0.012183,-0.009945
1598,-0.394038,-1.386548,-2.4629950000000003,-0.070337,0.983074,-0.169167,-0.00251,-0.017768,0.034770999999999996,0.015588,0.005039,-0.00015900000000000002
1599,-0.388991,-1.387277,-2.457176,-0.06921000000000001,0.983208,-0.168857,0.002723,-0.048645,0.026304,0.00935,0.018608,0.003742
1600,-0.387038,-1.3876959999999998,-2.454441,-0.068725,0.983284,-0.16861099999999998,-0.010988,-0.027235000000000002,0.012294,0.010726000000000001,0.013969,0.002443
1601,-0.383856,-1.388526,-2.451317,-0.067883,0.9834350000000001,-0.168072,-0.028078,0.016575,0.008095999999999999,0.013836000000000001,0.007227,0.005749
1602,-0.382866,-1.389499,-2.450837,-0.067359,0.983611,-0.167251,-0.037666000000000005,0.021925999999999998,0.010159,0.011281999999999999,0.0021219999999999998,0.00534
1603,-0.385378,-1.390647,-2.453379,-0.067354,0.983817,-0.166036,-0.046375,-0.012149,0.014413999999999998,-0.0175,0.012582,0.006352
1604,-0.390372,-1.391493,-2.457764,-0.067866,0.9839680000000001,-0.164926,-0.046505,-0.036668,0.018715,-0.04505,0.010661,-0.005102000000000001
1605,-0.39148499999999997,-1.392382,-2.457305,-0.067716,0.9841260000000001,-0.164043,-0.030842,-0.11023499999999999,0.021055,-0.057559000000000006,-0.001628,-0.018528
1606,-0.39418800000000004,-1.392806,-2.456815,-0.067998,0.984201,-0.163474,-0.011902,-0.183746,0.006327,-0.053827999999999994,-0.000437,-0.014886000000000002
1607,-0.403444,-1.39224,-2.461839,-0.069727,0.984101,-0.163349,-0.00031,-0.215745,0.006445,-0.023184,-0.0034649999999999998,-0.010037
1608,-0.40589200000000003,-1.3921700000000001,-2.459394,-0.070154,0.984089,-0.163241,0.01753,-0.260635,0.027992000000000003,0.00715,0.000897,-0.000531
1609,-0.405783,-1.392176,-2.45359,-0.070134,0.9840899999999999,-0.163244,0.02026,-0.284138,0.059306,0.017461,0.004954,0.016592
1610,-0.402698,-1.3931280000000001,-2.445216,-0.069263,0.984258,-0.162598,0.006509,-0.234116,0.082647,0.002017,0.007258,0.019211000000000002
1611,-0.397521,-1.393837,-2.4358009999999997,-0.06815,0.984384,-0.16230999999999998,-0.002949,-0.192575,0.092142,0.000965,0.009925,0.015093
1612,-0.391823,-1.394763,-2.426073,-0.066876,0.9845459999999999,-0.161853,-0.012598,-0.19895,0.096356,-0.020145,0.012005,-0.00079
1613,-0.39273800000000003,-1.395359,-2.422377,-0.066799,0.98465,-0.16125,-0.010589,-0.237265,0.085734,-0.034519,0.02301,-0.002202
1614,-0.390382,-1.39606,-2.414777,-0.06615700000000001,0.984772,-0.160769,-0.007389,-0.25743499999999997,0.065486,-0.036351999999999995,0.018493,-0.006361
1615,-0.390165,-1.396692,-2.409887,-0.065885,0.9848819999999999,-0.160208,-0.017727,-0.207236,0.041848,-0.017275,0.013500999999999999,-0.009943
1616,-0.386768,-1.398254,-2.4033349999999998,-0.06476,0.985152,-0.159005,-0.040815,-0.13042,0.033045,0.04529,0.031603,0.019433000000000002
1617,-0.38611100000000004,-1.399772,-2.4004689999999997,-0.064092,0.985411,-0.157662,-0.07180700000000001,-0.107017,0.06805,0.06264299999999999,0.039491000000000005,0.027093
1618,-0.374755,-1.4031,-2.386428,-0.061097000000000005,0.985972,-0.155327,-0.086143,-0.149821,0.128897,0.037904,0.004613,0.013924
1619,-0.364796,-1.405591,-2.372814,-0.058671,0.9863850000000001,-0.153633,-0.063198,-0.185113,0.156133,-0.09806799999999999,-0.048305,-0.044289
1620,-0.35383000000000003,-1.4070129999999998,-2.357577,-0.056497000000000006,0.986617,-0.152952,0.0072109999999999995,-0.21613200000000002,0.126754,-0.132056,-0.016647,-0.050555
1621,-0.345296,-1.406608,-2.344204,-0.055324,0.9865510000000001,-0.153804,0.079843,-0.246017,0.07816100000000001,-0.082508,0.014532,-0.018315
1622,-0.34047,-1.4052959999999999,-2.333185,-0.055014,0.9863360000000001,-0.155289,0.089148,-0.33331700000000003,0.056974000000000004,-0.012796,0.031349,0.004884
1623,-0.339348,-1.40477,-2.3252919999999997,-0.055012,0.9862489999999999,-0.15584,0.016692,-0.319189,0.05004,0.018101,0.042727,0.021196
1624,-0.340408,-1.4055870000000001,-2.320409,-0.054908000000000005,0.986384,-0.155022,-0.043989,-0.28597100000000003,0.053847000000000006,0.023841,0.026951999999999997,0.017647
1625,-0.342061,-1.4070280000000002,-2.316256,-0.054687,0.98662,-0.153592,-0.057863,-0.28274299999999997,0.05801900000000001,0.017197,-0.0049299999999999995,-0.004535
1626,-0.3433,-1.40838,-2.312586,-0.054429,0.9868399999999999,-0.152267,-0.050026,-0.21347600000000003,0.045166000000000005,0.002411,-0.019173,-0.015533000000000002
1627,-0.343677,-1.409208,-2.308921,-0.054211,0.986973,-0.151478,-0.014972,-0.20720100000000002,0.04353,-0.002018,-0.006291,-0.011776
1628,-0.342462,-1.409493,-2.30222,-0.05393200000000001,0.9870190000000001,-0.151279,0.015401,-0.31285100000000005,0.064174,-0.010459999999999999,0.009502,-0.010754000000000001
1629,-0.339412,-1.409617,-2.292558,-0.05343,0.9870389999999999,-0.151327,0.016405,-0.311849,0.079135,-0.007575,0.008841,0.009252
1630,-0.336348,-1.41012,-2.284173,-0.052801999999999995,0.9871190000000001,-0.15102100000000002,-0.011988,-0.232868,0.06601699999999999,0.0021579999999999998,0.013705000000000002,0.019033
1631,-0.334675,-1.410895,-2.2782150000000003,-0.052298000000000004,0.987243,-0.150387,-0.024641,-0.21040999999999999,0.055217999999999996,0.03533,0.021973,0.049221
1632,-0.32873,-1.413705,-2.26736,-0.050506999999999996,0.9876860000000001,-0.148069,-0.016375,-0.26266300000000004,0.061755,0.031648,0.028061000000000003,0.037413
1633,-0.327365,-1.414401,-2.2610330000000003,-0.050084,0.9877950000000001,-0.14748599999999998,-0.022518,-0.21572600000000003,0.05097,0.0010119999999999999,0.010754999999999999,0.001521
1634,-0.327434,-1.415463,-2.2580139999999997,-0.049757,0.9879600000000001,-0.14649,-0.051877,-0.11755299999999999,0.034615,-0.019549,0.004807,-0.009287
1635,-0.330383,-1.415992,-2.2588790000000003,-0.050019,0.988042,-0.145847,-0.039219,-0.10805,0.04133,-0.011932,-0.013326,-0.011318
1636,-0.328849,-1.4167049999999999,-2.2543189999999997,-0.049568,0.988151,-0.145258,-0.010706,-0.169949,0.044813,-0.012124,-0.01165,-0.009008
1637,-0.329022,-1.416906,-2.250938,-0.049527999999999996,0.988182,-0.145061,0.017051,-0.17002899999999999,0.040733,-0.007112,0.009895000000000001,0.00262
1638,-0.32551199999999997,-1.416712,-2.2439709999999997,-0.04908,0.9881530000000001,-0.14541500000000002,0.029796,-0.170125,0.053640999999999994,0.007088,0.028968,0.02539
1639,-0.319096,-1.41664,-2.234028,-0.048169,0.9881409999999999,-0.145795,0.022251,-0.160618,0.08028099999999999,0.007794,0.025179,0.022565
1640,-0.31000700000000003,-1.41819,-2.222207,-0.046374,0.9883780000000001,-0.144768,-0.007461,-0.111562,0.092831,0.009401999999999999,0.012781,0.022499
1641,-0.300874,-1.419034,-2.210646,-0.044802999999999996,0.988506,-0.14438900000000002,-0.012886000000000002,-0.125417,0.09922,0.021015,-0.000667,0.001734
1642,-0.284502,-1.419884,-2.1915880000000003,-0.042198,0.988634,-0.144297,0.004227000000000001,-0.12543800000000002,0.089728,0.024574000000000002,0.000685,-0.0016530000000000002
1643,-0.276276,-1.420144,-2.18162,-0.040938999999999996,0.9886729999999999,-0.14439200000000002,0.006801000000000001,-0.049722,0.067217,0.034210000000000004,0.014638,0.015241
1644,-0.265043,-1.422046,-2.170196,-0.038822,0.988957,-0.143027,-0.0024879999999999998,0.010009,0.05639500000000001,0.021534,0.020641,0.030036
1645,-0.257938,-1.422611,-2.164093,-0.037662,0.989041,-0.142759,-0.024509,0.084699,0.045464,0.0010869999999999999,0.009998,0.008513
1646,-0.254302,-1.423192,-2.162359,-0.036998,0.9891260000000001,-0.14233900000000002,-0.02657,0.090076,0.034759,-0.00861,0.00448,-0.005351
1647,-0.25168,-1.423218,-2.160835,-0.036618,0.98913,-0.14240999999999998,-0.018178,0.041112,0.017787999999999998,-0.006885,0.008413,-0.013108000000000002
1648,-0.250606,-1.4234790000000002,-2.160637,-0.036400999999999996,0.989168,-0.1422,-0.014891,0.048604,0.006051,0.000513,0.016125999999999998,0.004657
1649,-0.24935700000000002,-1.424015,-2.160333,-0.036093,0.989247,-0.141731,-0.023431,0.045447,0.0038590000000000005,0.001242,0.002605,-0.00312
1650,-0.24946999999999997,-1.424559,-2.161364,-0.035976,0.989326,-0.141206,-0.035147000000000005,0.047626999999999996,0.001638,-0.002003,0.004111999999999999,-0.0020440000000000002
1651,-0.25211,-1.424979,-2.164965,-0.036245,0.9893870000000001,-0.140708,-0.037275,0.050822000000000006,0.003754,-0.007502,0.001549,-0.007698999999999999
1652,-0.251178,-1.4245809999999999,-2.1652810000000002,-0.036212,0.9893299999999999,-0.141123,-0.026522000000000004,0.06889400000000001,0.0038060000000000004,-0.0016760000000000002,0.006595999999999999,-0.015447999999999998
1653,-0.24815399999999999,-1.42461,-2.163838,-0.035778,0.989334,-0.141204,-0.009365,0.082705,-0.001433,0.005733,0.011444,-0.012574
1654,-0.24014899999999997,-1.42525,-2.157362,-0.034496,0.9894270000000001,-0.140871,-0.002008,0.065605,0.006121,0.017162,-0.002259,0.012499
1655,-0.236933,-1.4259,-2.1553169999999997,-0.033891000000000004,0.9895209999999999,-0.140355,-0.0020670000000000003,0.06131,0.014672,-0.003554,-0.028277999999999998,0.017353999999999998
1656,-0.23730300000000001,-1.426393,-2.157347,-0.033829000000000005,0.989592,-0.13987,-0.004991,0.101887,-0.006765,-0.002273,0.006242,0.013374
1657,-0.236517,-1.427759,-2.158803,-0.033402,0.9897879999999999,-0.13858099999999998,0.006798,0.104019,-0.017366999999999997,0.009904000000000001,0.028995999999999997,0.018205000000000002
1658,-0.238202,-1.429584,-2.161859,-0.033208999999999995,0.9900459999999999,-0.136769,0.007562,0.043274,-0.011942,0.000174,0.028982,0.033208
1659,-0.23865300000000003,-1.429551,-2.162258,-0.033279,0.990041,-0.136786,-0.004533,-0.023847,0.000878,-0.008531,0.020701,0.037924
1660,-0.240206,-1.429942,-2.163491,-0.033399,0.9900959999999999,-0.13635799999999998,-0.03319,-0.000272,-0.008966,-0.044238,0.016267,-0.001139
1661,-0.247846,-1.430175,-2.171631,-0.034383,0.990129,-0.135876,-0.035179,0.026387999999999998,-0.014357,-0.005549,0.035185,-0.012043
1662,-0.249696,-1.4305299999999999,-2.173068,-0.034548,0.9901790000000001,-0.135471,-0.011068000000000001,-0.053652,0.000869,0.007662,0.02717,-0.009120999999999999
1663,-0.250158,-1.430657,-2.171977,-0.034579,0.9901969999999999,-0.13533299999999998,-0.002677,-0.07609099999999999,0.01057,0.030871,0.006233,-0.002118
1664,-0.243786,-1.431141,-2.165023,-0.0336,0.9902639999999999,-0.13508599999999998,-0.002284,0.003834,0.002995,0.043457,-0.005248,0.015152
1665,-0.24216300000000002,-1.431225,-2.164742,-0.033361,0.990276,-0.13505899999999998,-0.001853,0.103952,0.007143000000000001,0.068884,-0.009531999999999999,0.012013
1666,-0.2204,-1.431953,-2.1455759999999997,-0.030257,0.9903770000000001,-0.13505,0.014096000000000001,0.11976500000000001,0.035013999999999997,0.052,-0.008062,0.01063
1667,-0.211621,-1.431667,-2.138591,-0.029129000000000002,0.9903370000000001,-0.13558699999999999,0.026683,0.081333,0.044766,0.0045320000000000004,0.002598,-0.002001
1668,-0.20533600000000002,-1.430927,-2.134343,-0.028426,0.9902340000000001,-0.136485,0.020571000000000002,0.128295,0.027569999999999997,-0.011293000000000001,0.002091,-0.012136
1669,-0.199897,-1.430497,-2.1314319999999998,-0.027768,0.990174,-0.13705499999999998,0.031244,0.113408,0.011641,-0.011325,-0.004105,-0.021652
1670,-0.198721,-1.428942,-2.131928,-0.027911000000000002,0.989956,-0.138597,0.036389,0.072901,0.013863,-0.043791000000000004,-0.004665,-0.016463
1671,-0.194075,-1.428402,-2.12798,-0.027369,0.9898790000000001,-0.139249,0.03069,0.004691,0.026729000000000003,-0.099553,-0.007808,-0.009478
1672,-0.189127,-1.427663,-2.121395,-0.026818,0.9897739999999999,-0.140102,0.055609000000000006,-0.129694,0.045235000000000004,-0.13549,-0.006208,-0.028827999999999996
1673,-0.185553,-1.426641,-2.1135919999999997,-0.026503,0.9896280000000001,-0.141191,0.060391999999999994,-0.25434,0.043292000000000004,-0.11740199999999999,0.007412,-0.030211000000000002
1674,-0.18539,-1.4256,-2.106833,-0.02667,0.9894780000000001,-0.142207,0.058846,-0.36935,0.034883,-0.054202,0.027124000000000002,-0.011037
1675,-0.187892,-1.4248379999999998,-2.1009919999999997,-0.027167,0.989367,-0.142881,0.032983,-0.427846,0.033708999999999996,-0.013544,0.023099,0.001905
1676,-0.191779,-1.424621,-2.096532,-0.027763,0.9893350000000001,-0.142985,0.008584,-0.397928,0.032432,0.009925,0.013671,-0.002111
1677,-0.193934,-1.424756,-2.091291,-0.028045,0.9893549999999999,-0.142793,-0.000874,-0.353205,0.045127,0.023452,0.006235,-0.006499
1678,-0.193161,-1.425089,-2.083848,-0.027872000000000004,0.989403,-0.142493,-0.00717,-0.31277,0.062123000000000005,0.02717,0.002769,-0.006342
1679,-0.18959700000000002,-1.425609,-2.07451,-0.027266000000000002,0.9894790000000001,-0.142085,-0.015518,-0.257402,0.07588099999999999,0.00627,-0.007789,-0.018316
1680,-0.183059,-1.426078,-2.063755,-0.026251999999999998,0.989547,-0.14180399999999999,-0.001318,-0.17652,0.083354,-0.014855000000000002,-0.011947,-0.025265
1681,-0.174469,-1.426032,-2.051936,-0.025041,0.98954,-0.142069,0.03188,-0.151061,0.08141699999999999,-0.028089999999999997,-0.006737000000000001,-0.030156
1682,-0.16553299999999999,-1.4252879999999999,-2.039721,-0.023892,0.989432,-0.143013,0.060647,-0.160744,0.080562,-0.024768000000000002,0.012856,-0.009285
1683,-0.156969,-1.424315,-2.027745,-0.022817,0.989291,-0.144163,0.058508000000000004,-0.164985,0.077348,-0.012278,0.029401,0.026608999999999997
1684,-0.14938099999999999,-1.423664,-2.017188,-0.021818,0.989196,-0.14496900000000001,0.035276999999999996,-0.122249,0.06644800000000001,-0.003496,0.022493,0.024988999999999997
1685,-0.14386600000000002,-1.424129,-2.01005,-0.020952000000000002,0.9892639999999999,-0.14463199999999998,0.020712,-0.053961,0.051303999999999995,0.00016999999999999999,0.009226,0.009455
1686,-0.138073,-1.423923,-2.0035830000000003,-0.020142,0.989233,-0.144953,0.014522,-0.016615,0.041599000000000004,0.0029460000000000003,-0.003104,0.00944
1687,-0.135947,-1.424384,-2.001463,-0.019772,0.989301,-0.144544,0.008339,0.018616,0.027622000000000004,-0.007144,0.003711,0.013913
1688,-0.132178,-1.424268,-1.9986490000000001,-0.019242,0.989284,-0.144731,0.01178,0.062319000000000006,0.017977,0.00702,0.018758,0.02199
1689,-0.12601199999999999,-1.424404,-1.993454,-0.018333000000000002,0.9893040000000001,-0.144714,0.017808,0.038839,0.023754,0.007347,0.00621,0.007461
1690,-0.12196900000000001,-1.424017,-1.990211,-0.017794,0.989247,-0.14516600000000002,0.028549,0.051598000000000005,0.020608,-0.002943,0.002971,-0.000982
1691,-0.127936,-1.422668,-1.997284,-0.01883,0.989049,-0.14638099999999998,0.036067,0.06328500000000001,0.021709,-0.019469,-0.000478,-0.002957
1692,-0.131571,-1.4216469999999999,-2.001932,-0.019495,0.9888979999999999,-0.147312,0.054140999999999995,0.06104400000000001,0.033585000000000004,-0.011084,0.00155,0.010609
1693,-0.124833,-1.420922,-1.9963689999999998,-0.018591,0.98879,-0.148152,0.06578400000000001,0.059861000000000004,0.052895000000000005,-0.005503,0.004649,0.011189
1694,-0.115275,-1.419667,-1.9875720000000001,-0.017317,0.9886020000000001,-0.149555,0.076266,0.038438,0.073291,-0.00606,-0.001541,0.0033
1695,-0.11312,-1.4183370000000002,-1.9857310000000001,-0.017143000000000002,0.988401,-0.150899,0.09744900000000001,0.018068,0.087348,-0.024346,-0.00372,0.011754
1696,-0.114951,-1.4163270000000001,-1.987553,-0.017647,0.988093,-0.152841,0.10816500000000001,0.024437999999999998,0.083135,-0.037361,0.000798,-0.0008609999999999999
1697,-0.111256,-1.414348,-1.984434,-0.017299000000000002,0.9877870000000001,-0.154848,0.102975,0.038377999999999995,0.064917,-0.037816,0.010703,0.003817
1698,-0.107707,-1.4128120000000002,-1.9809130000000001,-0.016913,0.9875459999999999,-0.156416,0.083584,-0.008406,0.059498,-0.008478,0.030900999999999998,-0.004228
1699,-0.09918400000000001,-1.411946,-1.971786,-0.015663999999999997,0.98741,-0.157406,0.048285,-0.03595,0.05181,0.005028,0.028612000000000002,0.002285
1700,-0.092014,-1.412081,-1.963697,-0.014522,0.987431,-0.157381,0.020583,-0.044307,0.034537,-0.002049,0.013666999999999999,-0.001433
1701,-0.094972,-1.411263,-1.9661990000000003,-0.015064,0.987301,-0.158142,-0.0017399999999999998,-0.002583,0.010083,-0.017696,0.007358,-0.016128999999999998
1702,-0.100039,-1.4102729999999999,-1.971382,-0.015962999999999998,0.987144,-0.15903499999999998,-0.002684,0.009198999999999999,-0.004897,-0.016019,0.006340999999999999,-0.018211
1703,-0.1041,-1.409882,-1.975137,-0.016649,0.987081,-0.159353,-0.003942,-0.029164,-0.000585,-0.020277,0.008204000000000001,-0.015391
1704,-0.108925,-1.409632,-1.978418,-0.017444,0.987041,-0.15951700000000002,-0.001109,-0.10271300000000001,0.008073,-0.030757999999999997,0.008870000000000001,-0.01486
1705,-0.124101,-1.408079,-1.990833,-0.020053,0.986791,-0.160755,0.01583,-0.134722,0.006089,-0.044766,0.001491,-0.021922999999999998
1706,-0.126461,-1.4077520000000001,-1.990419,-0.020472999999999998,0.9867379999999999,-0.161027,0.015806,-0.147475,-0.001372,-0.03188,-0.008222,-0.021666
1707,-0.132572,-1.406903,-1.9928540000000001,-0.021567,0.9866,-0.16172899999999998,0.026182999999999998,-0.206127,0.005183,-0.017159999999999998,-0.005932,-0.009963
1708,-0.135986,-1.406725,-1.9914919999999998,-0.022143,0.9865700000000001,-0.161828,0.022761,-0.249813,0.010556999999999999,-0.003522,0.000933,0.002649
1709,-0.14124,-1.406612,-1.992118,-0.023009,0.9865520000000001,-0.16182,0.001625,-0.208181,0.00715,-0.010912,0.007894,0.002839
1710,-0.145476,-1.406911,-1.9927240000000002,-0.023651,0.9866010000000001,-0.16143,-0.013144,-0.170844,0.006998999999999999,-0.005539,0.014727,0.001457
1711,-0.146284,-1.406914,-1.9897029999999998,-0.023781,0.9866010000000001,-0.161407,-0.016617,-0.21351599999999998,0.025189,-0.002113,0.016801,-0.010605
1712,-0.152917,-1.406385,-1.9911,-0.024931000000000002,0.9865149999999999,-0.161762,-0.012601000000000001,-0.272111,0.023153999999999997,-0.017748,0.007534000000000001,-0.020062
1713,-0.161424,-1.405011,-1.9944849999999998,-0.026524000000000002,0.986289,-0.162881,-0.009128,-0.234748,0.000695,-0.014613999999999999,0.003793,-0.028922000000000003
1714,-0.16608699999999998,-1.40367,-1.9945540000000002,-0.027502,0.986067,-0.16405999999999998,-0.009099,-0.24321399999999999,-0.013181,0.006414,-0.001982,-0.024065
1715,-0.169125,-1.40385,-1.9920360000000001,-0.02797,0.9860969999999999,-0.163801,-0.014745,-0.297583,0.0018059999999999999,0.019761,0.00545,-0.005999
1716,-0.169543,-1.404873,-1.986752,-0.027868,0.986266,-0.162795,-0.020062,-0.275266,0.019902,0.0109,0.015656,0.008925
1717,-0.17061300000000001,-1.405685,-1.9829869999999998,-0.027906,0.9864,-0.161976,-0.014465,-0.218817,0.017733000000000002,0.006940999999999999,0.00916,0.0026739999999999997
1718,-0.17138,-1.405832,-1.9801810000000002,-0.028006,0.986424,-0.16181099999999998,-0.006684999999999999,-0.157027,0.010232,0.007970999999999999,0.005672,-0.0039759999999999995
1719,-0.172254,-1.405878,-1.978227,-0.02814,0.986432,-0.161742,-0.010865999999999999,-0.136776,0.011245,0.001437,0.008624,-0.00264
1720,-0.174506,-1.406936,-1.977702,-0.028323,0.986605,-0.16065,-0.015188,-0.143175,0.016564,-5.9e-05,0.020109000000000002,0.016775
1721,-0.176802,-1.407492,-1.976866,-0.028595,0.9866950000000001,-0.160045,-0.010998,-0.15492899999999998,0.021949,-0.007568000000000001,0.014341999999999999,0.008648000000000001
1722,-0.17988900000000002,-1.407275,-1.9773049999999999,-0.029126999999999997,0.98666,-0.160167,-0.006470999999999999,-0.10696800000000001,0.012304,-0.008623,0.006138,-0.009587
1723,-0.180778,-1.4071420000000001,-1.976277,-0.029293,0.9866389999999999,-0.160269,0.003156,-0.099553,0.014497999999999999,0.000301,0.005427,-0.002664
1724,-0.18001,-1.406898,-1.9730189999999999,-0.029213,0.986599,-0.160529,0.01149,-0.130531,0.028482999999999998,-0.001549,-0.003048,-0.002999
1725,-0.180678,-1.406654,-1.970851,-0.029363999999999998,0.986559,-0.160747,0.014430000000000002,-0.147516,0.023448,-0.003428,-0.008516,-0.000554
1726,-0.182108,-1.405936,-1.9688849999999998,-0.029722000000000002,0.986441,-0.1614,0.018578,-0.180528,0.01711,-0.003832,0.002374,-0.013771
1727,-0.18446300000000002,-1.405159,-1.967309,-0.030242,0.9863139999999999,-0.16208399999999998,0.015316999999999999,-0.200731,0.010703,-0.001939,0.009337999999999999,-0.016932
1728,-0.185669,-1.404965,-1.964416,-0.030473,0.986282,-0.162235,0.020597999999999998,-0.20504,0.018223,0.004136,0.004212,0.002964
1729,-0.186893,-1.404862,-1.961616,-0.03069,0.986265,-0.162297,0.007848,-0.192216,0.019186,0.001363,0.015094,0.0010429999999999999
1730,-0.18801199999999998,-1.405134,-1.95924,-0.030822000000000002,0.986309,-0.162,-0.009097,-0.16446,0.019032,0.001449,0.019398,0.003614
1731,-0.186998,-1.406175,-1.9548900000000002,-0.030467,0.9864799999999999,-0.161022,-0.018749000000000002,-0.170835,0.023247,0.007792,0.011337,0.009563
1732,-0.18933699999999998,-1.406763,-1.953807,-0.030733999999999997,0.986577,-0.160381,-0.013286000000000001,-0.160128,0.005111999999999999,-0.003827,0.005886,0.001567
1733,-0.194679,-1.407074,-1.9568470000000002,-0.031531,0.9866280000000001,-0.159913,-0.029,-0.091691,-0.024895,-0.005594,0.005529999999999999,-0.001907
1734,-0.193237,-1.408669,-1.9536529999999999,-0.030998,0.986886,-0.158414,-0.040804,-0.112929,-0.031356,0.025901999999999998,0.01493,0.009137000000000001
1735,-0.197537,-1.4094360000000001,-1.955086,-0.031531,0.98701,-0.15753699999999998,-0.037892,-0.16094,-0.01525,0.01438,0.003759,0.0016989999999999998
1736,-0.203627,-1.410048,-1.9581979999999999,-0.032367,0.987108,-0.15675,-0.043077,-0.135325,-0.022797,0.0005070000000000001,-0.00022999999999999998,-0.006443000000000001
1737,-0.21163,-1.40972,-1.9640060000000001,-0.033688,0.9870549999999999,-0.156802,-0.035434,-0.103368,-0.029194,-0.006915,0.02062,-0.022122
1738,-0.215425,-1.410097,-1.96533,-0.034204000000000005,0.987116,-0.15631099999999998,-0.010169,-0.147261,0.003085,0.0039310000000000005,0.004538,0.004790999999999999
1739,-0.216086,-1.410606,-1.962492,-0.034199,0.9871969999999999,-0.155796,0.009803000000000001,-0.182609,0.034249,-0.00031600000000000004,-0.0059960000000000005,0.011189
1740,-0.21450300000000003,-1.410466,-1.9574939999999998,-0.033982,0.987175,-0.15598499999999998,0.003332,-0.156951,0.042783999999999996,0.000291,0.011635,-0.0065969999999999996
1741,-0.210259,-1.410563,-1.950005,-0.0333,0.98719,-0.15603499999999998,0.005365999999999999,-0.168719,0.053496,0.009359000000000001,0.010414,-0.006288
1742,-0.202216,-1.410752,-1.938105,-0.032006,0.9872200000000001,-0.156115,0.025425,-0.20080699999999999,0.068635,0.012657999999999999,-0.001121,0.0071129999999999995
1743,-0.19742200000000001,-1.410806,-1.929007,-0.031247000000000004,0.9872290000000001,-0.15621400000000002,0.038206,-0.207234,0.066596,-0.00957,0.005294,0.010294
1744,-0.19564,-1.4108450000000001,-1.923418,-0.030961000000000002,0.9872350000000001,-0.15623099999999998,0.029914999999999997,-0.168791,0.050464,-0.004958,0.009011,0.010952
1745,-0.192517,-1.410747,-1.917116,-0.030492000000000002,0.9872200000000001,-0.156422,0.025751999999999997,-0.153828,0.04187,0.013295,0.016321000000000002,0.013890000000000001
1746,-0.18773800000000002,-1.4111850000000001,-1.9088900000000002,-0.029663,0.987289,-0.156141,0.024525,-0.181551,0.049375999999999996,0.005157,0.013626,0.011824
1747,-0.186864,-1.411042,-1.904188,-0.029552999999999996,0.987266,-0.156306,0.009641,-0.183574,0.035387,-0.008075,0.016777,-0.00020299999999999997
1748,-0.18976099999999999,-1.410621,-1.9040650000000001,-0.030083999999999996,0.9871989999999999,-0.156628,-0.014516,-0.124796,0.009505,-0.004599,0.024352000000000002,-0.015018
1749,-0.190777,-1.410865,-1.9026990000000001,-0.030197,0.987238,-0.156361,-0.015568,-0.133268,-0.002241,0.012116,0.010183,-0.007625
1750,-0.19253499999999998,-1.411175,-1.9014229999999999,-0.030414,0.9872879999999999,-0.156007,-0.015663999999999997,-0.162,-0.009682,0.017230000000000002,-0.007154000000000001,-2.8999999999999997e-05
1751,-0.19601,-1.411239,-1.9021009999999998,-0.030943000000000002,0.987298,-0.155838,-0.034613,-0.122449,-0.026955,0.002318,0.010642,-0.014328
1752,-0.20088,-1.411973,-1.9051150000000001,-0.031557,0.9874139999999999,-0.154976,-0.042964999999999996,-0.09361,-0.0388,0.019427,0.011411,-0.00428
1753,-0.20008399999999998,-1.413283,-1.9023849999999998,-0.031177,0.98762,-0.15373299999999998,-0.030289,-0.10119199999999999,-0.018402,0.051471,0.004857,0.019074
1754,-0.193851,-1.4146020000000001,-1.895377,-0.029967,0.987826,-0.152647,-0.040585,-0.00427,-0.004707,0.019896,0.001279,0.000944
1755,-0.188338,-1.4151120000000001,-1.8906880000000001,-0.029031,0.987906,-0.152314,-0.037221,0.048914,0.012341,0.01455,0.007959,-0.014098
1756,-0.183141,-1.41549,-1.8861569999999999,-0.028170999999999998,0.987964,-0.152096,-0.011840999999999999,0.019977,0.033921,0.009601,0.012295,-0.010593
1757,-0.180355,-1.415163,-1.883403,-0.027805,0.987914,-0.15249100000000002,0.004058,0.006034,0.043663,-0.019466999999999998,0.009507999999999999,-0.016469
1758,-0.178952,-1.414076,-1.882198,-0.027781999999999998,0.9877440000000001,-0.153587,0.00629,0.018844,0.035114,-0.013295,0.009204,-0.022484
1759,-0.17405,-1.413568,-1.877561,-0.027116,0.987665,-0.15421600000000002,0.023303,0.010245,0.039517000000000004,-0.004638000000000001,0.004843,-0.014241
1760,-0.164051,-1.413082,-1.8676220000000001,-0.025651,0.9875889999999999,-0.154953,0.0318,0.011243000000000001,0.04919,0.012803,-0.008539,0.0037689999999999998
1761,-0.152338,-1.413082,-1.856541,-0.023834,0.9875889999999999,-0.15524300000000002,0.031952999999999995,0.043210000000000005,0.047016,0.019104,0.004324000000000001,0.009247
1762,-0.138567,-1.413182,-1.843977,-0.02168,0.987605,-0.15545799999999999,0.026746,0.07305199999999999,0.048012,0.022718000000000002,0.011755,0.0061200000000000004
1763,-0.125473,-1.413341,-1.832911,-0.019622999999999998,0.9876299999999999,-0.155573,0.015283000000000001,0.121082,0.035055,0.018403,0.026698000000000003,0.005304
1764,-0.11838800000000001,-1.413555,-1.828917,-0.018496000000000002,0.987663,-0.155498,0.003901,0.178733,0.013537,-0.000654,0.019768,0.004497
1765,-0.11507300000000001,-1.413816,-1.8295700000000001,-0.01795,0.9877040000000001,-0.155302,-0.012958,0.20338299999999998,-0.009045000000000001,-0.0031829999999999996,0.018888,0.002959
1766,-0.11486199999999999,-1.414561,-1.8331279999999999,-0.017833,0.98782,-0.154576,-0.027957,0.175794,-0.023002,0.000148,0.006382,-0.0008960000000000001
1767,-0.11598399999999999,-1.414983,-1.83758,-0.017959,0.987886,-0.154141,-0.033368,0.15346400000000002,-0.028352,-0.004151,0.002898,-0.006305
1768,-0.120032,-1.414847,-1.844803,-0.018598,0.987864,-0.154201,-0.027931,0.171571,-0.032612,-0.016359000000000002,0.004125,-0.018879
1769,-0.124298,-1.414677,-1.8532819999999999,-0.019277000000000002,0.9878379999999999,-0.15428599999999998,-0.032962,0.225969,-0.045537,-0.010493,0.016007,-0.012828
1770,-0.126198,-1.4151850000000001,-1.8596409999999999,-0.019507,0.987917,-0.153752,-0.035162,0.211063,-0.045533,0.0017760000000000002,0.025023,-0.0049700000000000005
1771,-0.129005,-1.416068,-1.866723,-0.019826,0.9880530000000001,-0.152832,-0.055361,0.21756399999999998,-0.055296000000000005,0.000554,0.013244,0.001541
1772,-0.13147799999999998,-1.4178979999999999,-1.8740009999999998,-0.019967,0.988334,-0.150988,-0.070146,0.2464,-0.060777,0.00866,0.013085,0.018908
1773,-0.136012,-1.4197030000000002,-1.8840729999999999,-0.020409,0.988607,-0.14912899999999998,-0.079466,0.289126,-0.081192,0.002709,0.010264,0.005483
1774,-0.14315799999999998,-1.421222,-1.8980299999999999,-0.02126,0.988835,-0.147493,-0.091847,0.358511,-0.10593599999999999,0.0047810000000000005,0.024929,1e-06
1775,-0.15018499999999999,-1.423109,-1.913097,-0.022017,0.9891139999999999,-0.145495,-0.10866300000000001,0.402298,-0.11892799999999999,0.010466,0.011008,-0.000959
1776,-0.15870599999999999,-1.42505,-1.9302650000000001,-0.022953,0.989398,-0.143407,-0.114854,0.435399,-0.132899,0.008701,0.006451999999999999,-1.1e-05
1777,-0.171292,-1.427102,-1.952418,-0.024409,0.9896940000000001,-0.141104,-0.141218,0.48669300000000004,-0.15024,0.006267,-0.004464,-0.005868
1778,-0.184226,-1.428981,-1.9755880000000001,-0.025892000000000002,0.9899610000000001,-0.138949,-0.137997,0.494126,-0.147022,0.000379,-0.0123,-0.010938
1779,-0.20078900000000002,-1.4305139999999998,-2.001634,-0.027886,0.9901770000000001,-0.13701300000000002,-0.11581300000000001,0.44928999999999997,-0.142538,-0.014334999999999999,-0.0008119999999999999,-0.008311
1780,-0.21858899999999998,-1.4317440000000001,-2.028626,-0.030057,0.990348,-0.13530599999999998,-0.10506199999999999,0.45356899999999994,-0.156357,-0.025241,0.019784,-0.011987000000000001
1781,-0.240094,-1.433172,-2.059324,-0.032623,0.9905450000000001,-0.13325499999999998,-0.11041600000000001,0.434472,-0.171326,-0.00821,0.015727,0.005539
1782,-0.26142600000000005,-1.434896,-2.088937,-0.035016000000000005,0.9907799999999999,-0.130879,-0.106404,0.381181,-0.168025,0.000333,0.000217,0.009983
1783,-0.283221,-1.436309,-2.118065,-0.037469,0.99097,-0.12874000000000002,-0.112969,0.344985,-0.168025,-0.000556,-0.002384,0.007891
1784,-0.309339,-1.4375959999999999,-2.151262,-0.04043,0.991142,-0.126503,-0.110846,0.343908,-0.166942,-0.012487,0.0019920000000000003,0.007393
1785,-0.336365,-1.439103,-2.184933,-0.043341000000000005,0.991341,-0.123955,-0.089785,0.304333,-0.14538199999999998,-0.021356,0.008522,0.020119
1786,-0.35641100000000003,-1.439563,-2.211092,-0.045658,0.991401,-0.12263299999999999,-0.067487,0.30840500000000004,-0.117459,-0.022992,0.00454,0.004499
1787,-0.370712,-1.439557,-2.232139,-0.047409,0.9914,-0.121974,-0.043997,0.339109,-0.09063099999999999,-0.025253,-0.002188,-0.005742000000000001
1788,-0.382158,-1.4390180000000001,-2.2500169999999997,-0.049000999999999996,0.9913299999999999,-0.121919,-0.002677,0.302634,-0.062524,-0.021311,-0.018368000000000002,-0.0028829999999999997
1789,-0.392071,-1.437707,-2.265376,-0.050704,0.991157,-0.122628,0.014115,0.251399,-0.051663,-0.028413,0.016381,-0.001335
1790,-0.39682399999999995,-1.436998,-2.274281,-0.05155800000000001,0.9910620000000001,-0.12303399999999999,0.009479000000000001,0.17893699999999998,-0.04199,-0.013078,0.03059,-0.0015539999999999998
1791,-0.40153099999999997,-1.437076,-2.2822430000000002,-0.05210599999999999,0.991073,-0.12271800000000001,-0.019663999999999997,0.158941,-0.037791000000000005,-0.001529,0.011521,0.007620999999999999
1792,-0.406941,-1.437537,-2.2910909999999998,-0.052589,0.991134,-0.12201500000000001,-0.0324,0.17496099999999998,-0.036832,-0.005868,-0.012740000000000001,0.0050869999999999995
1793,-0.414803,-1.437295,-2.302321,-0.053642999999999996,0.991102,-0.12181700000000001,-0.031395,0.156864,-0.041076999999999995,-0.029182,-0.009977,-0.010583
1794,-0.424253,-1.436564,-2.314269,-0.05509,0.9910040000000001,-0.121965,-0.015635,0.10354100000000001,-0.039833,-0.047312,0.008506999999999999,-0.024992
1795,-0.441698,-1.434931,-2.332914,-0.0579,0.990784,-0.122448,0.008524,0.036275,-0.022494,-0.051977999999999996,0.006103,-0.0060609999999999995
1796,-0.441996,-1.434516,-2.3332900000000003,-0.058113,0.990728,-0.122803,0.021068,-0.005379,-0.0063289999999999996,-0.054787,-0.0072840000000000005,-0.00798
1797,-0.43972700000000003,-1.434031,-2.331111,-0.058039,0.990662,-0.123369,0.030655,0.009429,0.011878,-0.045919,-0.006302,-0.005918
1798,-0.4326,-1.433482,-2.323544,-0.057386,0.9905870000000001,-0.12427300000000001,0.054751999999999995,-0.047282,0.053779999999999994,-0.014238999999999998,-0.006776999999999999,-0.003626
1799,-0.42482700000000007,-1.432657,-2.313525,-0.05675499999999999,0.990474,-0.125461,0.072395,-0.125237,0.086048,-0.022575,-0.00056,-0.0017059999999999998
1800,-0.411124,-1.431733,-2.297021,-0.055396,0.990346,-0.127066,0.094691,-0.12306099999999999,0.080924,-0.029137,-0.0062,-0.00387
1801,-0.39905100000000004,-1.430408,-2.282966,-0.05436799999999999,0.9901620000000001,-0.128934,0.112024,-0.073019,0.072435,0.005586,0.0035520000000000005,0.005978
1802,-0.38192800000000005,-1.429502,-2.264465,-0.052487,0.990035,-0.130677,0.11523800000000001,-0.063468,0.078856,0.030667000000000003,0.013994,0.030275
1803,-0.366075,-1.42806,-2.246834,-0.05092,0.9898299999999999,-0.132826,0.109727,-0.086949,0.094871,0.031892000000000004,0.019737,0.033858
1804,-0.348612,-1.427821,-2.22785,-0.048673,0.9897959999999999,-0.133918,0.07899199999999999,-0.0474,0.088198,0.015943000000000002,0.011287,0.010108
1805,-0.334727,-1.427133,-2.213764,-0.047033,0.989698,-0.135224,0.06224299999999999,0.018727,0.08265499999999999,0.014303,-8.9e-05,-0.008559
1806,-0.315998,-1.4259819999999999,-2.195466,-0.044846,0.989533,-0.137164,0.080386,0.026095,0.089183,0.012467,-0.004837,-0.014906
1807,-0.299691,-1.4247670000000001,-2.179523,-0.042959,0.9893569999999999,-0.139026,0.097466,0.031349,0.0925,-0.000315,-0.0034100000000000003,-0.013928999999999999
1808,-0.282916,-1.422796,-2.163438,-0.041165,0.9890680000000001,-0.141598,0.10607899999999999,0.046242,0.090404,-0.004825,-0.000604,-0.016055
1809,-0.266467,-1.421338,-2.147466,-0.03921,0.9888520000000001,-0.143648,0.100591,0.017477,0.09574400000000001,-0.004415,0.004251,-0.015806999999999998
1810,-0.251279,-1.420039,-2.131813,-0.037343,0.988658,-0.14547000000000002,0.087563,-0.032545,0.095717,-0.0056560000000000004,0.026204,-0.004295
1811,-0.23828400000000002,-1.418791,-2.117534,-0.035741,0.988469,-0.147143,0.087448,-0.066599,0.087214,-0.002376,0.019862,-0.004606
1812,-0.226034,-1.417176,-2.103939,-0.034293000000000004,0.988224,-0.149124,0.082249,-0.050546,0.073271,0.001533,0.000393,-0.009979
1813,-0.2117,-1.415643,-2.0888720000000003,-0.032471,0.9879879999999999,-0.151082,0.072783,-0.027051,0.06676599999999999,0.011337,0.00038500000000000003,-0.006038
1814,-0.196037,-1.414515,-2.072639,-0.030317,0.9878129999999999,-0.15266400000000002,0.066387,-0.024901,0.06779,0.014891,0.0059,-0.006439
1815,-0.181845,-1.413708,-2.0581270000000003,-0.028292,0.9876870000000001,-0.153863,0.051519,-0.007812999999999999,0.069802,0.009386,0.008787999999999999,0.000588
1816,-0.170214,-1.412891,-2.046143,-0.026637,0.987559,-0.154978,0.052580999999999996,-0.008882,0.069812,0.0025280000000000003,0.008947,-0.003363
1817,-0.162453,-1.411965,-2.03837,-0.025581,0.9874129999999999,-0.156082,0.049572000000000005,0.018886,0.0548,-0.011345000000000001,0.016844,-0.001847
1818,-0.158324,-1.410936,-2.035069,-0.025097,0.98725,-0.15718900000000002,0.047698000000000004,0.063686,0.041908999999999995,-0.011677,0.014916999999999998,-0.007070999999999999
1819,-0.155776,-1.4098760000000001,-2.033673,-0.024859,0.98708,-0.15828599999999998,0.039159,0.054162,0.033313999999999996,-0.013136000000000002,0.009959,-0.006462999999999999
1820,-0.152857,-1.4091690000000001,-2.031145,-0.024503,0.986967,-0.159048,0.030427999999999997,0.005211,0.027974000000000002,-0.013003,0.0064719999999999995,-0.00355
1821,-0.160645,-1.408083,-2.038571,-0.025912,0.986791,-0.159911,0.027185,-0.014976,0.017289,-0.025006,0.013621000000000001,-0.006013
1822,-0.161132,-1.40725,-2.038979,-0.026122000000000003,0.986656,-0.160709,0.031616000000000005,0.010618,0.0066040000000000005,-0.016877,0.008492,-0.008954
1823,-0.16225,-1.4064940000000001,-2.04058,-0.026422,0.986533,-0.161416,0.021067,0.028799,-0.0020399999999999997,-0.016531999999999998,0.0021449999999999998,-0.008277
1824,-0.16502999999999998,-1.40582,-2.043757,-0.02698,0.9864219999999999,-0.161998,0.007146,0.015008,-0.004257,-0.010572,0.007276,-0.008504000000000001
1825,-0.167851,-1.405441,-2.04637,-0.027499000000000003,0.98636,-0.16229000000000002,-0.002646,-0.028630000000000003,-0.005339,-0.008161,0.015486000000000002,-0.008822
1826,-0.17033299999999998,-1.405171,-2.0476099999999997,-0.027947000000000003,0.9863149999999999,-0.162483,0.0066879999999999995,-0.08089099999999999,0.00227,-0.008262,0.017391999999999998,-0.013054
1827,-0.17386500000000002,-1.404013,-2.04949,-0.028718,0.986124,-0.163508,0.007815,-0.073417,-0.003074,-0.010359,-0.001428,-0.021474
1828,-0.17732699999999998,-1.403147,-2.051752,-0.029435000000000003,0.98598,-0.164248,0.008979000000000001,-0.052114999999999995,-0.003095,-0.007308,-0.001513,-0.007993
1829,-0.178046,-1.4028690000000001,-2.051342,-0.029601,0.985933,-0.164496,0.014184,-0.062859,0.015113999999999999,-0.00232,1.3000000000000001e-05,-0.001168
1830,-0.17741400000000002,-1.402417,-2.048877,-0.029575999999999998,0.985858,-0.164954,0.017141,-0.101283,0.031207,-0.008846,0.004239,-0.008416
1831,-0.17822000000000002,-1.4018700000000002,-2.0478099999999997,-0.029805,0.985766,-0.165461,0.011923,-0.073576,0.03327,-0.013912,0.011091,-0.007665000000000001
1832,-0.176256,-1.401704,-2.044865,-0.029508,0.9857379999999999,-0.165681,0.002494,-0.034132,0.034221,-0.010424,0.017695,-0.0083
1833,-0.17131400000000002,-1.401706,-2.038944,-0.028689,0.9857379999999999,-0.165822,-0.001927,-0.0629,0.039569,0.007708,0.010325,-0.003901
1834,-0.168223,-1.4016819999999999,-2.034024,-0.02818,0.985734,-0.165933,-0.011686,-0.095898,0.041679,-0.011874,0.012282,-0.008703
1835,-0.169568,-1.402059,-2.033636,-0.028339999999999997,0.985798,-0.165529,-0.032831,-0.072311,0.022272,-0.021006,0.011334,-0.009215000000000001
1836,-0.170217,-1.402251,-2.033143,-0.028416000000000004,0.9858299999999999,-0.165324,-0.032612999999999996,-0.049838,-0.003393,0.006504,0.012629000000000001,-0.013402
1837,-0.170467,-1.402942,-2.032895,-0.028342000000000003,0.9859450000000001,-0.16464600000000001,-0.047228,-0.014487,-0.039858,0.030402,0.021623,-0.010097
1838,-0.17016099999999998,-1.404396,-2.033027,-0.028049,0.986187,-0.163242,-0.082209,0.024034,-0.051898,0.061052999999999996,0.015308,0.014774
1839,-0.17693399999999998,-1.406317,-2.040603,-0.02882,0.986504,-0.161183,-0.118468,0.04115,-0.038286,0.047557999999999996,0.008415,0.01807
1840,-0.181841,-1.408652,-2.046902,-0.029194,0.986883,-0.158774,-0.12047200000000001,0.084773,-0.023400999999999998,0.000691,0.010523000000000001,0.019674
1841,-0.185868,-1.410722,-2.053372,-0.029456,0.987215,-0.156647,-0.094638,0.136878,-0.02222,-0.012628,0.010542000000000001,-0.015884
1842,-0.18799200000000002,-1.412074,-2.0580060000000002,-0.029539,0.9874299999999999,-0.155272,-0.059753,0.10278599999999999,-0.023978,-0.009890000000000001,0.003399,-0.011751000000000001
1843,-0.189593,-1.412662,-2.060676,-0.029677999999999996,0.9875229999999999,-0.154655,-0.01962,0.024829,-0.010779,-0.013703,-0.018071,-0.004693
1844,-0.19356500000000001,-1.412334,-2.064596,-0.030354000000000003,0.9874709999999999,-0.154853,0.001459,-0.015794,0.006509999999999999,-0.029352999999999997,-0.008605,-0.008416
1845,-0.191657,-1.412175,-2.0616830000000004,-0.030088,0.9874459999999999,-0.155064,0.019246,-0.072401,0.028071,-0.00905,-0.0035590000000000005,-0.0037340000000000003
1846,-0.18976400000000002,-1.4117629999999999,-2.057473,-0.029872000000000003,0.987381,-0.155521,0.025331,-0.13105999999999998,0.039938999999999995,-0.005285,-0.001465,-0.001508
1847,-0.186555,-1.411335,-2.0513790000000003,-0.029450999999999998,0.9873129999999999,-0.156031,0.032746,-0.137499,0.04534,0.004945000000000001,0.008781,0.014353
1848,-0.182811,-1.410881,-2.045255,-0.028948,0.987241,-0.156581,0.028661000000000002,-0.099126,0.043126,0.009554,0.010759999999999999,0.022212
1849,-0.17629,-1.411633,-2.0371099999999998,-0.027795999999999998,0.98736,-0.15603499999999998,0.004265,-0.069204,0.040782,0.017176,0.024281999999999998,0.021894999999999998
1850,-0.169067,-1.4125459999999999,-2.028332,-0.026517000000000002,0.987505,-0.155343,0.005234,-0.08839,0.042952,0.021405,0.009962,0.003137
1851,-0.165901,-1.412634,-2.02331,-0.026010000000000002,0.987518,-0.155342,0.0021149999999999997,-0.079819,0.033305,-0.000799,-0.004852,-0.004525
1852,-0.165579,-1.4127020000000001,-2.0219720000000003,-0.025949,0.9875290000000001,-0.155284,-0.003951,-0.037058,0.001161,0.006631999999999999,0.001408,0.004619
1853,-0.16809300000000002,-1.412666,-2.023812,-0.026345,0.9875229999999999,-0.155252,0.000436,-0.033783,-0.022313,0.038247,0.015925,0.004587
1854,-0.162736,-1.4132799999999999,-2.018195,-0.025415,0.98762,-0.15479300000000001,-0.0058130000000000005,-0.012403,-0.035198,0.061440999999999996,0.023931,0.014946000000000001
1855,-0.167464,-1.413322,-2.0235939999999997,-0.026139999999999997,0.987627,-0.15463,-0.012888,0.066487,-0.043894,0.077989,0.011045999999999999,0.006864
1856,-0.154606,-1.414058,-2.014332,-0.024038,0.987742,-0.15423599999999998,-0.020675,0.22845500000000002,-0.048422,0.079457,0.003042,-0.000504
1857,-0.15385,-1.4142299999999999,-2.019755,-0.023895,0.987769,-0.154085,-0.011699,0.33916199999999996,-0.035682,0.072052,-0.004263,-0.007765
1858,-0.137856,-1.414253,-2.011157,-0.021424000000000002,0.987772,-0.154426,-0.007315,0.36895900000000004,-0.031411,0.045259,0.008169,-0.013147
1859,-0.135357,-1.414289,-2.01633,-0.021034,0.987778,-0.154444,-0.007181,0.383932,-0.046385,0.015846000000000002,0.017731,-0.012869
1860,-0.13389600000000002,-1.41395,-2.022712,-0.020853,0.987725,-0.154806,-0.005979,0.392536,-0.067751,-0.002921,0.012062,-0.012506999999999999
1861,-0.13533699999999999,-1.413835,-2.032643,-0.021091,0.987707,-0.154888,-0.00572,0.43520600000000004,-0.082759,-0.016094999999999998,0.002878,-0.009892
1862,-0.14194400000000001,-1.413616,-2.048022,-0.022144,0.9876729999999999,-0.15495899999999999,-0.014303,0.4214,-0.086008,-0.025371,0.0005480000000000001,0.00025
1863,-0.14436400000000002,-1.413694,-2.058089,-0.022508,0.987685,-0.154829,-0.013624,0.352086,-0.068823,-0.03607,0.013612,-0.002611
1864,-0.14496900000000001,-1.413773,-2.0652209999999998,-0.022591,0.9876969999999999,-0.15473800000000001,-0.010745000000000001,0.305105,-0.044174,-0.038353,0.01598,-0.003861
1865,-0.143973,-1.413866,-2.0700819999999998,-0.022424,0.987712,-0.154671,-0.00875,0.281632,-0.036652,-0.041923,0.014959,-0.009696999999999999
1866,-0.144532,-1.4136870000000001,-2.076022,-0.022535,0.987684,-0.154832,0.010381,0.24861100000000003,-0.053568,-0.029726,0.023913,-0.009963
1867,-0.147818,-1.4130639999999999,-2.083741,-0.023135,0.9875860000000001,-0.155366,0.02625,0.202812,-0.069422,-0.015668,0.018441,-0.011458
1868,-0.152225,-1.412521,-2.092565,-0.0239,0.9875010000000001,-0.15579300000000001,0.006109000000000001,0.229523,-0.071733,-0.010584,0.010745000000000001,-0.015274000000000001
1869,-0.147795,-1.413109,-2.093165,-0.023125,0.987593,-0.15532200000000002,-0.024874,0.239143,-0.05272999999999999,0.022040999999999998,0.003053,0.007388
1870,-0.141877,-1.41425,-2.091788,-0.022046,0.987772,-0.154341,-0.03474,0.209235,-0.023915000000000002,0.007183,-0.006189,0.008055
1871,-0.143825,-1.414833,-2.097316,-0.022264,0.9878620000000001,-0.153728,-0.025465,0.155861,-0.004556,-0.015502000000000002,-0.0104,0.00375
1872,-0.14177,-1.4152280000000002,-2.097744,-0.021893,0.987924,-0.153387,-0.016093,0.11106099999999999,0.001977,-0.087925,-0.007562,-0.028986
1873,-0.15599200000000002,-1.413668,-2.113713,-0.024311000000000003,0.9876809999999999,-0.154583,-0.00557,0.08860900000000001,0.012752,-0.082317,0.0016690000000000001,-0.038929000000000005
1874,-0.151336,-1.4136819999999999,-2.109956,-0.023589,0.987683,-0.15467999999999998,0.01315,0.008537000000000001,0.040759,-0.037170999999999996,-0.007992,-0.024168000000000002
1875,-0.145474,-1.413074,-2.1025669999999996,-0.022769,0.9875879999999999,-0.15541,0.053096000000000004,-0.10778299999999999,0.057211,-0.018338,-0.020867,-0.008805
1876,-0.14290899999999998,-1.412233,-2.097914,-0.022489,0.987455,-0.15629,0.074576,-0.069533,0.06371900000000001,-0.016925,-0.012296,0.013590000000000001
1877,-0.133409,-1.4108049999999999,-2.08787,-0.02119,0.9872290000000001,-0.157894,0.084427,-0.0046240000000000005,0.07331900000000001,0.015423,0.012268000000000001,0.027661
1878,-0.12151500000000001,-1.409298,-2.075132,-0.019491,0.9869870000000001,-0.15961199999999998,0.089387,-0.058025,0.103332,0.053076,0.035672,0.038564
1879,-0.10785399999999999,-1.408033,-2.060053,-0.017443,0.986783,-0.161105,0.065902,-0.047346,0.117041,0.04378,0.014650999999999999,0.022050999999999998
1880,-0.093221,-1.407278,-2.0452529999999998,-0.015153,0.986661,-0.162083,0.043848000000000005,0.028375,0.11465399999999999,0.000261,-0.0036439999999999997,-0.002681
1881,-0.078297,-1.406608,-2.030659,-0.012785,0.9865510000000001,-0.162951,0.048014,0.009173,0.11791199999999999,-0.007540000000000001,-0.008524,-0.009352
1882,-0.064704,-1.405471,-2.015854,-0.010641,0.9863649999999999,-0.16422899999999999,0.076403,-0.088911,0.11289500000000001,-0.025248,-0.008872,-0.027407
1883,-0.054440999999999996,-1.4037549999999999,-2.002543,-0.009047,0.986081,-0.166019,0.10169600000000001,-0.173096,0.098224,-0.045212999999999996,0.011478,-0.001385
1884,-0.047652,-1.401621,-1.99153,-0.008020000000000001,0.9857239999999999,-0.168178,0.11117300000000001,-0.21886399999999998,0.080189,-0.041158999999999994,0.016687,0.005458
1885,-0.042661000000000004,-1.399584,-1.9817,-0.007266,0.9853790000000001,-0.170222,0.101466,-0.243327,0.079085,-0.024059999999999998,0.022174,0.019114
1886,-0.041425,-1.3988969999999998,-1.9749419999999998,-0.007084,0.9852620000000001,-0.170907,0.082014,-0.27849,0.09822,-0.0032619999999999997,0.011,0.026041
1887,-0.034544,-1.397524,-1.9619520000000001,-0.005954,0.9850260000000001,-0.17230399999999998,0.069039,-0.30194099999999996,0.11311500000000001,-0.004711,-0.001841,0.027925
1888,-0.030098000000000003,-1.397131,-1.950809,-0.0052,0.984958,-0.172715,0.065697,-0.33918899999999996,0.10672899999999999,-0.00716,0.001233,0.020768000000000002
1889,-0.026788,-1.396119,-1.940621,-0.004654999999999999,0.984783,-0.173728,0.057401,-0.319847,0.072463,-0.0008380000000000001,0.012562,0.0023870000000000002
1890,-0.025651999999999998,-1.395578,-1.9341509999999997,-0.004471,0.9846889999999999,-0.174265,0.046225,-0.23336700000000002,0.033819,0.003617,0.012199,0.009501
1891,-0.0275,-1.394751,-1.9313810000000002,-0.004816,0.9845440000000001,-0.175072,0.037738,-0.236477,0.019875999999999998,0.019327,0.020247,0.024361
1892,-0.029574,-1.3941709999999998,-1.928538,-0.005196,0.984442,-0.17563199999999998,0.02595,-0.239666,0.028344,0.002846,0.029047000000000003,0.021899000000000002
1893,-0.029986000000000002,-1.393834,-1.92462,-0.005278,0.984383,-0.17596099999999998,0.012085,-0.19694,0.035748,-0.026994,0.017952000000000003,0.004926
1894,-0.038387,-1.392729,-1.929116,-0.006798,0.984188,-0.17699700000000002,0.017503,-0.17885,0.035758,-0.034782,-0.004222999999999999,-0.017018000000000002
1895,-0.038367,-1.392275,-1.925429,-0.006811,0.984107,-0.17744400000000002,0.028167,-0.186318,0.029432999999999997,-0.03393,-0.009086,-0.024049
1896,-0.044988,-1.391054,-1.927866,-0.00804,0.9838899999999999,-0.178596,0.043018,-0.20766700000000002,0.027425,-0.023668,0.004086,-0.010324
1897,-0.04596,-1.390332,-1.924953,-0.008246,0.9837600000000001,-0.179297,0.032484,-0.18204700000000001,0.023045,-0.017738999999999998,0.009663,-0.002695
1898,-0.048083999999999995,-1.3901379999999999,-1.92366,-0.008636,0.983726,-0.17947000000000002,0.018719,-0.15962300000000001,0.021852,-0.005249,0.020531999999999998,0.002849
1899,-0.049295,-1.38986,-1.921689,-0.008867,0.983676,-0.179732,0.017686,-0.15959,0.014367,0.000215,0.025068,0.012862
1900,-0.051021,-1.389486,-1.920584,-0.009196,0.983608,-0.180083,0.015792,-0.11692899999999999,0.003617,-0.012197,0.027881,-0.000306
1901,-0.058251,-1.389162,-1.9265880000000002,-0.010516,0.98355,-0.180331,-0.002908,-0.019863,-0.011595999999999999,-0.006619,0.011384,-0.005567
1902,-0.052910000000000006,-1.3886530000000001,-1.921605,-0.009579,0.9834579999999999,-0.180884,-0.002728,0.020613,-0.010575,0.020276,-0.0073219999999999995,-0.010308
1903,-0.05264099999999999,-1.38863,-1.9215229999999999,-0.009531999999999999,0.983454,-0.180909,0.003505,0.001344,0.007653,0.026637,-0.006266,-0.0204
1904,-0.050398,-1.388403,-1.919457,-0.009137000000000001,0.9834129999999999,-0.181153,0.018479,0.024668,0.022683000000000002,0.002271,0.0034649999999999998,-0.019348
1905,-0.050232,-1.386657,-1.9204459999999999,-0.009193999999999999,0.983094,-0.182869,0.035802,0.08530700000000001,0.028064999999999996,-0.01371,0.0032189999999999996,-0.012352
1906,-0.054352,-1.384842,-1.926322,-0.010043999999999999,0.9827600000000001,-0.184612,0.046560000000000004,0.102322,0.025976,-0.025646,0.010846,-0.0136
1907,-0.055640999999999996,-1.383561,-1.929573,-0.010352,0.9825229999999999,-0.185855,0.030659,0.10671099999999999,0.007697,-0.028741000000000003,0.013403,-0.013881999999999999
1908,-0.054152,-1.383284,-1.9300529999999998,-0.01009,0.9824709999999999,-0.186142,0.006131,0.08770700000000001,-0.013813999999999998,-0.030132,0.011914,0.000489
1909,-0.062194000000000006,-1.383536,-1.9393630000000002,-0.011571,0.982518,-0.185808,-0.012001999999999999,0.05700499999999999,-0.045952,-0.029460000000000004,0.011562000000000001,0.004259000000000001
1910,-0.071438,-1.3843809999999999,-1.950019,-0.013229,0.982675,-0.184864,-0.022456999999999998,0.078454,-0.07276,-0.004715,0.028098,0.015766
1911,-0.07837100000000001,-1.384962,-1.958991,-0.014465,0.9827819999999999,-0.1842,-0.043660000000000004,0.099868,-0.081481,0.011398,0.029408999999999998,0.019053999999999998
1912,-0.083521,-1.386736,-1.966434,-0.015268,0.983109,-0.182385,-0.070281,0.10955699999999999,-0.083814,0.007456,0.024383000000000002,0.009366
1913,-0.090767,-1.388262,-1.976343,-0.016454,0.9833870000000001,-0.180775,-0.085078,0.137319,-0.087158,0.000295,0.021113999999999997,-0.002727
1914,-0.097238,-1.3894030000000002,-1.9864680000000001,-0.017514,0.983593,-0.179548,-0.090133,0.189574,-0.096874,0.003201,0.0023989999999999997,-0.012636
1915,-0.10288,-1.389966,-1.9962400000000002,-0.01847,0.9836950000000001,-0.178895,-0.094373,0.192794,-0.09904299999999999,0.004707,-0.00643,-0.015913999999999998
1916,-0.11153199999999999,-1.3908969999999998,-2.008674,-0.019915000000000002,0.9838620000000001,-0.177819,-0.100853,0.169403,-0.1044,-0.0027140000000000003,0.008219,-0.015479
1917,-0.125412,-1.3919219999999999,-2.026024,-0.022255,0.9840450000000001,-0.176525,-0.11361900000000001,0.165233,-0.11623599999999999,-0.014351,0.012721,-0.020968999999999998
1918,-0.138016,-1.393084,-2.0424439999999997,-0.024321000000000002,0.984251,-0.175097,-0.10812000000000001,0.190823,-0.126914,-0.009127,0.0031609999999999997,-0.024412
1919,-0.14695,-1.394208,-2.055757,-0.025722000000000002,0.984449,-0.173778,-0.10815999999999999,0.204578,-0.103431,0.005535,0.0017879999999999999,-0.027943
1920,-0.145508,-1.395632,-2.0579560000000003,-0.025268000000000002,0.984698,-0.172428,-0.097945,0.1426,-0.063751,0.025345,-0.007388,-0.007107
1921,-0.144261,-1.39697,-2.059036,-0.024863999999999997,0.98493,-0.171155,-0.075933,0.094428,-0.024009,0.009361,-0.005804,-0.004275
1922,-0.144373,-1.3980709999999998,-2.061171,-0.024727000000000002,0.9851200000000001,-0.170079,-0.048214,0.11341199999999999,-0.000339,-0.001366,-0.007261,-0.000178
1923,-0.145642,-1.3989129999999999,-2.0647729999999997,-0.024822,0.9852639999999999,-0.169228,-0.030154000000000004,0.11434100000000001,0.017943,-0.013309,-0.007527,0.005989
1924,-0.144197,-1.399835,-2.064953,-0.024447,0.9854219999999999,-0.168364,-0.009155,0.068344,0.046988999999999996,-0.010662999999999999,-0.002893,0.012618
1925,-0.137251,-1.400152,-2.058704,-0.023234,0.985476,-0.16822,0.024706,0.02766,0.068642,-0.004872,-0.013399000000000001,0.017402
1926,-0.124221,-1.400211,-2.045916,-0.021033,0.9854860000000001,-0.168451,0.053384,0.012595,0.081682,0.015189,-0.002301,0.011101999999999999
1927,-0.11071900000000001,-1.3994469999999999,-2.0324419999999996,-0.018841,0.9853559999999999,-0.169468,0.062942,0.005096,0.083897,0.018535,0.009623999999999999,0.005116
1928,-0.098473,-1.39857,-2.020361,-0.016849,0.9852059999999999,-0.170546,0.066277,0.028547000000000003,0.07748200000000001,0.011417,0.009927,0.007704000000000001
1929,-0.089295,-1.397836,-2.012562,-0.015347,0.98508,-0.171414,0.055985,0.100008,0.064499,-0.003635,-0.0096,0.009335
1930,-0.07975800000000001,-1.3975309999999999,-2.004943,-0.013736000000000002,0.9850270000000001,-0.171852,0.037814,0.08943200000000001,0.06118099999999999,0.000552,-0.010875,0.018791
1931,-0.072657,-1.39736,-1.998751,-0.012527,0.9849979999999999,-0.172112,0.034372,0.030875,0.055890999999999996,-0.015228,-0.009778,0.016671000000000002
1932,-0.07358300000000001,-1.397002,-2.000057,-0.012713,0.984936,-0.172452,0.030175,0.040501999999999996,0.049436,-0.028349,0.020588,-0.000796
1933,-0.071767,-1.396095,-1.9996450000000001,-0.012463,0.984778,-0.17336700000000002,0.025144,0.102327,0.043976999999999995,-0.037967,0.033714999999999995,-0.019244999999999998
1934,-0.064424,-1.3959110000000001,-1.9946080000000002,-0.011202,0.9847469999999999,-0.17363399999999998,0.003879,0.118381,0.043808,-0.031065,0.038874,-0.023875999999999998
1935,-0.057277999999999996,-1.396118,-1.9890439999999998,-0.009949,0.9847819999999999,-0.173507,-0.010443000000000001,0.057772000000000004,0.052392999999999995,-0.034866,0.041325,-0.029495999999999998
1936,-0.05779600000000001,-1.3957620000000002,-1.990131,-0.010059,0.984721,-0.173851,-0.010504000000000001,0.044983999999999996,0.053474,-0.048992,0.051077,-0.030037
1937,-0.051474,-1.3960270000000001,-1.985573,-0.008945999999999999,0.9847670000000001,-0.173651,-0.016472999999999998,0.1186,0.030905000000000002,-0.0442,0.023091999999999998,-0.017115000000000002
1938,-0.046818,-1.396686,-1.983223,-0.008107,0.9848809999999999,-0.173042,-0.039954,0.10275799999999999,0.016874,-0.035243000000000003,0.014036000000000002,-0.0048909999999999995
1939,-0.048835,-1.398172,-1.9866009999999998,-0.008385,0.985137,-0.17156400000000002,-0.048639,0.062337000000000004,0.009386,-0.023948,-0.004287,0.017999
1940,-0.047205000000000004,-1.399189,-1.9860080000000002,-0.008058,0.9853120000000001,-0.170576,-0.051912,0.045308999999999995,0.008317,0.007768000000000001,-0.026281,0.019896
1941,-0.042416,-1.400479,-1.9816599999999998,-0.007187000000000001,0.9855309999999999,-0.16934200000000002,-0.053166,0.003768,0.008362999999999999,0.018997,-0.027004000000000004,0.010651
1942,-0.041667,-1.40146,-1.9807810000000001,-0.00702,0.9856969999999999,-0.168382,-0.043607,-0.005853,0.008442,0.021943,-0.021128,0.008973
1943,-0.039998,-1.402158,-1.979208,-0.006712,0.985814,-0.167705,-0.02769,0.012244,0.021361,0.011289,-0.000798,0.0032
1944,-0.033559,-1.4023860000000001,-1.9731400000000001,-0.0056240000000000005,0.9858520000000001,-0.167521,-0.010681999999999999,0.024861,0.04817,0.006157999999999999,0.000384,-0.017095
1945,-0.026029000000000004,-1.4023459999999999,-1.96616,-0.0043630000000000006,0.9858459999999999,-0.167598,0.011703,0.035376,0.06326799999999999,0.004043,-0.011084,-0.024861
1946,-0.016796000000000002,-1.401134,-1.9577529999999999,-0.002836,0.985642,-0.168826,0.028866000000000003,0.053435,0.061229,0.003629,-0.004013,-0.022886
1947,-0.008381999999999999,-1.4004809999999999,-1.950495,-0.0014210000000000002,0.9855309999999999,-0.169488,0.036406,0.06726599999999999,0.059127,0.0006580000000000001,0.015033000000000001,-0.024467
1948,-0.00057,-1.3998899999999999,-1.94396,-9.7e-05,0.985431,-0.170075,0.022566,0.06734,0.052621,-0.014872,0.034466000000000004,-0.008452
1949,0.000551,-1.400305,-1.944259,9.4e-05,0.985502,-0.169666,0.005676,0.088781,0.033245,-0.025606,0.017641999999999998,0.015614
1950,0.005217,-1.4003370000000002,-1.9417330000000002,0.0008849999999999999,0.985507,-0.169633,-0.006915,0.11872200000000001,0.016027,-0.018097,0.013241999999999999,0.016496
1951,0.00952,-1.400639,-1.9398959999999998,0.0016120000000000002,0.985558,-0.16933,-0.019790000000000002,0.125218,0.017024,0.012182,0.019843,0.024173
1952,0.015332,-1.4013120000000001,-1.9363569999999999,0.0025859999999999998,0.9856719999999999,-0.168654,-0.043429,0.108175,0.037176999999999995,0.035668,0.030579000000000002,0.025374
1953,0.022944,-1.402287,-1.930396,0.003848,0.985836,-0.167669,-0.050089,0.06871000000000001,0.05534,0.007337000000000001,0.020832,0.017095
1954,0.022091999999999997,-1.403096,-1.9316900000000001,0.0036869999999999997,0.9859709999999999,-0.166875,-0.027958999999999998,0.013216,0.060903,-0.04127,-0.021936,-0.005229
1955,0.029017,-1.403317,-1.924366,0.004836,0.986008,-0.166627,-0.003622,-0.03161,0.061131,-0.033888999999999996,-0.007996,-0.017943
1956,0.031111,-1.402564,-1.9207400000000001,0.005208,0.9858819999999999,-0.16735899999999998,0.005703,-0.09236799999999999,0.06234,0.0017649999999999999,0.02016,-0.009796
1957,0.036152,-1.402287,-1.913471,0.006062,0.985836,-0.167603,0.014185,-0.10517699999999999,0.061348,0.015896,0.01685,-0.004776
1958,0.048596,-1.4022729999999999,-1.899603,0.008148,0.985834,-0.16752899999999998,0.010214,-0.045481,0.054837000000000004,0.027801999999999997,-0.003076,0.00838
1959,0.054289,-1.4021700000000001,-1.893863,0.009106999999999999,0.985816,-0.167581,-0.0043939999999999995,0.030255,0.042922,0.047153,0.010003,0.00834
1960,0.074425,-1.402744,-1.8755419999999998,0.012437,0.9859120000000001,-0.166799,-0.036993,0.115674,0.022295,0.061477,0.029560000000000003,0.001852
1961,0.079463,-1.4038979999999999,-1.8740240000000001,0.013187,0.9861049999999999,-0.1656,-0.068457,0.21388000000000001,-0.00048300000000000003,0.076306,0.009058,0.002117
1962,0.08431699999999999,-1.405397,-1.8746180000000001,0.013866,0.986353,-0.16406099999999998,-0.072264,0.301306,-0.015577,0.073964,-0.019815,0.008375
1963,0.088991,-1.40664,-1.876318,0.014524,0.986557,-0.162773,-0.05295,0.319374,-0.021874,0.06383,-0.021331,0.002495
1964,0.0926,-1.40747,-1.8789650000000002,0.015035,0.986692,-0.161904,-0.029518,0.305465,-0.027034,0.045832,0.004794,-0.0017010000000000003
1965,0.100712,-1.407831,-1.8767759999999998,0.016312,0.98675,-0.161423,-0.013619999999999998,0.284096,-0.024756999999999998,0.021148,0.024587,-0.0043939999999999995
1966,0.104174,-1.40803,-1.878986,0.016850999999999998,0.986783,-0.161171,-0.007272,0.281905,-0.015096,-0.009145,0.013141,-0.013375
1967,0.097896,-1.407448,-1.890332,0.015895,0.9866879999999999,-0.16184500000000002,-0.003325,0.23491399999999998,-0.0043219999999999995,-0.038096,-0.001184,-0.020177
1968,0.101115,-1.407255,-1.890534,0.016434999999999998,0.986657,-0.16198099999999999,0.015380000000000001,0.128303,0.00021899999999999998,-0.053270000000000005,0.003394,-0.018103
1969,0.102322,-1.406943,-1.890626,0.016662,0.986606,-0.162268,0.0128,0.029241000000000003,0.000327,-0.055053,0.016415,-0.009531
1970,0.10184800000000001,-1.406682,-1.8908080000000003,0.016611,0.986563,-0.16253199999999998,0.015718,-0.034681000000000003,-0.000638,-0.055230999999999995,0.033593,-0.002598
1971,0.100786,-1.406332,-1.8910349999999998,0.016472999999999998,0.986506,-0.162892,0.014616999999999998,-0.041073,0.00043,-0.031198000000000004,0.012197,0.007939
1972,0.10064400000000001,-1.406141,-1.890352,0.016469,0.986475,-0.163083,0.006011,-0.046412,0.011059000000000001,0.005076,-0.005381,0.020932
1973,0.102153,-1.406024,-1.88753,0.016727000000000002,0.986456,-0.163173,0.003676,-0.070987,0.031370999999999996,0.037198,0.004007999999999999,0.028361
1974,0.106272,-1.405842,-1.8822,0.017418,0.986426,-0.16328099999999998,0.0015710000000000001,-0.042306,0.053752,0.038262,0.027429000000000002,0.019558000000000002
1975,0.11318800000000001,-1.405884,-1.875141,0.018542,0.986433,-0.163116,-0.017345,0.023799,0.055671000000000005,0.030942,0.035982,0.007293000000000001
1976,0.126879,-1.405924,-1.8627790000000002,0.020768000000000002,0.986439,-0.162807,-0.024509,0.089835,0.043791000000000004,0.028945,-0.013325,-0.014484
1977,0.133411,-1.40621,-1.858179,0.021794,0.9864860000000001,-0.162388,-0.013758000000000001,0.096237,0.032107,0.029644,-0.0066430000000000005,-0.010417000000000001
1978,0.14166600000000001,-1.405943,-1.85125,0.023171,0.986442,-0.162464,0.009521,0.0493,0.028058999999999997,0.011406,-0.005241,-0.0017510000000000002
1979,0.145311,-1.4052930000000001,-1.848586,0.023856,0.9863360000000001,-0.163012,0.040532,0.06304900000000001,0.026121,-0.008231,-0.005302,-0.002225
1980,0.148796,-1.404376,-1.8470540000000002,0.024558,0.9861840000000001,-0.163823,0.045068000000000004,0.11738399999999999,0.020742,-0.001715,0.004661,-0.00042300000000000004
1981,0.15833,-1.403645,-1.840275,0.026232,0.9860629999999999,-0.164293,0.044125,0.139781,0.015368000000000001,0.018675,0.00031099999999999997,0.007784
1982,0.16559000000000001,-1.403097,-1.835623,0.027513,0.9859709999999999,-0.164631,0.040847,0.118504,0.011101,0.005217,0.007086,0.013798
1983,0.163497,-1.402811,-1.8397270000000001,0.027214,0.985924,-0.164967,0.051379999999999995,0.098062,0.014381,-0.017052,0.012001000000000001,0.002827
1984,0.159661,-1.401708,-1.845463,0.026754000000000003,0.9857389999999999,-0.166143,0.055675999999999996,0.10231599999999999,0.012265999999999999,-0.031103,0.008768000000000001,-0.008066
1985,0.14923699999999998,-1.400252,-1.857765,0.025234,0.9854930000000001,-0.16783199999999998,0.049257999999999996,0.099138,0.013288,-0.023678,0.01675,-0.009719
1986,0.142827,-1.399577,-1.8656669999999997,0.024253,0.9853780000000001,-0.168649,0.033106000000000003,0.070414,0.017481,-0.02143,0.027989,-0.002845
1987,0.140574,-1.399359,-1.868611,0.023903,0.985341,-0.168915,0.020068,0.021443,0.020655,-0.030723,0.026912000000000002,0.002076
1988,0.126346,-1.399712,-1.882597,0.021453,0.985401,-0.16889300000000002,0.00503,-0.010425,0.01097,-0.041366,0.025478999999999998,-0.001288
1989,0.108448,-1.4001,-1.899619,0.018386000000000003,0.985467,-0.168871,-0.016388,-0.043315,-0.004101,-0.045333,0.017112,-0.006773
1990,0.10650599999999999,-1.400663,-1.900355,0.017999,0.985562,-0.168354,-0.031435000000000005,-0.07413,-0.010576,-0.046838,0.008487,-0.008236
1991,0.10347100000000001,-1.401434,-1.901299,0.017409,0.985692,-0.167653,-0.038076,-0.125448,-0.012751,-0.049453,-0.002477,-0.013515000000000001
1992,0.07965,-1.401937,-1.92172,0.013372,0.985777,-0.167525,-0.032951,-0.175523,-0.015864,-0.046865,-0.001585,-0.008561
1993,0.06479,-1.4022809999999999,-1.932398,0.010859,0.985835,-0.16736700000000002,-0.021412,-0.22136199999999998,-0.017865,-0.042841000000000004,-0.0041,-0.013465000000000001
1994,0.038475999999999996,-1.401946,-1.9532439999999998,0.006464,0.9857790000000001,-0.167925,-0.0068,-0.287487,-0.011278,-0.027658999999999996,-0.006409000000000001,-0.004439
1995,0.028288999999999998,-1.401827,-1.956839,0.004757,0.985759,-0.168099,0.002433,-0.349499,0.006991,-0.0191,-0.003489,-0.004569
1996,0.020403,-1.401632,-1.956868,0.003435,0.985726,-0.168324,0.008485,-0.41243199999999997,0.022068,-0.002779,0.004799,-0.001521
1997,0.018675,-1.40162,-1.950115,0.003144,0.9857239999999999,-0.16834100000000002,0.013699000000000001,-0.421045,0.040277,0.025176,0.014703,0.006247
1998,0.01678,-1.4011719999999999,-1.9440819999999999,0.002833,0.985648,-0.16878900000000002,0.023459,-0.37000900000000003,0.056303,0.040686,0.010339,0.007137
1999,0.017659,-1.400668,-1.9362110000000001,0.00299,0.985563,-0.169283,0.02355,-0.334915,0.071213,0.058061,0.007937,0.009126
2000,0.030083,-1.400586,-1.9172369999999999,0.005095000000000001,0.985549,-0.16931300000000002,0.015013999999999998,-0.322153,0.08396,0.038103,0.012955000000000001,0.012514
2001,0.033058,-1.400415,-1.9080599999999999,0.005604,0.9855200000000001,-0.169465,0.0024129999999999998,-0.290099,0.07101299999999999,0.024974,0.0075829999999999995,0.00792
2002,0.034703,-1.4002709999999998,-1.9011310000000001,0.005888,0.9854959999999999,-0.169599,0.008059,-0.24103400000000003,0.050693,0.027498,0.00599,-0.003665
2003,0.040712,-1.3997629999999999,-1.8906020000000001,0.006927,0.985409,-0.17006,0.019948,-0.225023,0.032599,0.036225,0.005863,-0.004531
2004,0.038729,-1.399371,-1.887805,0.006605,0.9853430000000001,-0.170458,0.016723,-0.24306999999999998,0.019781,0.03734,0.005441,-5.9e-05
2005,0.048428,-1.399718,-1.8733990000000003,0.008241,0.985402,-0.170045,0.002895,-0.23979899999999998,0.013276,0.033826999999999996,0.013255000000000001,0.009781999999999999
2006,0.059132000000000004,-1.400406,-1.858475,0.010020999999999999,0.985519,-0.16927,-0.005508,-0.20463599999999998,0.018519,0.035771,0.023072,0.009511
2007,0.065096,-1.400831,-1.848743,0.011003,0.985591,-0.16879,-0.010795,-0.18759800000000001,0.024873,0.041731,0.008947,0.002484
2008,0.077577,-1.400255,-1.8328259999999998,0.013153,0.9854930000000001,-0.169205,-0.005416,-0.167418,0.035573,0.030411,-0.000248,-0.012846999999999999
2009,0.088091,-1.399206,-1.819538,0.015022,0.9853139999999999,-0.17008800000000002,-0.004218,-0.125927,0.048351,0.024909999999999998,0.00611,-0.019563999999999998
2010,0.095276,-1.398558,-1.810056,0.016304,0.9852040000000001,-0.17061099999999998,0.003276,-0.110017,0.059066999999999995,0.016746,0.000484,-0.023908000000000002
2011,0.101586,-1.396316,-1.8013560000000002,0.017605000000000003,0.984817,-0.172702,0.02247,-0.117523,0.054939,0.006534999999999999,-0.016815,-0.030545
2012,0.10543800000000002,-1.3939709999999998,-1.7954849999999998,0.018512999999999998,0.9844069999999999,-0.174929,0.030192,-0.083375,0.033587,0.00787,-0.006868000000000001,-0.024396
2013,0.110846,-1.392701,-1.788974,0.019597,0.984183,-0.176068,0.030476,-0.043866,0.01004,0.021983000000000003,0.013619999999999998,-0.0061979999999999995
2014,0.113621,-1.392443,-1.7856580000000002,0.020114,0.984137,-0.176266,0.013587,-0.021363,-0.008265,0.026012999999999998,0.023981,0.004543
2015,0.12128599999999999,-1.393505,-1.7783529999999999,0.021338,0.984325,-0.175069,-0.011685,0.033138,-0.028803,0.016488,0.028691,0.008611
2016,0.122349,-1.394513,-1.779088,0.021403,0.984502,-0.174061,-0.041113,0.10897000000000001,-0.05260499999999999,0.013050999999999998,0.033976,-0.000591
2017,0.12221800000000001,-1.395385,-1.7820580000000001,0.021276,0.984655,-0.173211,-0.055799,0.14744100000000002,-0.069847,0.014476,0.020791999999999998,-0.010779
2018,0.118645,-1.396117,-1.7888950000000001,0.020571000000000002,0.9847819999999999,-0.172571,-0.072723,0.159299,-0.090275,0.005979,0.006291,-0.017279
2019,0.111124,-1.397298,-1.799784,0.019144,0.9849870000000001,-0.171565,-0.085451,0.15728599999999998,-0.108521,-0.000604,0.00923,-0.016819999999999998
2020,0.101086,-1.398907,-1.813105,0.017261000000000002,0.9852629999999999,-0.170172,-0.092901,0.15383,-0.12148199999999999,-0.0032840000000000005,0.014737,-0.012888
2021,0.089567,-1.400823,-1.8277900000000002,0.015131,0.9855889999999999,-0.168478,-0.09502000000000001,0.146423,-0.13217,-0.003091,0.012671,-0.014428999999999999
2022,0.07621900000000001,-1.40234,-1.84433,0.012767,0.9858450000000001,-0.167174,-0.093894,0.153898,-0.13751300000000002,-0.001261,0.0033520000000000004,-0.007783
2023,0.064251,-1.404406,-1.859782,0.010634000000000001,0.986189,-0.16528199999999998,-0.091712,0.167726,-0.13431099999999999,0.002595,0.004991,-0.001451
2024,0.055768,-1.4063290000000002,-1.871819,0.009126,0.986506,-0.163473,-0.083268,0.163372,-0.11822200000000001,0.010604,0.004354,-0.001368
2025,0.048975,-1.407365,-1.8820299999999999,0.007965,0.986675,-0.16251,-0.06843099999999999,0.162169,-0.096751,0.007843000000000001,-0.016368,-0.01675
2026,0.043544,-1.4081,-1.890881,0.007051000000000001,0.9867940000000001,-0.161826,-0.051451,0.16309,-0.075269,0.00804,-0.017922,-0.019524
2027,0.039613,-1.408212,-1.897793,0.006409999999999999,0.9868120000000001,-0.161742,-0.033576,0.125657,-0.053730999999999994,-0.001116,-0.01054,-0.011567000000000001
2028,0.030229000000000002,-1.408874,-1.9089919999999998,0.004873,0.9869190000000001,-0.161142,-0.023245,0.07101,-0.036573,-0.034246,0.004749000000000001,0.007349
2029,0.02186,-1.409389,-1.918052,0.003513,0.987002,-0.160669,-0.011774,0.018744999999999998,-0.030019,-0.03815,0.012006000000000001,0.005777
2030,0.012434,-1.409772,-1.927688,0.001994,0.9870639999999999,-0.16031700000000002,-0.00645,0.007047,-0.039583,-0.035944,0.012265,0.006554000000000001
2031,0.007382,-1.410001,-1.932718,0.001182,0.9871,-0.160099,-0.012952000000000002,-0.015300999999999999,-0.0396,-0.031577,0.011434999999999999,0.013218
2032,0.002318,-1.4102540000000001,-1.937257,0.00037,0.9871409999999999,-0.159853,-0.012004,-0.035571,-0.033158,-0.023106,-0.000721,0.022112
2033,-0.004286,-1.4113120000000001,-1.9431439999999998,-0.000681,0.987309,-0.158808,-0.017412999999999998,-0.035616,-0.017172999999999997,-0.011786,0.003825,0.033808
2034,-0.005122,-1.4116520000000001,-1.943095,-0.0008119999999999999,0.9873629999999999,-0.158471,-0.016562,-0.054909000000000006,0.011699,-0.021008000000000002,0.018511,0.024957
2035,-0.008842000000000001,-1.412433,-1.9452909999999999,-0.001394,0.9874870000000001,-0.157696,-0.004957,-0.076286,0.019283,-0.032494999999999996,0.005052,0.011883
2036,-0.01402,-1.4124780000000001,-1.9489299999999998,-0.00221,0.9874940000000001,-0.157642,0.014294,-0.071006,0.014066999999999998,-0.034472,0.002359,0.007526000000000001
2037,-0.024161000000000002,-1.41278,-1.957216,-0.0038020000000000003,0.987541,-0.157314,0.018444,-0.099771,0.010924,-0.027433,0.005836,0.014827000000000002
2038,-0.027739,-1.412798,-1.958289,-0.004364,0.9875440000000001,-0.157281,0.025709,-0.13605,0.019566,-0.018875,0.00504,0.018533
2039,-0.03896,-1.413525,-1.9661650000000002,-0.0061,0.987658,-0.156505,0.031896,-0.16702999999999998,0.035667000000000004,-0.026187000000000002,0.004102000000000001,0.015941
2040,-0.041007,-1.413076,-1.9647430000000001,-0.006439,0.9875879999999999,-0.156935,0.032962,-0.16279000000000002,0.039939999999999996,-0.024811,0.005225,0.0073219999999999995
2041,-0.042416,-1.4124889999999999,-1.963114,-0.006684999999999999,0.9874959999999999,-0.157505,0.032005,-0.139346,0.038833,-0.020125,0.008095,-0.001599
2042,-0.046432999999999995,-1.411837,-1.964021,-0.007347,0.987392,-0.15812,0.035134,-0.15852,0.035672,-0.010520999999999999,0.006077,0.0008939999999999999
2043,-0.047917,-1.4113129999999998,-1.9620090000000001,-0.007606999999999999,0.987309,-0.158626,0.025508000000000003,-0.176544,0.022809,-0.011512999999999999,0.010325,0.0016589999999999999
2044,-0.050985,-1.4109690000000001,-1.9616099999999999,-0.008111,0.9872549999999999,-0.158941,0.020308,-0.164735,0.0045969999999999995,-0.006690000000000001,0.013035,0.008138
2045,-0.055587,-1.4113040000000001,-1.963269,-0.008824,0.987308,-0.158572,0.016249,-0.13376400000000002,-0.011495,0.008793,0.005108,0.013978999999999998
2046,-0.058004999999999994,-1.411239,-1.9633740000000002,-0.009211,0.987298,-0.158614,0.02275,-0.109572,-0.014793,0.011027,0.003532,0.014831
2047,-0.059664,-1.411625,-1.962991,-0.009451000000000001,0.987359,-0.158218,0.025976999999999997,-0.100008,-0.011578,0.006033,0.015784,0.016311000000000003
2048,-0.06104299999999999,-1.4114360000000001,-1.96281,-0.009681,0.9873290000000001,-0.158391,0.023972,-0.064872,-0.005227000000000001,0.005378,0.023505,0.0036520000000000003
2049,-0.060814,-1.4111360000000002,-1.961772,-0.009662,0.987281,-0.158689,0.012356,-0.027589,0.005327,0.004108,0.024132,-0.002627
2050,-0.063153,-1.410467,-1.9637639999999998,-0.010075,0.987175,-0.159325,0.00921,-0.010555,0.010623,-0.020243999999999998,-0.007254999999999999,-0.010887
2051,-0.068602,-1.409888,-1.9689900000000002,-0.010981999999999999,0.987082,-0.159838,0.009278,-0.007312999999999999,-0.001134,-0.016209,0.007959,-0.005903
2052,-0.070767,-1.4094149999999999,-1.9708450000000002,-0.011361,0.9870059999999999,-0.16028,0.024161000000000002,-0.018022,5.1e-05,-0.0027530000000000002,0.018609,-0.0036149999999999997
2053,-0.068642,-1.409138,-1.968333,-0.011040000000000001,0.9869620000000001,-0.160576,0.012435,-0.024338,-0.008567,0.012337,0.018699,-0.001
2054,-0.069008,-1.409347,-1.9682540000000002,-0.011084,0.9869950000000001,-0.160366,-0.008859,-0.024225,-0.018328999999999998,0.010794,0.0098,0.014613999999999999
2055,-0.071423,-1.410094,-1.970552,-0.011419,0.987115,-0.159603,-0.032169,-0.000656,-0.03134,-0.001109,0.056388,0.011531999999999999
2056,-0.077863,-1.411724,-1.977734,-0.012320999999999999,0.987375,-0.157922,-0.048962,0.048457,-0.04434,-0.004845,-0.0017329999999999997,0.012887000000000001
2057,-0.085355,-1.412887,-1.9864259999999998,-0.013406,0.987558,-0.156681,-0.047719,0.062403999999999994,-0.069986,0.004281,-0.010706,0.001103
2058,-0.09249,-1.413167,-1.9950279999999998,-0.014497999999999999,0.9876020000000001,-0.156307,-0.018884,0.061267999999999996,-0.077261,0.008822,-0.0084,-0.006642
2059,-0.097651,-1.4128450000000001,-2.00121,-0.015336,0.9875520000000001,-0.156546,0.003348,0.035573,-0.06425299999999999,0.015717,-0.007663,-0.012491
2060,-0.10103999999999999,-1.412452,-2.0054529999999997,-0.015905000000000002,0.98749,-0.156879,0.004368,0.03871,-0.050362,0.016287,-0.005739,-0.007885
2061,-0.10015800000000001,-1.4121059999999999,-2.005543,-0.015801,0.9874350000000001,-0.15723299999999998,0.001101,0.042906,-0.031160000000000004,0.015801,0.004676,-0.007958
2062,-0.097048,-1.411201,-2.003503,-0.015399000000000001,0.9872920000000001,-0.158171,0.008542000000000001,0.050282,-0.017228,0.012637,-0.0020469999999999998,-0.020875
2063,-0.093321,-1.4097520000000001,-2.000778,-0.014941999999999999,0.98706,-0.159651,0.021294999999999998,0.044886,-0.010721,0.012119,-0.000534,-0.024339
2064,-0.089335,-1.4083,-1.997759,-0.014434,0.986827,-0.161137,0.033014,0.049072000000000005,-0.002098,0.009017,0.010274,-0.020046
2065,-0.083537,-1.406933,-1.9931880000000002,-0.013612,0.986604,-0.162563,0.034112,0.06607,0.008572,0.013734,0.022185,-0.020818
2066,-0.074753,-1.406095,-1.98605,-0.012245,0.986467,-0.1635,0.019268,0.091668,0.013779,0.021827000000000003,0.009443,-0.008924
2067,-0.0642,-1.405784,-1.9776779999999998,-0.010537999999999999,0.986416,-0.163926,0.012981999999999999,0.111953,0.008371,0.025919,0.010883,-0.0027760000000000003
2068,-0.058026,-1.405585,-1.9738490000000002,-0.009538,0.986384,-0.164184,0.016173,0.11405499999999999,0.012665000000000001,0.017991,0.012701,0.00047300000000000006
2069,-0.05171799999999999,-1.405276,-1.969555,-0.008518000000000001,0.986333,-0.164545,0.018196,0.096974,0.020179,0.003803,0.007304000000000001,-0.001471
2070,-0.046551999999999996,-1.404829,-1.966593,-0.0076879999999999995,0.986259,-0.165028,0.009801,0.123653,0.015813999999999998,0.006559000000000001,0.0037770000000000004,-0.008846
2071,-0.040080000000000005,-1.404295,-1.9628869999999998,-0.006640999999999999,0.9861709999999999,-0.1656,0.012032,0.147073,0.017937,0.011081,-0.0016129999999999999,-0.015507
2072,-0.032260000000000004,-1.403562,-1.957946,-0.005369,0.986049,-0.16637000000000002,0.021523,0.139246,0.031794,0.010435,-0.0017649999999999999,-0.017346
2073,-0.026073000000000002,-1.4022629999999998,-1.9538939999999998,-0.004372999999999999,0.9858319999999999,-0.16768,0.035121,0.09227,0.045836,-0.015341,0.003807,-0.014541
2074,-0.025046000000000002,-1.4011559999999998,-1.954261,-0.004228,0.9856459999999999,-0.168775,0.038269,0.078418,0.043736000000000004,-0.025466,0.004924,-0.009326000000000001
2075,-0.021942,-1.4002940000000001,-1.952955,-0.0037229999999999997,0.9855,-0.16963699999999998,0.039538,0.10936199999999999,0.029817000000000003,-0.023194,0.004979,-0.003825
2076,-0.019136,-1.399901,-1.9524560000000002,-0.003254,0.985433,-0.170034,0.041708999999999996,0.116816,0.028752999999999997,-0.006328,0.009654000000000001,0.018163
2077,-0.017442,-1.400115,-1.9524,-0.0029620000000000002,0.985469,-0.169828,0.037228,0.066776,0.025580000000000002,-0.014463,0.009236,0.020597
2078,-0.017179,-1.399753,-1.953126,-0.002924,0.985408,-0.170185,0.036136,0.049782,0.013841999999999998,-0.024511,0.003804,0.017399
2079,-0.022642,-1.3993799999999998,-1.959614,-0.0038619999999999995,0.985344,-0.170534,0.029858,0.063708,-0.00011,-0.026151999999999998,0.011604000000000001,-0.000608
2080,-0.028193,-1.398777,-1.9664419999999998,-0.004825,0.985241,-0.171103,0.021363999999999998,0.066857,-0.006638,-0.02435,0.017963,-0.006173
2081,-0.031376999999999995,-1.398379,-1.9704689999999998,-0.005382,0.985173,-0.17148,0.022287,0.030650999999999998,-0.01086,-0.022816,0.010234,4.7e-05
2082,-0.036621,-1.397777,-1.9761520000000001,-0.0063030000000000004,0.9850700000000001,-0.172042,0.026521,0.027423000000000003,-0.006555,-0.015486000000000002,0.0026620000000000003,-0.001328
2083,-0.03598,-1.397374,-1.9761919999999997,-0.006207,0.985,-0.172443,0.015823,0.035923000000000004,0.008314,-0.004077,0.011521,-0.000668
2084,-0.031938,-1.397222,-1.9727130000000002,-0.005515,0.984974,-0.17261600000000002,0.011441,0.022043,0.020052,0.002677,0.020474000000000003,-0.0015480000000000001
2085,-0.029566000000000002,-1.3970479999999998,-1.9705439999999999,-0.00511,0.984944,-0.172799,0.007164,0.011439,0.01149,0.0014939999999999999,0.023418,-0.004386
2086,-0.028584,-1.396896,-1.97022,-0.004945000000000001,0.984917,-0.172954,-5e-05,0.048826,-0.007836,0.002473,0.0064,-0.009496
2087,-0.028664,-1.396671,-1.971538,-0.004965,0.984878,-0.173176,-0.019147,0.058537,-0.021868000000000002,-5.5e-05,0.020371,-0.005825
2088,-0.030655,-1.39706,-1.974522,-0.005298,0.9849459999999999,-0.172782,-0.021421,0.04565,-0.003746,-0.010372,0.021112,-0.0060810000000000005
2089,-0.030829000000000002,-1.3972930000000001,-1.975917,-0.005321,0.984986,-0.172552,-0.010681,0.07538500000000001,0.010177,-0.0163,-0.016144,-0.009516
2090,-0.028362000000000002,-1.3964450000000002,-1.975354,-0.004919,0.9848389999999999,-0.1734,0.033302,0.105153,-0.013055,0.021368,0.060434,-0.023363
2091,-0.027168,-1.3962940000000001,-1.975907,-0.004716,0.9848129999999999,-0.17355399999999999,-0.047917,0.04908,-0.039186,0.037552999999999996,0.028538,-0.030716000000000004
2092,-0.022486000000000003,-1.396733,-1.971899,-0.003894,0.9848889999999999,-0.17314200000000002,-0.004444,0.043385,0.015606,-0.000974,0.000401,0.027038999999999997
2093,-0.018372,-1.396683,-1.9700959999999998,-0.0031829999999999996,0.9848809999999999,-0.173205,0.001442,0.16056700000000002,0.010156,-0.004569,-0.002428,-0.008283
2094,-0.016444999999999998,-1.396747,-1.9713990000000001,-0.002848,0.984892,-0.173149,-0.007194,0.14247,0.014391,-0.015295,-0.022199,0.002464
2095,-0.012765,-1.3969770000000001,-1.9699389999999999,-0.002208,0.984931,-0.172931,-0.009452,0.110536,0.010143000000000001,-0.017827000000000003,-0.013937999999999999,0.001529
2096,-0.011176,-1.396957,-1.9703,-0.0019329999999999998,0.984928,-0.172954,0.0075569999999999995,0.075401,-0.011068999999999999,-0.018346,0.021237,-0.005055
2097,-0.016049,-1.396468,-1.975581,-0.002783,0.984843,-0.173424,0.023272,-0.002364,-0.024748,-0.020105,0.023717,-0.008262
2098,-0.019275999999999998,-1.3960540000000001,-1.978978,-0.003351,0.984771,-0.173821,0.013805000000000001,0.017948,-0.034454000000000005,-0.017081,0.00824,-0.019034
2099,-0.023059,-1.395987,-1.98325,-0.0040100000000000005,0.9847600000000001,-0.173875,-0.0032649999999999997,0.015886,-0.036707,0.015438999999999998,0.016782,0.007142
2100,-0.024325,-1.396677,-1.984573,-0.004214,0.9848790000000001,-0.17319,-0.017284,-0.013905,-0.033561,0.019076,0.021102000000000003,0.009219
2101,-0.027149,-1.397664,-1.9870849999999998,-0.004676,0.98505,-0.172205,-0.038646,-0.023400999999999998,-0.03797,-0.00011499999999999999,0.0108,0.00207
2102,-0.035692,-1.3983510000000001,-1.995152,-0.006123,0.985168,-0.171483,-0.048208999999999995,-0.026516,-0.049785,-0.008723999999999999,0.012436,-0.008556
2103,-0.045163999999999996,-1.398439,-2.004285,-0.007743000000000001,0.985183,-0.17132999999999998,-0.046016,-0.016924,-0.052988,-0.009559999999999999,0.007751999999999999,-0.018213999999999998
2104,-0.053792999999999994,-1.398706,-2.012326,-0.009207,0.9852290000000001,-0.170994,-0.042932,-0.047826,-0.05826799999999999,-0.002008,0.001465,-0.010784
2105,-0.060205999999999996,-1.39893,-2.01752,-0.01029,0.985267,-0.170711,-0.035697,-0.073525,-0.031479,-0.001703,0.004036,-0.014881
2106,-0.067253,-1.39849,-2.022752,-0.011522,0.985192,-0.171068,-0.031633,-0.103431,-0.015391,-0.013028999999999999,-0.002404,-0.02072
2107,-0.074922,-1.397901,-2.027501,-0.012877000000000001,0.9850909999999999,-0.171552,-0.020177,-0.169506,-0.018432,-0.010072,0.003892,-0.020876
2108,-0.08148,-1.397448,-2.0302860000000003,-0.014038,0.9850129999999999,-0.17190999999999998,-0.001078,-0.191948,-0.017202000000000002,0.000519,0.007723999999999999,-0.010967
2109,-0.080456,-1.3973959999999999,-2.0258540000000003,-0.013866,0.9850040000000001,-0.171975,0.006501000000000001,-0.166411,-0.016111,0.030345999999999998,-0.001773,0.005104
2110,-0.07276,-1.397821,-2.015182,-0.012512,0.9850770000000001,-0.171658,0.006495,-0.15474200000000002,-0.0033009999999999997,0.04721,-0.002838,0.009625
2111,-0.06879600000000001,-1.398007,-2.0083740000000003,-0.011819,0.985109,-0.171524,0.0032549999999999996,-0.138849,0.021228,0.036706,-0.000734,0.009293000000000001
2112,-0.059921,-1.3983079999999999,-1.9972290000000001,-0.010278,0.9851610000000001,-0.171327,0.000135,-0.09846,0.040387,0.023111000000000003,0.008202,0.001039
2113,-0.053417,-1.398284,-1.989191,-0.009165000000000001,0.985157,-0.171413,-0.0008410000000000001,-0.067606,0.051024,0.018152,0.012097,-0.006566
2114,-0.04749,-1.3977899999999999,-1.981659,-0.008172,0.985072,-0.17195,0.00549,-0.083607,0.051088999999999996,-0.0043100000000000005,0.014577000000000001,-0.015672
2115,-0.044936000000000004,-1.397357,-1.977196,-0.007751999999999999,0.9849969999999999,-0.172397,0.010772,-0.093222,0.053274,-0.026489,0.018969999999999997,-0.015073
2116,-0.04106,-1.397299,-1.971223,-0.007086,0.9849870000000001,-0.172483,0.001132,-0.10701500000000001,0.047882999999999995,-0.026804,0.014784,-0.012072
2117,-0.038076,-1.397476,-1.9660259999999998,-0.0065650000000000005,0.9850180000000001,-0.172328,-0.01057,-0.104822,0.042457999999999996,-0.025937,0.00775,-0.008884999999999999
2118,-0.038618,-1.397593,-1.9643869999999999,-0.006654,0.985038,-0.17221,-0.010574,-0.10801,0.040324,-0.012435,-0.0033020000000000002,0.002258
2119,-0.036804,-1.397628,-1.9598220000000002,-0.00634,0.985044,-0.17218699999999998,0.007370999999999999,-0.15174400000000002,0.039437,-0.01461,0.0031609999999999997,0.00164
2120,-0.038466,-1.397337,-1.9580229999999998,-0.0066370000000000005,0.984994,-0.172463,0.021168,-0.172016,0.035285000000000004,-0.018418,-0.00245,0.0019
2121,-0.038952,-1.3971,-1.954924,-0.00673,0.9849530000000001,-0.172693,0.033898000000000005,-0.18273499999999998,0.040728,-0.001082,0.006991,0.006082
2122,-0.036325,-1.396641,-1.948451,-0.006293,0.984873,-0.17316199999999998,0.03483,-0.193468,0.059976,0.002997,0.0022789999999999998,0.007116
2123,-0.032722,-1.3962370000000002,-1.940345,-0.005682,0.9848030000000001,-0.17358099999999999,0.035581,-0.237331,0.080335,-0.003244,0.002135,0.008832
2124,-0.031749,-1.395846,-1.934132,-0.005525,0.984735,-0.17397100000000001,0.041908999999999995,-0.251211,0.08253200000000001,-0.015135,0.009207,0.0035310000000000003
2125,-0.031891,-1.394696,-1.9293310000000001,-0.005586,0.984534,-0.175102,0.04525,-0.22881700000000002,0.073979,-0.012435,0.011956,-0.009834
2126,-0.029302999999999996,-1.393628,-1.922139,-0.005164,0.984347,-0.17616700000000002,0.042082999999999995,-0.22241,0.07288,-0.009821,0.009885,-0.010479
2127,-0.026910000000000003,-1.393081,-1.9151150000000001,-0.004757,0.98425,-0.176717,0.035667000000000004,-0.225584,0.072838,-0.004795000000000001,0.007006999999999999,0.005422
2128,-0.026519,-1.392929,-1.909884,-0.004691,0.984223,-0.176868,0.037752,-0.23412199999999997,0.074999,-0.016122,0.012359,0.010105
2129,-0.025968,-1.3925100000000001,-1.9046450000000001,-0.004605,0.9841489999999999,-0.177283,0.034694,-0.21806799999999998,0.058932000000000005,-0.010517,0.011853,0.009040000000000001
2130,-0.025617,-1.3923450000000002,-1.9000560000000002,-0.004547,0.9841200000000001,-0.177447,0.019891,-0.20092100000000002,0.045988,-0.000901,0.020626,0.010165
2131,-0.024556,-1.392406,-1.894766,-0.004357,0.984131,-0.177392,0.010182,-0.213817,0.05128200000000001,-0.0015480000000000001,0.0159,0.009347
2132,-0.024038999999999998,-1.392651,-1.8896709999999999,-0.004259000000000001,0.984174,-0.177154,0.016529,-0.22131399999999998,0.055608000000000005,-0.00337,0.00635,0.005004
2133,-0.022724,-1.392418,-1.8841279999999998,-0.004032,0.984133,-0.17738800000000002,0.017735,-0.197852,0.048108,-0.002972,0.00598,0.0021260000000000003
2134,-0.022283,-1.3921,-1.8796700000000002,-0.00396,0.9840760000000001,-0.177702,0.02416,-0.198914,0.041745,0.0018390000000000001,0.008813,0.003752
2135,-0.02103,-1.392117,-1.8743349999999999,-0.003737,0.984079,-0.17769100000000002,0.025238999999999998,-0.202087,0.035348000000000004,-0.000398,0.016073,0.013078999999999999
2136,-0.022416,-1.392515,-1.8716130000000002,-0.003975,0.98415,-0.177294,0.006058,-0.204121,0.027738,-0.003242,0.025294999999999998,0.008608
2137,-0.025384999999999998,-1.393138,-1.870407,-0.0044859999999999995,0.98426,-0.176669,-0.025910000000000002,-0.20821900000000002,0.014700999999999999,-0.005936,0.026711000000000002,0.00783
2138,-0.029033,-1.3944450000000002,-1.870079,-0.005093,0.98449,-0.17536500000000002,-0.035345999999999995,-0.18893800000000002,-0.003549,0.004406,0.011298,0.005565
2139,-0.032272,-1.3949610000000001,-1.869898,-0.005644,0.9845809999999999,-0.17483900000000002,-0.024499,-0.16559200000000002,-0.023781999999999998,0.008269,-0.00042,-0.00581
2140,-0.03777,-1.395094,-1.872164,-0.006601,0.984604,-0.174675,-0.015926,-0.16983199999999998,-0.036535000000000005,0.011071,-0.002991,-0.009773
2141,-0.041165,-1.394454,-1.8720599999999998,-0.00722,0.984492,-0.175281,-0.004308,-0.184833,-0.024682,0.013186000000000002,0.002675,-0.016797
2142,-0.042896,-1.393521,-1.8705310000000002,-0.007562,0.9843280000000001,-0.17618599999999998,0.010678,-0.149829,-5.2000000000000004e-05,0.010048999999999999,0.0022140000000000003,-0.018547
2143,-0.042593,-1.392918,-1.867839,-0.007534000000000001,0.9842209999999999,-0.176782,0.012941999999999999,-0.10622000000000001,0.014863999999999999,0.010983,0.0016489999999999999,-0.016227000000000002
2144,-0.03857,-1.392118,-1.8614939999999998,-0.006853,0.98408,-0.177597,0.013848,-0.12971,0.027719999999999998,0.015902,0.0020350000000000004,-0.01027
2145,-0.035414999999999995,-1.391553,-1.8552990000000003,-0.006313,0.983979,-0.178173,0.020072,-0.160659,0.036351,0.017207,-0.0026100000000000003,-0.010075
2146,-0.032300999999999996,-1.390794,-1.848803,-0.005782,0.983843,-0.17893900000000001,0.030702999999999998,-0.163913,0.041770999999999996,0.012328,0.000867,-0.004914
2147,-0.025771,-1.3904459999999998,-1.839306,-0.004622,0.9837809999999999,-0.179315,0.030802999999999997,-0.138453,0.041763,0.022414,0.010665000000000001,0.005929
2148,-0.017200999999999998,-1.390314,-1.8282049999999999,-0.003088,0.983757,-0.179478,0.028725,-0.12354000000000001,0.043868,0.024007,0.011497,0.008167
2149,-0.009723,-1.39025,-1.8183369999999999,-0.0017460000000000002,0.9837459999999999,-0.179559,0.023428,-0.114998,0.043823,0.016577,0.009281000000000001,0.007790999999999999
2150,-0.004018,-1.390284,-1.810598,-0.000721,0.9837520000000001,-0.179532,0.019278999999999998,-0.090473,0.041627,0.011479000000000001,0.004697,0.009732
2151,0.001816,-1.390417,-1.8031979999999999,0.00032599999999999996,0.983776,-0.179403,0.016168000000000002,-0.071283,0.040514,0.011072,0.007969,0.009404000000000001
2152,0.007112,-1.3906370000000001,-1.7964240000000002,0.001274,0.983815,-0.17918199999999998,0.020434,-0.07341900000000001,0.038411,0.007499,0.0065260000000000006,0.012205
2153,0.008884,-1.390702,-1.793252,0.001591,0.983827,-0.179115,0.019462,-0.059537,0.030907999999999998,-0.006825,0.00244,0.011025
2154,0.008134,-1.3905399999999999,-1.793007,0.001458,0.983798,-0.179276,0.009965,-0.038189,0.028676999999999998,-0.014931999999999999,0.0041329999999999995,-0.00045700000000000005
2155,0.006417,-1.389824,-1.7937049999999999,0.001155,0.983669,-0.179982,0.015215000000000001,-0.056322000000000004,0.029802999999999996,-0.016749,0.0027199999999999998,-0.015284
2156,0.0039840000000000006,-1.388509,-1.794341,0.000722,0.983432,-0.181278,0.031038,-0.097919,0.028897000000000003,-0.017461,0.010602,-0.021603
2157,9e-06,-1.387049,-1.7961029999999998,2e-06,0.983166,-0.18271500000000002,0.044913999999999996,-0.103269,0.022588999999999998,-0.020433,0.012211,-0.017709
2158,-0.0018620000000000002,-1.3858059999999999,-1.7961189999999998,-0.000342,0.9829379999999999,-0.183937,0.047164,-0.08301499999999999,0.017237,-0.016534,0.011111,-0.015587
2159,-0.0036090000000000002,-1.384506,-1.796112,-0.000669,0.982698,-0.18521300000000002,0.042893,-0.086187,0.015074,-0.005374,0.016661000000000002,-0.009687999999999999
2160,-0.005107,-1.3837059999999999,-1.7959180000000001,-0.00095,0.98255,-0.185998,0.035482,-0.076561,0.011804,-0.005291,0.013056,0.00011599999999999999
2161,-0.006422,-1.383602,-1.7960009999999997,-0.0011949999999999999,0.9825299999999999,-0.186098,0.008973,-0.05192000000000001,-0.00016299999999999998,-0.010325,0.016051,0.021777
2162,-0.01124,-1.384802,-1.799911,-0.002079,0.9827530000000001,-0.184912,-0.012243,-0.041125,-0.017418,-0.011349,0.020101,0.02201
2163,-0.017931,-1.385874,-1.8059509999999999,-0.003297,0.98295,-0.183841,-0.023836000000000003,-0.026101999999999997,-0.034612000000000004,-0.011718000000000001,0.017141,0.008990999999999999
2164,-0.024568,-1.386626,-1.812443,-0.004499,0.983088,-0.183076,-0.032175,-0.000433,-0.052863,-0.008181,0.018772999999999998,0.0017399999999999998
2165,-0.032089,-1.3874440000000001,-1.8202759999999998,-0.00585,0.983238,-0.182233,-0.035271,0.016648,-0.059316999999999995,-0.0035189999999999996,0.014534,-0.000857
2166,-0.038629000000000004,-1.387974,-1.827332,-0.0070209999999999995,0.983334,-0.18167,-0.027783,0.023005,-0.057137,-0.001127,0.008121,-0.0046240000000000005
2167,-0.043312,-1.388358,-1.832691,-0.007856,0.9834040000000001,-0.181258,-0.029901999999999998,0.034696,-0.04862,0.003858,0.003229,-0.008745000000000001
2168,-0.046294,-1.388727,-1.8366959999999999,-0.008379000000000001,0.9834709999999999,-0.180871,-0.028792,0.052767999999999995,-0.04009,0.0077540000000000005,0.001789,-0.008582
2169,-0.046392,-1.38943,-1.8379310000000002,-0.008365000000000001,0.983598,-0.18018,-0.032007,0.04534,-0.044374000000000004,0.009128,0.015685,0.0043219999999999995
2170,-0.050838,-1.390128,-1.8435869999999999,-0.009131,0.9837239999999999,-0.179455,-0.0223,0.064498,-0.048603,0.002936,-0.010625,0.008587000000000001
2171,-0.055031,-1.390779,-1.8495139999999999,-0.009848,0.983841,-0.178776,-0.025291,0.10395399999999999,-0.056152,0.009604000000000001,0.014252,-0.004177
2172,-0.05631799999999999,-1.391362,-1.8535270000000001,-0.010046,0.9839450000000001,-0.17819100000000002,-0.029443,0.132719,-0.053012000000000004,0.008779,0.002979,0.002318
2173,-0.059123,-1.391899,-1.8588,-0.010515,0.9840409999999999,-0.17763299999999999,-0.030649000000000003,0.108196,-0.046579,0.0035409999999999994,0.003783,-0.001093
2174,-0.06305,-1.391973,-1.8648759999999998,-0.011207,0.9840540000000001,-0.177519,-0.024261,0.10603900000000001,-0.045464,-0.012886000000000002,0.0038770000000000002,-0.013872
2175,-0.067846,-1.392087,-1.872048,-0.012051000000000001,0.984074,-0.177351,-0.020983,0.118828,-0.049732,-0.013935,0.0042840000000000005,-0.013323
2176,-0.07227,-1.3921940000000002,-1.878901,-0.012828,0.984093,-0.17719100000000002,-0.018858,0.112446,-0.053982,-0.007390000000000001,0.002403,-0.010843
2177,-0.078954,-1.392175,-1.887735,-0.014013,0.9840899999999999,-0.177119,-0.021039,0.103923,-0.051851,-0.008631,0.006206000000000001,-0.006229999999999999
2178,-0.084375,-1.392207,-1.895521,-0.014971,0.984095,-0.177009,-0.020962,0.127333,-0.045473,-0.009108,0.008901000000000001,-0.009758
2179,-0.087132,-1.392309,-1.9013419999999999,-0.01545,0.9841129999999999,-0.176868,-0.020856,0.15925699999999998,-0.036968,-0.009773,0.009142,-0.012676999999999999
2180,-0.092576,-1.391873,-1.909879,-0.016452,0.984036,-0.177208,-0.01772,0.14857599999999999,-0.032662000000000004,-0.017056,0.005069,-0.012748
2181,-0.098079,-1.3916629999999999,-1.9181080000000001,-0.017447,0.9839979999999999,-0.17732,-0.020996,0.12836,-0.035866,-0.019967,0.007609,-0.011736
2182,-0.10279200000000001,-1.391825,-1.925159,-0.018266,0.9840270000000001,-0.17707699999999998,-0.023191,0.106031,-0.044399,-0.019575,0.008419,-0.010163
2183,-0.10978399999999999,-1.391828,-1.934177,-0.019504,0.984028,-0.17694300000000002,-0.020028,0.09643600000000001,-0.045435,-0.015271000000000002,0.006893000000000001,-0.006285
2184,-0.115185,-1.3918979999999999,-1.941588,-0.020451,0.9840399999999999,-0.176766,-0.025343,0.10283800000000001,-0.043345999999999996,-0.009349,0.010314,-0.007743000000000001
2185,-0.11893599999999999,-1.392317,-1.9476060000000002,-0.021065,0.984115,-0.176279,-0.039178,0.114587,-0.039185000000000005,-0.01052,0.013184,-0.009009
2186,-0.124801,-1.3928180000000001,-1.955555,-0.022037,0.9842040000000001,-0.175663,-0.06593500000000001,0.091261,-0.043616,-0.013576,0.011875,-0.016353
2187,-0.13061099999999998,-1.3938620000000002,-1.9634060000000002,-0.022924,0.9843879999999999,-0.174514,-0.06689500000000001,0.110457,-0.047922,-0.015040000000000001,0.009081,-0.011522
2188,-0.13681500000000002,-1.39481,-1.972276,-0.023879,0.984554,-0.173443,-0.054992,0.138151,-0.057489,-0.011796,0.0051,-0.001529
2189,-0.142395,-1.395656,-1.980753,-0.024728,0.9847020000000001,-0.172483,-0.055001999999999995,0.136021,-0.057487,0.001596,0.01014,-0.003237
2190,-0.144773,-1.396762,-1.985912,-0.024981,0.984894,-0.171345,-0.056112,0.135986,-0.04788,0.007677,-0.012955000000000001,0.004002
2191,-0.147671,-1.3969989999999999,-1.992109,-0.025443,0.984935,-0.171041,-0.05599,0.159435,-0.051114,-0.002618,0.026920999999999997,-0.022622999999999997
2192,-0.152227,-1.397892,-1.9998799999999999,-0.026088999999999998,0.985089,-0.17005499999999998,-0.084727,0.15641300000000002,-0.06947,0.0012779999999999998,0.029131999999999998,-0.017537
2193,-0.160928,-1.399422,-2.011202,-0.027326,0.985351,-0.16833299999999998,-0.081728,0.115904,-0.065125,-0.007876000000000001,0.001023,0.0032939999999999996
2194,-0.16852,-1.4002569999999999,-2.022007,-0.028464999999999997,0.9854930000000001,-0.16731,-0.039727,0.181891,-0.086281,-0.002464,-0.006779,0.001859
2195,-0.173274,-1.4009610000000001,-2.031119,-0.02914,0.985613,-0.166489,-0.06624,0.223504,-0.080109,0.012905000000000002,0.006788,-0.006668
2196,-0.174003,-1.402641,-2.036895,-0.028975,0.9858950000000001,-0.16483599999999998,-0.089611,0.244896,-0.08136499999999999,0.026595,-0.002146,0.006633
2197,-0.176475,-1.404259,-2.044028,-0.029102999999999997,0.986165,-0.163195,-0.062051,0.20538499999999998,-0.08112,0.014041999999999999,0.0036729999999999996,0.005312
2198,-0.183889,-1.404901,-2.055439,-0.030195999999999997,0.9862709999999999,-0.162351,-0.062117,0.197899,-0.073634,-0.010301000000000001,0.012692,-0.011415999999999999
2199,-0.192073,-1.405549,-2.0683860000000003,-0.031401,0.9863780000000001,-0.161471,-0.075724,0.254321,-0.078055,-0.010681999999999999,0.002605,-0.010877
2200,-0.200271,-1.406566,-2.0820819999999998,-0.032525,0.9865440000000001,-0.160225,-0.056415,0.263897,-0.09182,-0.006523,0.01463,0.003228
2201,-0.207114,-1.407738,-2.09389,-0.033382,0.986735,-0.158867,-0.082173,0.244752,-0.07702,0.007,-0.002711,-0.0030280000000000003
2202,-0.21181999999999998,-1.408819,-2.103727,-0.033905000000000005,0.9869100000000001,-0.157666,-0.053402,0.25204899999999997,-0.061873000000000004,-0.002029,0.002042,0.005719
2203,-0.215579,-1.409437,-2.112816,-0.034367,0.98701,-0.156941,-0.042666,0.265864,-0.06288400000000001,-0.000926,0.000356,-0.002971
2204,-0.21846999999999997,-1.409867,-2.120892,-0.034729,0.987079,-0.156427,-0.041733,0.24558200000000002,-0.053237,-0.0017239999999999998,-0.00809,-0.004111
2205,-0.220599,-1.410061,-2.127991,-0.035019999999999996,0.98711,-0.156166,-0.025816000000000002,0.246511,-0.032832,-0.006362,-0.009205,-0.002907
2206,-0.21971100000000002,-1.410217,-2.131968,-0.034848000000000004,0.987135,-0.156046,-0.011004,0.23786,-0.01349,-0.0067480000000000005,0.0009019999999999999,-0.003363
2207,-0.21732100000000001,-1.410085,-2.134096,-0.034503,0.9871139999999999,-0.156256,0.001703,0.21650999999999998,-0.013374,-0.00253,0.001198,-0.003351
2208,-0.214417,-1.40982,-2.135243,-0.034104,0.9870709999999999,-0.156612,0.013323,0.193024,-0.011126,-0.00183,0.007587999999999999,0.001308
2209,-0.21256399999999998,-1.409605,-2.137051,-0.033859,0.987037,-0.156882,0.008998,0.177073,-0.014341,-0.004288,0.011361,0.00283
2210,-0.21212899999999998,-1.409474,-2.1400349999999997,-0.033818,0.987016,-0.157023,0.004711,0.164339,-0.022900999999999998,-0.005031,0.016234000000000002,0.002436
2211,-0.212473,-1.409063,-2.1437,-0.033957999999999995,0.98695,-0.157408,0.003654,0.166474,-0.022912000000000002,-0.000604,0.007312999999999999,-0.009599
2212,-0.211288,-1.408796,-2.1459479999999997,-0.033826,0.986907,-0.15770599999999999,0.00044400000000000006,0.169659,-0.017597,-0.00044500000000000003,0.0034189999999999997,-0.007423999999999999
2213,-0.20919000000000001,-1.408671,-2.147166,-0.033520999999999995,0.986886,-0.157897,-0.008157,0.16220299999999999,-0.01017,0.0018280000000000002,0.005515,-0.008546
2214,-0.205382,-1.409098,-2.1468529999999997,-0.032833999999999995,0.9869549999999999,-0.157611,-0.013425,0.183501,-0.003824,0.00639,0.009612,0.00809
2215,-0.202477,-1.409709,-2.147846,-0.032254000000000005,0.9870530000000001,-0.157115,-0.013368000000000001,0.195224,-0.004906000000000001,-0.0008880000000000001,0.0013039999999999998,0.007181999999999999
2216,-0.199717,-1.409985,-2.148666,-0.031766,0.9870979999999999,-0.156937,-0.008187999999999999,0.168452,0.0015949999999999998,-0.006152,0.012384000000000001,-0.0017850000000000001
2217,-0.198828,-1.409615,-2.150827,-0.031699,0.987038,-0.157323,-0.009378000000000001,0.145002,0.005888,-0.015771,0.006111,-0.014536000000000002
2218,-0.19810999999999998,-1.4092930000000001,-2.152577,-0.031649000000000004,0.9869870000000001,-0.157657,-0.004158,0.10986800000000001,-0.003646,-0.019178,-0.007739,-0.016568
2219,-0.202292,-1.408693,-2.1583259999999997,-0.032427,0.9868899999999999,-0.158103,0.004177,0.067219,-0.001399,-0.010329000000000001,0.003054,-0.000359
2220,-0.20026300000000002,-1.408751,-2.157692,-0.032094,0.986899,-0.158113,0.009477,0.078842,0.017851,0.000356,0.009774,0.004869
2221,-0.19403499999999999,-1.4090280000000002,-2.153352,-0.031056,0.986944,-0.15804100000000001,0.006338,0.10437300000000001,0.029547000000000004,0.010472,0.011164,0.013129
2222,-0.18507,-1.410212,-2.1465959999999997,-0.029423,0.9871340000000001,-0.157164,0.012736,0.116022,0.041329000000000005,0.001591,3.3e-05,0.016356
2223,-0.17716600000000002,-1.410319,-2.141241,-0.028161000000000002,0.987151,-0.157289,0.013869,0.14366400000000001,0.05412,-0.007147,0.005174,0.009965
2224,-0.167855,-1.410444,-2.135106,-0.026675,0.9871709999999999,-0.157422,0.009715999999999999,0.175494,0.064773,-0.014218999999999999,0.013943,0.00404
2225,-0.15962,-1.410536,-2.130328,-0.025363,0.987186,-0.157547,0.015040000000000001,0.17865,0.070146,-0.011165999999999999,-0.000598,0.001831
2226,-0.148697,-1.410458,-2.122662,-0.023652,0.987173,-0.157891,0.017097,0.16584200000000002,0.074449,-0.013381,0.0034579999999999997,0.003594
2227,-0.13755699999999998,-1.4103860000000001,-2.114456,-0.021902,0.9871620000000001,-0.15821500000000002,0.018034,0.145565,0.083026,-0.017008000000000002,0.013616,0.0027890000000000002
2228,-0.131191,-1.410304,-2.110404,-0.020905,0.9871489999999999,-0.158432,0.015727,0.114649,0.09052400000000001,-0.031845,0.005664,0.000839
2229,-0.122223,-1.410136,-2.103077,-0.019503,0.9871219999999999,-0.158776,0.019879,0.08694600000000001,0.088451,-0.03172,0.011581000000000001,0.0009550000000000001
2230,-0.11436900000000001,-1.409807,-2.097291,-0.018293,0.9870690000000001,-0.159247,0.022238,0.138067,0.08946699999999999,-0.016314,0.009909999999999999,-0.0038079999999999998
2231,-0.102037,-1.409607,-2.088545,-0.016347999999999998,0.987037,-0.159658,0.024687999999999998,0.216854,0.097928,-0.011316,-0.000434,0.006429000000000001
2232,-0.08963,-1.410239,-2.080522,-0.01431,0.987138,-0.159227,0.001224,0.226494,0.105227,-0.020328,0.008391,0.015062
2233,-0.07678600000000001,-1.41068,-2.071097,-0.01223,0.987209,-0.15896300000000002,0.003041,0.15193399999999999,0.101061,-0.026389999999999997,0.012868000000000001,0.013013
2234,-0.079638,-1.4102379999999999,-2.0760549999999998,-0.012718,0.987138,-0.15936199999999998,0.011475,0.111496,0.083005,-0.047813,0.020766,-0.013337
2235,-0.079894,-1.410065,-2.0781560000000003,-0.012773,0.98711,-0.15953,-0.008786,0.09990399999999999,0.068986,-0.0437,0.014797,-0.0022440000000000003
2236,-0.078511,-1.410608,-2.078021,-0.01251,0.9871969999999999,-0.159012,-0.016432,0.05733200000000001,0.06577899999999999,-0.024966,-0.0044399999999999995,0.005173
2237,-0.072504,-1.410441,-2.072777,-0.011566,0.9871709999999999,-0.15925,-0.0037340000000000003,0.046584,0.078698,-0.00946,-0.009798999999999999,-0.010976999999999999
2238,-0.058178,-1.409717,-2.059411,-0.009326000000000001,0.9870549999999999,-0.16011199999999998,0.00043,0.054964,0.11076400000000002,0.004229,0.0036369999999999996,-0.02223
2239,-0.038916,-1.409303,-2.040787,-0.006256,0.9869879999999999,-0.16067,0.006587999999999999,0.031382,0.141816,0.008239,0.009853,-0.022221
2240,-0.020827000000000002,-1.409332,-2.0224439999999997,-0.003348,0.986993,-0.16072899999999998,0.005267,-0.022951,0.144013,-0.020562,-0.00245,-0.021141
2241,-0.007737999999999999,-1.4086319999999999,-2.008322,-0.0012490000000000001,0.98688,-0.16145,0.019118,-0.03787,0.133445,-0.023012,0.008237000000000001,-0.020191
2242,0.008362999999999999,-1.408221,-1.9916169999999997,0.001354,0.986814,-0.161855,0.017085,-0.011248000000000001,0.137669,-0.009197,0.009127,-0.007716
2243,0.025584,-1.408172,-1.974034,0.004142,0.986806,-0.161855,-0.003195,-0.008002,0.14286500000000002,0.00718,0.007121,0.003438
2244,0.042769,-1.408267,-1.9563560000000002,0.0069180000000000005,0.986821,-0.161666,-0.013887,-0.013290999999999999,0.142797,0.011117,0.00735,0.006286
2245,0.059999000000000004,-1.408506,-1.9388319999999999,0.009689,0.9868600000000001,-0.16128800000000001,-0.024465,0.002742,0.138429,0.008834999999999999,0.011767,-0.00195
2246,0.07418200000000001,-1.408762,-1.924319,0.011956,0.986901,-0.160883,-0.040457,-0.017352,0.11590999999999999,-0.013101,0.016517,-0.009085
2247,0.083223,-1.409408,-1.914432,0.013358000000000002,0.9870049999999999,-0.160133,-0.043648,-0.036431,0.094546,-0.021856999999999998,0.020669999999999997,-0.00895
2248,0.09002,-1.4096389999999999,-1.907332,0.014425,0.987042,-0.15981099999999998,-0.045507,0.018992,0.089119,-0.011618,0.014147999999999999,-0.015268
2249,0.105272,-1.410026,-1.89306,0.016821,0.9871040000000001,-0.159193,-0.057035,0.069084,0.093248,0.014506,0.005083,-0.009493000000000001
2250,0.12808,-1.410207,-1.8715439999999999,0.020424,0.987133,-0.15859,-0.049602999999999994,0.066719,0.107261,0.03315,-0.011257,-0.010386
2251,0.149627,-1.4103700000000001,-1.851221,0.023812,0.987159,-0.15795399999999998,-0.043302,0.071913,0.135074,0.029075,-0.009512999999999999,-0.010976
2252,0.170523,-1.410787,-1.8318869999999998,0.027038,0.987226,-0.15701700000000002,-0.048617,0.096352,0.155302,0.025987,-0.005201,-0.014537999999999999
2253,0.193408,-1.411309,-1.810546,0.030524000000000003,0.987309,-0.155851,-0.05934299999999999,0.093155,0.164845,0.007241,0.01324,-0.008868000000000001
2254,0.216021,-1.4118600000000001,-1.78955,0.033924,0.9873959999999999,-0.154589,-0.076374,0.09431,0.157247,-0.010837000000000001,0.016113,-0.00601
2255,0.238697,-1.412909,-1.7684279999999999,0.037175,0.987562,-0.152774,-0.09341,0.090155,0.14538299999999998,-0.012899,0.013171,-0.006253
2256,0.259929,-1.414166,-1.7485939999999998,0.040091,0.987759,-0.150751,-0.096597,0.07320399999999999,0.125086,0.000375,0.017338,0.00023799999999999998
2257,0.278039,-1.4159110000000001,-1.731513,0.042342000000000005,0.988029,-0.148342,-0.120049,0.052083000000000004,0.099312,-0.0027760000000000003,0.020302,0.00021
2258,0.294655,-1.418134,-1.715728,0.044162,0.9883700000000001,-0.145516,-0.138105,0.058584000000000004,0.087427,-0.007312000000000001,0.014865,0.001442
2259,0.310608,-1.420759,-1.70102,0.045685,0.988765,-0.142323,-0.127322,0.081991,0.08533500000000001,-0.007431999999999999,0.0011480000000000001,0.012577
2260,0.329356,-1.423124,-1.6842080000000001,0.047589,0.989116,-0.139228,-0.119707,0.116049,0.086412,-0.002484,0.0009199999999999999,0.010276
2261,0.349528,-1.425028,-1.666523,0.049742,0.989395,-0.13647,-0.12499400000000001,0.13627,0.09596299999999999,-0.003783,-0.003646,0.006007
2262,0.368804,-1.426128,-1.6499139999999999,0.051971,0.989554,-0.13447,-0.12178299999999999,0.151121,0.10878499999999999,-0.0065,-0.009604000000000001,-0.014272
2263,0.391002,-1.427016,-1.6302299999999998,0.054608000000000004,0.9896809999999999,-0.132472,-0.116639,0.121224,0.121677,-0.00398,-0.010494,-0.022191
2264,0.40808099999999997,-1.427225,-1.614524,0.05678099999999999,0.989711,-0.13133,-0.110622,0.058258000000000004,0.145299,-0.012713,0.001301,-0.010562
2265,0.42964600000000003,-1.427675,-1.593501,0.059414,0.989776,-0.12967,-0.094763,0.023061,0.14224900000000001,-0.018123,0.026139,-0.018295
2266,0.449895,-1.4283299999999999,-1.57302,0.061745,0.989869,-0.127856,-0.11832899999999999,-0.004528,0.135709,-0.011025,0.00032,-0.017835
2267,0.46769399999999994,-1.429609,-1.554566,0.06344,0.99005,-0.125607,-0.12801099999999999,-0.02791,0.130328,-0.012674,0.005449,0.003628
2268,0.48979700000000004,-1.431011,-1.5311569999999999,0.065548,0.990246,-0.122949,-0.11852,-0.06199299999999999,0.120823,-0.011119,0.0033,0.010293
2269,0.509516,-1.432109,-1.5098200000000002,0.067429,0.990398,-0.12068399999999999,-0.09930800000000001,-0.05993,0.12095399999999999,-0.010651,0.00098,0.012194
2270,0.529563,-1.432974,-1.488916,0.069401,0.990518,-0.118568,-0.10454200000000001,-0.007833,0.150759,-0.011647,-0.015084,0.001716
2271,0.557329,-1.433559,-1.461447,0.07236000000000001,0.990598,-0.116104,-0.134179,0.046591,0.152618,-0.004352,-0.001599,-0.000335
2272,0.587023,-1.434779,-1.432276,0.07510599999999999,0.990764,-0.112899,-0.166195,0.023353,0.13105999999999998,-0.006228,0.012883000000000002,0.000502
2273,0.612775,-1.437128,-1.4060540000000001,0.076649,0.99108,-0.10902200000000001,-0.173741,-0.017008000000000002,0.107556,-0.01746,0.031961,0.007932999999999999
2274,0.636596,-1.439244,-1.381833,0.077977,0.991359,-0.10547999999999999,-0.169287,0.002241,0.085128,-0.031194,0.021977,-0.004002
2275,0.656312,-1.4415930000000001,-1.3618709999999998,0.07862000000000001,0.991665,-0.102076,-0.193806,-0.014632,0.063612,-0.031791,0.00716,-0.013006
2276,0.670927,-1.445349,-1.345726,0.077788,0.992142,-0.097999,-0.22605100000000003,-0.098553,0.032512,-0.036345,0.015366,0.003181
2277,0.684441,-1.450567,-1.329109,0.075831,0.9927809999999999,-0.092927,-0.252849,-0.161171,-0.002852,-0.040583,0.023119,0.00705
2278,0.702629,-1.4558,-1.306669,0.07415,0.993395,-0.08756599999999999,-0.283937,-0.233343,-0.042502,-0.032021,0.021711,0.00526
2279,0.722173,-1.461708,-1.2810860000000002,0.071966,0.9940559999999999,-0.081694,-0.30984,-0.325825,-0.069272,0.006342,0.020225999999999997,0.031202999999999998
2280,0.745744,-1.467509,-1.25037,0.069958,0.9946709999999999,-0.075739,-0.33126300000000003,-0.347048,-0.071531,0.032062,0.0313,0.043695
2281,0.790377,-1.473632,-1.19984,0.068938,0.995283,-0.068255,-0.359664,-0.24685,-0.062241,0.052858,0.031542,0.047686
2282,0.8365799999999999,-1.479584,-1.149614,0.067618,0.995843,-0.061028,-0.38389,-0.16479000000000002,-0.049697000000000005,0.075005,0.043693,0.058053
2283,0.89243,-1.485379,-1.090444,0.066424,0.9963540000000001,-0.053535,-0.384885,-0.15199000000000001,-0.052925,0.082303,0.028243,0.053764
2284,0.9523450000000001,-1.4907190000000001,-1.027017,0.065176,0.9967950000000001,-0.046377,-0.35626199999999997,-0.188327,-0.048406,0.055414,0.009567,0.030951
2285,1.011708,-1.494873,-0.96249,0.064301,0.9971190000000001,-0.040232,-0.30987600000000004,-0.28978000000000004,-0.025519,0.025711,-0.001956,-0.018087
2286,1.064562,-1.498059,-0.9012979999999999,0.063558,0.9973559999999999,-0.035238,-0.251067,-0.492411,-0.019507,0.021372,0.011006,-0.092096
2287,1.092563,-1.499906,-0.859799,0.06288400000000001,0.9974879999999999,-0.032597,-0.12016600000000001,-0.785884,-0.002194,0.053938,0.03512,-0.15273599999999998
2288,1.07941,-1.499708,-0.853925,0.062624,0.997474,-0.033514999999999996,0.045047000000000004,-1.029457,0.027045999999999997,0.127866,0.016869,-0.166223
2289,1.036784,-1.498286,-0.874664,0.062360000000000006,0.9973719999999999,-0.036875,0.12044400000000001,-1.1117299999999999,0.023406,0.198855,-0.024746999999999998,-0.12280799999999999
2290,0.9900329999999999,-1.496586,-0.9010459999999999,0.061986,0.9972479999999999,-0.040679,0.12231700000000001,-0.935952,0.019989,0.22880100000000003,-0.041605,-0.080049
2291,0.958355,-1.495048,-0.9180649999999999,0.061922000000000005,0.997132,-0.043504,0.076775,-0.609877,0.034207999999999995,0.256133,-0.061279999999999994,0.035111
2292,0.9488719999999999,-1.493514,-0.918157,0.06275,0.997015,-0.04498,0.027294,-0.413889,0.082749,0.24195300000000003,-0.069601,0.088788
2293,0.959369,-1.491427,-0.900183,0.06492200000000001,0.9968520000000001,-0.045513,-0.01319,-0.330937,0.152863,0.23903400000000002,-0.031596,0.12266099999999999
2294,0.993761,-1.488808,-0.862768,0.068636,0.996641,-0.044677999999999995,-0.07384099999999999,0.002464,0.21290100000000003,0.255705,-0.004529999999999999,0.07899500000000001
2295,1.050032,-1.485863,-0.8118270000000001,0.073586,0.996395,-0.042207,-0.121205,0.41794799999999993,0.24728899999999998,0.245827,-0.033001,0.020128
2296,1.1195700000000002,-1.482745,-0.7536390000000001,0.079135,0.9961260000000001,-0.038347000000000006,-0.165982,0.66842,0.253064,0.177197,-0.056215,-0.015471
2297,1.194415,-1.4797639999999999,-0.69494,0.08454400000000001,0.995859,-0.033414,-0.175452,0.9135540000000001,0.23131999999999997,0.11598699999999999,-0.00799,-0.04227
2298,1.2536479999999999,-1.476748,-0.656796,0.089227,0.9955809999999999,-0.029287,-0.065424,1.1349360000000002,0.184803,0.084617,0.00596,-0.07119199999999999
2299,1.2788709999999999,-1.4734040000000002,-0.654892,0.093125,0.9952610000000001,-0.027985000000000003,0.106618,1.161108,0.15072,0.033538,-0.009314,-0.080322
2300,1.274913,-1.470045,-0.679838,0.09621,0.9949290000000001,-0.029327999999999996,0.177235,0.922427,0.10451700000000001,-0.044162,-0.008601000000000001,-0.07209700000000001
2301,1.26257,-1.468067,-0.705739,0.097716,0.9947280000000001,-0.031110000000000002,0.133096,0.511551,0.027881,-0.096785,0.006706,0.011045000000000001
2302,1.248029,-1.4678200000000001,-0.726096,0.097486,0.9947030000000001,-0.032606,0.093486,0.173217,-0.043532999999999995,-0.07360599999999999,0.010516,0.038251
2303,1.2284329999999999,-1.46866,-0.7465510000000001,0.096041,0.9947889999999999,-0.034229,0.085342,-0.023644,-0.090339,-0.044482,0.017968,0.057239
2304,1.197555,-1.470051,-0.77583,0.093651,0.9949290000000001,-0.036673000000000004,0.138426,-0.120611,-0.129368,0.058113,0.017506,0.045737
2305,1.149918,-1.4712450000000001,-0.819887,0.090714,0.995049,-0.040606,0.201992,-0.232636,-0.141599,0.07913200000000001,0.046775,0.033175
2306,1.091343,-1.471529,-0.8733620000000001,0.08793,0.995077,-0.045716,0.246522,-0.274419,-0.120939,0.09790700000000001,0.062922,0.017564
2307,1.031914,-1.471151,-0.929056,0.085382,0.9950399999999999,-0.051051,0.24180100000000002,-0.135924,-0.11901300000000001,0.064841,0.001207,-0.045431
2308,0.984094,-1.471248,-0.977273,0.082764,0.995049,-0.055021,0.170425,0.10197300000000001,-0.14224900000000001,0.06204199999999999,0.033027,-0.020784999999999998
2309,0.951319,-1.472685,-1.0144959999999998,0.079752,0.9951909999999999,-0.056873,0.074169,0.253712,-0.17623,0.059408,0.04526,0.025562
2310,0.928565,-1.475387,-1.042096,0.076284,0.995452,-0.057062,0.010028,0.20501399999999997,-0.19691199999999998,0.037913,0.027406,0.058038
2311,0.8999889999999999,-1.47885,-1.073393,0.071922,0.995776,-0.057075,0.014003,0.083785,-0.253345,0.032555,0.029294,0.059181
2312,0.8548530000000001,-1.483248,-1.118623,0.065969,0.9961700000000001,-0.057387,0.014773,-0.050169,-0.32153400000000004,-0.006993000000000001,0.034805,0.023696000000000002
2313,0.798132,-1.488126,-1.173951,0.059128999999999994,0.996585,-0.057642,0.00618,-0.084142,-0.342915,-0.015350999999999998,-0.000964,-0.010519
2314,0.733457,-1.492634,-1.237927,0.052273,0.9969469999999999,-0.058005999999999995,0.024628999999999998,-0.010719,-0.338607,0.001866,-0.037047000000000004,-0.026177
2315,0.659375,-1.496104,-1.312611,0.045716,0.9972120000000001,-0.05898,0.069547,0.027419,-0.324455,0.024337,-0.031559,-0.009242
2316,0.573395,-1.4979040000000001,-1.3987610000000001,0.039508,0.997345,-0.061179,0.133175,-0.036806,-0.302564,0.036695,-0.000808,-0.0013050000000000002
2317,0.482363,-1.4980360000000001,-1.487991,0.033722,0.9973540000000001,-0.064402,0.16674,-0.132927,-0.27016,0.051285000000000004,0.009299,-0.022664
2318,0.400177,-1.4973040000000002,-1.567259,0.028605000000000002,0.997301,-0.067624,0.145086,-0.162841,-0.22968000000000002,0.052434,-0.008699,-0.050296
2319,0.350377,-1.492896,-1.614406,0.026712,0.996967,-0.07309299999999999,0.127966,-0.132063,-0.18603599999999998,0.046544999999999996,-0.019962,-0.046276
2320,0.294196,-1.491247,-1.668036,0.023043,0.9968379999999999,-0.076051,0.161996,-0.138646,-0.16763,0.019285,0.00481,0.012544
2321,0.240666,-1.488385,-1.7189349999999999,0.01962,0.996606,-0.079945,0.20784699999999998,-0.13564500000000002,-0.15876800000000002,0.005953,-0.014703,0.038624
2322,0.19725299999999998,-1.48696,-1.7602360000000001,0.016411000000000002,0.9964879999999999,-0.082115,0.207889,-0.09740599999999999,-0.131043,0.000267,-0.018734999999999998,0.042778
2323,0.158573,-1.483251,-1.7974279999999998,0.013807,0.9961700000000001,-0.086336,0.207956,-0.08143099999999999,-0.129995,-0.008847,0.009811,0.035845
2324,0.11778699999999999,-1.4808709999999998,-1.8359330000000003,0.010553,0.995959,-0.08918200000000001,0.169264,-0.14733,-0.13338599999999998,-0.005121,0.011212,0.015101
2325,0.08115,-1.477969,-1.86855,0.007514,0.9956950000000001,-0.092389,0.157088,-0.244232,-0.132279,-0.021994,-0.005994,0.017346
2326,0.044204,-1.475015,-1.8998560000000002,0.004226,0.995416,-0.095542,0.154719,-0.311277,-0.14716500000000002,-0.032974,-0.000681,0.010718
2327,0.001353,-1.472004,-1.9364279999999998,0.000133,0.995124,-0.09863200000000001,0.153791,-0.323881,-0.190952,-0.036297,0.006585,0.007949
2328,-0.046464,-1.4689709999999998,-1.9784439999999999,-0.004721,0.99482,-0.10153999999999999,0.141305,-0.284298,-0.22206900000000002,-0.032708999999999995,0.003303,0.016548
2329,-0.093804,-1.465782,-2.020595,-0.009818,0.994491,-0.104361,0.152103,-0.261939,-0.228431,-0.018197,0.005631000000000001,0.022315
2330,-0.132108,-1.462553,-2.0542279999999997,-0.014230000000000001,0.9941469999999999,-0.10709,0.153294,-0.22894099999999998,-0.223122,0.028436000000000003,0.0077599999999999995,0.000737
2331,-0.17041900000000001,-1.459073,-2.089168,-0.018908,0.993765,-0.109876,0.133302,-0.151169,-0.20733800000000002,0.037356,0.000711,-0.000811
2332,-0.20238,-1.456135,-2.118768,-0.022996,0.993434,-0.112075,0.102368,-0.121349,-0.178751,0.039461,-0.004054,-0.002763
2333,-0.210567,-1.453642,-2.124773,-0.024431,0.9931450000000001,-0.11430499999999999,0.10115299999999999,-0.123599,-0.14777300000000002,0.007402,-0.021878,-0.034773
2334,-0.231467,-1.450966,-2.143174,-0.027424,0.9928290000000001,-0.116355,0.11166300000000001,-0.137569,-0.126317,-0.008282,0.001037,-0.065423
2335,-0.24822800000000003,-1.448006,-2.1567540000000003,-0.030092,0.9924709999999999,-0.118728,0.131679,-0.180306,-0.11223499999999999,-0.010145,0.006812,-0.06703200000000001
2336,-0.264639,-1.444642,-2.1692139999999998,-0.03291,0.9920530000000001,-0.12144,0.147563,-0.21441999999999997,-0.119558,-0.008213,0.017269999999999997,-0.033467000000000004
2337,-0.28141900000000003,-1.4410129999999999,-2.182007,-0.035942,0.99159,-0.124328,0.15199300000000002,-0.190948,-0.132376,0.009804,0.002352,-0.014145
2338,-0.296239,-1.437551,-2.193323,-0.038783,0.991136,-0.127064,0.140224,-0.176083,-0.110045,0.028468,0.002257,-0.0045579999999999996
2339,-0.30546999999999996,-1.434589,-2.1987330000000003,-0.040836000000000004,0.9907379999999999,-0.1295,0.126024,-0.19967000000000001,-0.059907,0.050845999999999995,-0.020935,-0.006364
2340,-0.308783,-1.431966,-2.1985240000000004,-0.042055,0.9903780000000001,-0.13184,0.127196,-0.147591,-0.031124000000000002,0.033464999999999995,-0.007437999999999999,-0.019878
2341,-0.298205,-1.4286,-2.186109,-0.041637,0.989907,-0.135463,0.127501,-0.076235,-0.026937,0.008236,0.019996,-0.027379
2342,-0.298552,-1.4260059999999999,-2.184705,-0.04244,0.9895360000000001,-0.137903,0.127415,-0.09965399999999999,-0.031180000000000003,-0.016641999999999997,0.007778,-0.043586
2343,-0.304262,-1.42057,-2.188389,-0.044837,0.9887370000000001,-0.142787,0.12648900000000002,-0.08786000000000001,-0.049365,-0.021997,-0.00099,-0.038044999999999995
2344,-0.308143,-1.417987,-2.1912990000000003,-0.046165,0.988347,-0.145046,0.108674,-0.027034,-0.060249000000000004,-0.005638000000000001,0.002223,-0.027256
2345,-0.309031,-1.414817,-2.191895,-0.047247000000000004,0.9878600000000001,-0.147988,0.085158,-0.023811000000000002,-0.046531,0.001882,0.00921,-0.014182
2346,-0.311313,-1.412828,-2.19327,-0.048186,0.987549,-0.149751,0.099926,-0.055841999999999996,-0.041045,-0.00757,0.008789,-0.020995
2347,-0.317305,-1.409154,-2.198362,-0.050214,0.986964,-0.15290499999999999,0.10653199999999999,-0.029161000000000003,-0.059195000000000005,-0.019778,0.008534,-0.021518000000000002
2348,-0.32154,-1.407051,-2.203074,-0.05151699999999999,0.986624,-0.15466,0.07814299999999999,0.048764,-0.074449,-0.018749000000000002,0.017664,-0.011340000000000001
2349,-0.329899,-1.404919,-2.212495,-0.053489,0.986274,-0.15621400000000002,0.067427,0.042393,-0.070244,-0.008492,0.018563,-0.000677
2350,-0.336613,-1.403542,-2.2197009999999997,-0.054985,0.9860459999999999,-0.157133,0.066182,0.014653,-0.05846799999999999,-0.0017920000000000002,0.01075,0.000272
2351,-0.33983800000000003,-1.401975,-2.223481,-0.05600700000000001,0.985783,-0.158411,0.040592,0.031731,-0.044782,-0.007653,-0.001622,-0.00704
2352,-0.353169,-1.400434,-2.2364479999999998,-0.058639,0.9855229999999999,-0.159075,-0.033332,-0.049095,-0.046219,-0.021866,0.007213,-0.008558
2353,-0.360094,-1.3999620000000002,-2.242871,-0.059903,0.9854430000000001,-0.159101,0.038502,0.00296,-0.072489,-0.016589,-0.0044859999999999995,0.004484
2354,-0.35674,-1.399133,-2.241438,-0.05965499999999999,0.985302,-0.16006700000000001,0.099867,0.12101400000000001,-0.077549,0.023597999999999997,0.009831,0.003527
2355,-0.34972800000000004,-1.396827,-2.2367209999999997,-0.059309,0.9849049999999999,-0.162615,0.092045,0.0942,-0.025224,0.020277,0.025654000000000003,-0.013334
2356,-0.337202,-1.3951360000000002,-2.225807,-0.057817999999999994,0.984611,-0.164917,0.064112,0.076086,0.000245,0.015811000000000002,-0.000221,-0.00586
2357,-0.33061199999999996,-1.39432,-2.2210080000000003,-0.056991,0.984468,-0.166054,0.056687,0.096309,0.01085,0.00534,0.011534,0.008659
2358,-0.322348,-1.394083,-2.2140459999999997,-0.055691,0.984427,-0.16674,0.052053999999999996,0.038707,0.034394,0.007458,0.008814,0.002983
2359,-0.31845300000000004,-1.392907,-2.209723,-0.055403999999999995,0.9842190000000001,-0.16805599999999998,0.065583,-0.041219,0.030317,-0.0073409999999999994,-0.019055000000000002,-0.000859
2360,-0.3224,-1.391615,-2.212551,-0.056469000000000005,0.9839899999999999,-0.169042,0.060335,-0.033697000000000005,0.018517,-0.021061,0.010334000000000001,0.006444
2361,-0.326746,-1.391622,-2.21677,-0.057201,0.983991,-0.16878800000000002,0.042477999999999995,0.016484,0.005507,-0.007344,0.011797,0.021403
2362,-0.325664,-1.391433,-2.215559,-0.057078,0.983958,-0.169026,0.040199,-0.021832,-0.000869,0.003993,-0.0005740000000000001,0.016789
2363,-0.324752,-1.391027,-2.214014,-0.057051,0.983885,-0.169457,0.044451,-0.028225999999999998,-0.004035,0.007277,-0.003279,0.013405000000000002
2364,-0.320407,-1.391318,-2.209156,-0.056224,0.9839370000000001,-0.169432,0.042281,-0.032492,-0.0008380000000000001,0.007839,0.010768000000000002,0.011732
2365,-0.31919000000000003,-1.3911,-2.206932,-0.056085,0.9838979999999999,-0.169703,0.030391,-0.055929,0.009792,0.006448000000000001,0.008701,0.010844
2366,-0.316134,-1.390911,-2.202855,-0.055624,0.983864,-0.170051,0.020741,-0.045328,0.031076,0.005408,0.008751,0.002463
2367,-0.31319400000000003,-1.389709,-2.1984310000000002,-0.055488,0.983649,-0.17133800000000002,0.030095999999999998,-0.09545,0.036545999999999995,-0.009682,0.0035189999999999996,-0.021197999999999998
2368,-0.315291,-1.386626,-2.197752,-0.056788,0.983089,-0.174103,0.044937,-0.140154,0.014271,-0.024725,0.014165,-0.043807
2369,-0.316723,-1.385842,-2.196869,-0.057277,0.9829450000000001,-0.174755,0.036704,-0.099537,-0.012544,-0.012089,0.018764,-0.032048
2370,-0.317917,-1.384131,-2.19628,-0.058011,0.9826290000000001,-0.176284,0.033578,-0.093096,-0.022188,-0.001956,0.021537,-0.037933999999999996
2371,-0.32147800000000004,-1.383324,-2.197565,-0.058889,0.9824780000000001,-0.17682799999999999,0.034506,-0.128236,-0.026410000000000003,-0.008372,0.01804,-0.039434
2372,-0.325496,-1.381886,-2.1993560000000003,-0.060051,0.982209,-0.177928,0.025141,-0.088736,-0.039345,-0.003654,0.009795,-0.024403
2373,-0.33050999999999997,-1.3813959999999998,-2.20381,-0.061098,0.982117,-0.17808,-5.6000000000000006e-05,-0.0076489999999999995,-0.049239,-0.00025699999999999996,0.006057,-0.021871
2374,-0.333071,-1.380874,-2.206239,-0.061722000000000006,0.9820190000000001,-0.17840799999999998,-0.015144,-0.020464,-0.027963,0.004013,0.008962999999999999,-0.020475
2375,-0.337217,-1.379926,-2.209889,-0.062769,0.9818399999999999,-0.179028,-0.025858,-0.030019,-0.026958,-0.014334,0.004107,-0.018375
2376,-0.343888,-1.379636,-2.2157810000000002,-0.064058,0.981785,-0.178874,-0.016293000000000002,-0.050246,-0.038617,-0.015378999999999999,-0.002384,-0.010366
2377,-0.35179699999999997,-1.379413,-2.2221490000000004,-0.06554600000000001,0.981742,-0.178567,-0.014369999999999999,-0.096064,-0.037478,-0.014074000000000001,0.007348,-0.004446
2378,-0.36131599999999997,-1.379651,-2.229377,-0.06716,0.9817870000000001,-0.177717,-0.01884,-0.126997,-0.023584,-0.010965,0.011590000000000001,0.011503
2379,-0.369476,-1.380674,-2.234473,-0.068246,0.981981,-0.176226,-0.032902999999999995,-0.16531500000000002,-0.019361,-0.006385,0.012541,0.023791
2380,-0.376972,-1.3811,-2.238501,-0.06941,0.9820620000000001,-0.175321,-0.033964999999999995,-0.181222,-0.03644,0.013319,0.02273,0.048673
2381,-0.386815,-1.381181,-2.244725,-0.071103,0.9820770000000001,-0.174555,-0.015742,-0.188636,-0.06300800000000001,0.031445,-0.003882,0.047754000000000005
2382,-0.397381,-1.382758,-2.251035,-0.072344,0.9823729999999999,-0.17236600000000002,-0.044886,-0.231273,-0.031110000000000002,0.00374,0.048755,0.024615
2383,-0.407477,-1.383586,-2.256751,-0.073758,0.982527,-0.17088,-0.06726599999999999,-0.221625,-0.027005,0.0030789999999999997,0.005922,0.00784
2384,-0.41584499999999996,-1.3846399999999999,-2.260939,-0.074767,0.9827229999999999,-0.169309,-0.041657,-0.202612,-0.008690999999999999,-0.0007030000000000001,0.00011100000000000001,-0.006289
2385,-0.42162799999999995,-1.385022,-2.26284,-0.07559099999999999,0.982793,-0.168532,-0.013890000000000001,-0.19525599999999999,-0.007437999999999999,-0.007508,0.006464,-0.023484
2386,-0.42333000000000004,-1.384067,-2.2609,-0.076263,0.982617,-0.169258,0.001121,-0.178268,-0.006287,0.015075,-0.011073999999999999,-0.043648
2387,-0.426568,-1.383889,-2.260571,-0.076883,0.982584,-0.16917000000000001,0.013866,-0.18048499999999998,0.004487,0.037926999999999995,-0.036066,-0.044301
2388,-0.41751800000000006,-1.382986,-2.248212,-0.075709,0.9824149999999999,-0.17067000000000002,0.034138999999999996,-0.158274,0.027037000000000002,0.050135,-0.024682,-0.017059
2389,-0.413915,-1.382615,-2.2421450000000003,-0.07524,0.9823459999999999,-0.171275,0.039637,-0.096609,0.052634,0.057418,-0.002915,-0.008779
2390,-0.398598,-1.382687,-2.225078,-0.07257999999999999,0.98236,-0.172342,0.041708999999999996,-0.096671,0.06654,0.040964,0.026048,-0.026052999999999996
2391,-0.393204,-1.382328,-2.217028,-0.071785,0.982292,-0.173057,0.050076,-0.14141199999999998,0.059177999999999994,0.018013,0.022697,-0.03399
2392,-0.386385,-1.380882,-2.207723,-0.07113799999999999,0.9820200000000001,-0.17485799999999999,0.047161,-0.094465,0.043075,-0.008192,0.012715,-0.02607
2393,-0.383449,-1.380562,-2.203446,-0.070742,0.98196,-0.17535799999999999,0.019662,-0.05914199999999999,0.024677,-0.008466,0.011295999999999999,-0.003658
2394,-0.382391,-1.38085,-2.200699,-0.070451,0.9820139999999999,-0.17517,0.009935,-0.096354,0.015044,0.019426,0.018871000000000002,0.011198999999999999
2395,-0.383735,-1.380678,-2.1997709999999997,-0.07075,0.981982,-0.175231,0.012045,-0.118663,-0.0020039999999999997,0.025309,0.005246,0.007018000000000001
2396,-0.383137,-1.381134,-2.197093,-0.070478,0.982068,-0.174859,-0.013427000000000001,-0.097234,-0.010753,0.029431,0.021808,0.005257
2397,-0.387154,-1.3816709999999999,-2.199562,-0.07098,0.9821690000000001,-0.174086,-0.044251,-0.071559,-0.011001,0.031704,0.032312,0.005827000000000001
2398,-0.391434,-1.382565,-2.202609,-0.07139,0.9823370000000001,-0.172968,-0.05594299999999999,-0.06299199999999999,-0.012162000000000001,0.03042,0.020822,-0.0036829999999999996
2399,-0.392721,-1.382878,-2.202858,-0.071495,0.982395,-0.172593,-0.063351,-0.057609,-0.019697,0.012092,-0.001026,-0.02478
2400,-0.395764,-1.383024,-2.204728,-0.071964,0.9824219999999999,-0.172242,-0.052713,-0.069347,-0.023880000000000002,0.006672,0.001312,-0.026306
2401,-0.395991,-1.382263,-2.2036189999999998,-0.072291,0.9822799999999999,-0.172915,-0.028205,-0.074767,-0.021564,0.005504,-0.004268,-0.019727
2402,-0.396485,-1.381022,-2.202575,-0.072848,0.9820469999999999,-0.174004,-0.006954999999999999,-0.088715,-0.014988,0.00014,-0.0034549999999999997,-0.020805
2403,-0.40073400000000003,-1.380019,-2.2046229999999998,-0.07397000000000001,0.981857,-0.174599,0.000364,-0.123003,-0.003101,-0.013905,0.011748999999999999,-0.004005
2404,-0.40373000000000003,-1.38001,-2.20498,-0.07449700000000001,0.9818549999999999,-0.17438499999999998,0.001325,-0.128405,0.015072,-0.00784,0.013688999999999998,-0.0006940000000000001
2405,-0.405092,-1.380482,-2.203843,-0.074552,0.9819450000000001,-0.17385799999999998,-0.012593,-0.114606,0.039526,-0.007953,0.012959,0.004516
2406,-0.403773,-1.382412,-2.200508,-0.07357799999999999,0.982308,-0.172213,-0.027458,-0.083759,0.056488,0.006561,0.005958,0.016161000000000002
2407,-0.399431,-1.384484,-2.1946369999999997,-0.072037,0.9826940000000001,-0.170655,-0.034924000000000004,-0.07205700000000001,0.067105,0.007370000000000001,0.004946,0.011933
2408,-0.395613,-1.385786,-2.1889939999999997,-0.070892,0.982934,-0.169748,-0.02329,-0.09659,0.065081,0.003387,0.00286,0.006920999999999999
2409,-0.39350999999999997,-1.3862940000000001,-2.1846419999999998,-0.070344,0.983028,-0.169436,-0.012629999999999999,-0.109368,0.054488999999999996,-0.006851,0.002843,-0.00427
2410,-0.394201,-1.386042,-2.1830979999999998,-0.070556,0.982981,-0.16961500000000002,-0.0040219999999999995,-0.10509,0.042791,-0.016388999999999997,0.006948,-0.011674
2411,-0.393925,-1.386204,-2.180554,-0.070448,0.9830110000000001,-0.169488,-0.006189,-0.110418,0.044918,-0.015978,0.013418000000000001,-0.009055
2412,-0.387848,-1.386867,-2.172327,-0.06917000000000001,0.983133,-0.16931,-0.0019260000000000002,-0.09664299999999999,0.059887,0.01462,0.0076359999999999996,-0.003481
2413,-0.379941,-1.3875879999999998,-2.1626939999999997,-0.067566,0.9832639999999999,-0.169193,-0.006131,-0.07217,0.07051,0.021317,0.003766,-0.005154
2414,-0.367292,-1.388599,-2.1489759999999998,-0.065064,0.983448,-0.169106,-0.0039020000000000005,-0.044505,0.076903,0.020125999999999998,0.009838,0.006325
2415,-0.359842,-1.390139,-2.140352,-0.063269,0.983726,-0.168169,-0.009276000000000001,-0.064679,0.06514199999999999,0.007498,0.022683000000000002,0.012392
2416,-0.356683,-1.3911360000000002,-2.135407,-0.062395000000000006,0.9839040000000001,-0.167448,-0.012521,-0.09335299999999999,0.045929000000000005,0.003725,0.022519,0.012861000000000001
2417,-0.353554,-1.392963,-2.13042,-0.061248000000000004,0.9842290000000001,-0.165956,-0.026312000000000002,-0.084743,0.036209,0.014480000000000002,0.0046619999999999995,0.008699
2418,-0.349806,-1.3941379999999999,-2.1252590000000002,-0.060229,0.9844360000000001,-0.165098,-0.02625,-0.063468,0.043661,0.019839,-0.001633,0.009733
2419,-0.344339,-1.395343,-2.118372,-0.058925,0.984648,-0.16430799999999998,-0.016779,-0.075287,0.060835,0.017588999999999997,-0.003675,0.011186
2420,-0.340985,-1.395799,-2.1130869999999997,-0.058224,0.984727,-0.164082,0.007615,-0.09565900000000001,0.072781,-0.016468,0.002303,-0.005978
2421,-0.337154,-1.395348,-2.107055,-0.057740999999999994,0.984648,-0.164722,0.029981999999999998,-0.10744300000000001,0.069746,-0.027982999999999997,0.006013,-0.014766999999999999
2422,-0.333449,-1.394833,-2.100798,-0.057297,0.984558,-0.165414,0.026729000000000003,-0.12551600000000002,0.063336,-0.020722,0.013716999999999998,-0.012702
2423,-0.329838,-1.395184,-2.094392,-0.056587,0.98462,-0.165293,0.016012000000000002,-0.14143599999999998,0.057941,0.010017,0.009078,0.011897
2424,-0.32444,-1.395924,-2.085814,-0.055462,0.984749,-0.164906,0.011633,-0.161678,0.06221,0.01823,0.007056999999999999,0.019916999999999997
2425,-0.317228,-1.396899,-2.075311,-0.053972000000000006,0.9849180000000001,-0.164389,0.006297,-0.156354,0.067509,0.027208,0.007956,0.020697
2426,-0.309286,-1.39793,-2.0645279999999997,-0.052355,0.9850959999999999,-0.16384500000000002,0.0032670000000000004,-0.128602,0.056772,0.029664999999999997,0.011425,0.002895
2427,-0.30644499999999997,-1.3981350000000001,-2.05938,-0.05182899999999999,0.985131,-0.163801,0.0045590000000000006,-0.099759,0.03538,0.024897,0.006599,2.8000000000000003e-05
2428,-0.302273,-1.39834,-2.053687,-0.051085000000000005,0.985166,-0.163823,0.002704,-0.060247,0.012884999999999999,0.022322,0.007555,-0.000697
2429,-0.303392,-1.398533,-2.054078,-0.051211,0.9851989999999999,-0.16358399999999998,-0.017322,-0.027067,-0.008662000000000001,0.029254000000000002,0.017883,0.0035960000000000002
2430,-0.302386,-1.399066,-2.052587,-0.05089,0.985291,-0.163134,-0.019418,-0.031269,-0.021488,0.027895,0.01799,-0.002607
2431,-0.29915,-1.399017,-2.0492470000000003,-0.050376,0.985282,-0.16334400000000002,-0.011733,0.007093,-0.031094,0.020544999999999997,0.013177000000000001,-0.013246
2432,-0.29541100000000003,-1.3991879999999999,-2.046801,-0.049716,0.985311,-0.16337000000000002,-0.02307,0.083881,-0.043018,0.026629000000000003,0.004343,-0.005942
2433,-0.289482,-1.400204,-2.0434229999999998,-0.048461000000000004,0.985484,-0.16270199999999999,-0.033527999999999995,0.128669,-0.04528,0.038756,0.002095,0.005643
2434,-0.280992,-1.401586,-2.037774,-0.0467,0.985718,-0.1618,-0.028244,0.12967,-0.033488,0.041817,0.009170000000000001,0.006175
2435,-0.27473000000000003,-1.402771,-2.0344700000000002,-0.045369,0.985917,-0.16096400000000002,-0.024982,0.14669100000000002,-0.030277999999999996,0.027379,0.008544,0.008071
2436,-0.273161,-1.40343,-2.036005,-0.044941,0.9860270000000001,-0.160409,-0.017429,0.149925,-0.046251,0.012623,-0.00044699999999999997,0.005746
2437,-0.27518000000000004,-1.4034950000000002,-2.0409330000000003,-0.045247,0.986038,-0.16025699999999998,-0.011052,0.129723,-0.061134,0.0074670000000000005,0.0027010000000000003,-0.002494
2438,-0.277589,-1.4030200000000002,-2.045865,-0.045762,0.985959,-0.160598,-0.014332,0.11692999999999999,-0.055799,0.0074010000000000005,0.000721,-0.013887
2439,-0.275465,-1.402009,-2.046243,-0.045692,0.9857889999999999,-0.161654,-0.01231,0.111515,-0.035480000000000005,0.014792,-0.012874000000000002,-0.029035000000000002
2440,-0.26869899999999997,-1.400772,-2.041465,-0.044920999999999996,0.9855809999999999,-0.163135,0.008773,0.081502,-0.007517,0.019774,-0.011734,-0.033169
2441,-0.257291,-1.399189,-2.0320840000000002,-0.043453,0.9853120000000001,-0.16514500000000001,0.025929,0.11546700000000001,0.008586,0.025555,0.004465,-0.034532
2442,-0.245179,-1.398292,-2.0227939999999998,-0.041665,0.985158,-0.166516,0.015368000000000001,0.141062,0.010619,0.024697,0.024287,-0.017856
2443,-0.241175,-1.398188,-2.021891,-0.041022,0.98514,-0.16678099999999998,0.0027429999999999998,0.173095,0.003012,0.027686000000000002,0.02725,0.002261
2444,-0.237513,-1.3984020000000001,-2.022782,-0.040361,0.9851770000000001,-0.16672599999999999,-0.023463,0.26484800000000003,-0.009039,0.048922,0.013647999999999999,0.024743
2445,-0.23375100000000001,-1.3990770000000001,-2.025444,-0.039580000000000004,0.9852920000000001,-0.16623,-0.044398,0.346978,-0.016768,0.042861,0.015653999999999998,0.025863999999999998
2446,-0.226202,-1.400872,-2.0258849999999997,-0.037926999999999995,0.985598,-0.164799,-0.055737,0.419522,-0.032961000000000004,0.014581,0.003218,0.022313
2447,-0.223898,-1.4017,-2.032709,-0.037366,0.9857370000000001,-0.16409100000000001,-0.049010000000000005,0.46647299999999997,-0.058611,-0.012010999999999999,0.014888,0.013930000000000001
2448,-0.229857,-1.402234,-2.048109,-0.038223,0.985827,-0.163353,-0.048872000000000006,0.45704799999999995,-0.09919299999999999,-0.033844,0.020582,0.0029219999999999997
2449,-0.23638299999999998,-1.402676,-2.063391,-0.039187,0.985901,-0.162677,-0.051068,0.412438,-0.130129,-0.041349000000000004,0.015823,-0.005613
2450,-0.24630500000000002,-1.4031040000000001,-2.081844,-0.040695999999999996,0.985973,-0.16187,-0.060506,0.42640900000000004,-0.152646,-0.035781,0.01125,-0.010341
2451,-0.257117,-1.403548,-2.10221,-0.042332,0.9860469999999999,-0.160997,-0.063434,0.480775,-0.159145,-0.001125,-0.003213,-0.015486000000000002
2452,-0.26729400000000003,-1.40396,-2.122195,-0.043861000000000004,0.986115,-0.160166,-0.060324,0.465829,-0.153763,0.005363000000000001,0.0017079999999999999,-0.025776999999999998
2453,-0.27889400000000003,-1.4040549999999998,-2.142953,-0.045689999999999995,0.986131,-0.159556,-0.045412,0.437108,-0.177123,0.0045520000000000005,0.007033,-0.036122
2454,-0.29525100000000004,-1.403752,-2.16911,-0.048381,0.98608,-0.159074,-0.052288999999999995,0.507612,-0.235942,0.002574,0.023150999999999998,-0.007339
2455,-0.315529,-1.40354,-2.201844,-0.051661,0.9860450000000001,-0.15825899999999998,-0.08558500000000001,0.659144,-0.272688,0.012843,0.020653,0.013637
2456,-0.333581,-1.404566,-2.235129,-0.054178,0.986215,-0.156345,-0.112899,0.769965,-0.256996,0.025248,0.011114,0.030994
2457,-0.348045,-1.405209,-2.265627,-0.056218,0.9863219999999999,-0.154948,-0.11201400000000002,0.780409,-0.205729,0.053334000000000006,-0.010843,0.028177999999999998
2458,-0.355987,-1.406053,-2.289602,-0.05715599999999999,0.986461,-0.15371700000000002,-0.106886,0.7876340000000001,-0.152291,0.036725,-0.013926,0.016174
2459,-0.359521,-1.406984,-2.3092040000000003,-0.057375999999999996,0.986613,-0.15265399999999998,-0.094184,0.789623,-0.127636,-0.030621,6.6e-05,-0.005122
2460,-0.361745,-1.407517,-2.327111,-0.057529,0.9867,-0.152034,-0.064451,0.7575649999999999,-0.12845499999999999,-0.057324,0.004633,-0.014485
2461,-0.364346,-1.407384,-2.344347,-0.057971,0.986678,-0.152006,-0.031618,0.696759,-0.135626,-0.060376,0.0068980000000000005,-0.032396
2462,-0.366759,-1.4067120000000002,-2.359932,-0.058575999999999996,0.986568,-0.15248599999999998,-0.002148,0.61566,-0.12677,-0.054461,0.012516,-0.04211
2463,-0.368157,-1.405636,-2.3725650000000003,-0.059171,0.986392,-0.153393,0.019728,0.514318,-0.110464,-0.038852,0.000256,-0.046909
2464,-0.368155,-1.404642,-2.3823380000000003,-0.059523,0.9862280000000001,-0.154308,0.010906,0.47801800000000005,-0.082705,-0.010164,-0.010429,-0.034244
2465,-0.366029,-1.404195,-2.390006,-0.059352999999999996,0.9861540000000001,-0.154847,-0.006231,0.488579,-0.055009,0.022045,-0.005838,-0.028946
2466,-0.35937800000000003,-1.4040059999999999,-2.3933240000000002,-0.058387,0.986123,-0.155412,0.004304,0.501155,-0.012222,0.049980000000000004,-0.010354,-0.021100999999999998
2467,-0.34746900000000003,-1.403881,-2.391388,-0.056574,0.986102,-0.156212,0.014766,0.495629,0.02845,0.043802999999999995,-0.004901,-0.029044999999999998
2468,-0.331879,-1.403784,-2.3857049999999997,-0.054164,0.986086,-0.157166,0.022191,0.5051140000000001,0.047718,0.008357,0.000975,-0.038391
2469,-0.31522,-1.4036879999999998,-2.379222,-0.051566999999999995,0.9860700000000001,-0.158137,0.023325,0.5200239999999999,0.047707,-0.009849,0.00035,-0.04212
2470,-0.298697,-1.4035879999999998,-2.373392,-0.048976,0.9860530000000001,-0.15906099999999998,0.013872,0.548837,0.043331,-0.026906,0.005005,-0.027295
2471,-0.282237,-1.403834,-2.367869,-0.046284,0.986094,-0.15961199999999998,-0.007542,0.538234,0.049604,-0.046657,0.007863,-0.012324
2472,-0.267873,-1.404359,-2.36254,-0.04385,0.986181,-0.159761,-0.010332,0.390178,0.047638,-0.065586,0.004862,-0.013914
2473,-0.25704099999999996,-1.404552,-2.35794,-0.042068,0.9862129999999999,-0.16004300000000002,0.007441,0.29535900000000004,0.036161,-0.09413200000000001,0.0011070000000000001,-0.024146
2474,-0.24790500000000001,-1.404658,-2.3551330000000004,-0.040579000000000004,0.986231,-0.16031900000000002,-0.00938,0.32959299999999997,0.014634999999999999,-0.101786,0.010168,-0.020253
2475,-0.241783,-1.405251,-2.355082,-0.039456,0.9863290000000001,-0.159997,-0.037324,0.275395,0.005963,-0.098163,0.02333,-0.004814
2476,-0.239273,-1.406009,-2.357097,-0.038877999999999996,0.986453,-0.15937,-0.042879,0.20307,-0.017484,-0.084978,0.022672,0.020255000000000002
2477,-0.240317,-1.406894,-2.362479,-0.038836,0.986598,-0.15848099999999998,-0.061886000000000004,0.225593,-0.03901,-0.05644,0.013372,0.012576
2478,-0.243964,-1.408148,-2.370523,-0.039115,0.9868020000000001,-0.157137,-0.08118600000000001,0.194806,-0.048719,-0.05904500000000001,0.019119,0.010104
2479,-0.248459,-1.409269,-2.378274,-0.039549,0.9869829999999999,-0.155887,-0.064351,0.14467,-0.046401,-0.064654,0.010713,0.010715
2480,-0.267231,-1.409463,-2.400009,-0.042417,0.987014,-0.154932,-0.062140999999999995,0.159584,-0.048547,-0.043764,-0.003875,-0.0022789999999999998
2481,-0.27105,-1.410377,-2.406825,-0.042767,0.98716,-0.153901,-0.05276,0.12434200000000001,-0.03455,-0.017993000000000002,0.002143,-0.00212
2482,-0.273667,-1.4109639999999999,-2.4110110000000002,-0.043013,0.9872540000000001,-0.15323,-0.030744,0.052830999999999996,-0.019349,-0.010865999999999999,0.00237,0.001191
2483,-0.280373,-1.41139,-2.418891,-0.043923000000000004,0.9873219999999999,-0.152534,-0.024277,0.076211,-0.010790000000000001,-0.017936,-0.0038929999999999998,0.019737
2484,-0.279455,-1.411912,-2.419963,-0.043641,0.9874040000000001,-0.15208,-0.029577999999999997,0.10172300000000001,0.0073,-0.006895999999999999,0.005638000000000001,0.021403
2485,-0.279674,-1.413447,-2.421423,-0.043256,0.9876459999999999,-0.150612,-0.019296,0.035563,0.026685000000000004,-0.007678,0.006052,0.01519
2486,-0.284871,-1.413845,-2.426392,-0.043927999999999995,0.987708,-0.150009,-0.005706,-0.019905000000000003,0.033257,-0.025789999999999997,0.000664,0.007736
2487,-0.292131,-1.413122,-2.4331009999999997,-0.045221,0.9875950000000001,-0.15037,-0.002501,-0.012485,0.039674,-0.016928,-0.0032049999999999995,-0.005209
2488,-0.28483,-1.413055,-2.425445,-0.044141,0.987585,-0.150758,0.006953,-0.025383000000000003,0.060052999999999995,0.006299,-0.005497999999999999,-0.003264
2489,-0.273935,-1.412968,-2.413061,-0.042519,0.9875709999999999,-0.151313,0.018249,-0.099025,0.08479600000000001,0.001045,-0.004081,-0.004357
2490,-0.272019,-1.412075,-2.408558,-0.042466000000000004,0.9874299999999999,-0.15224400000000002,0.036308999999999994,-0.11613299999999999,0.08494,-0.024276,0.004712,-0.008506999999999999
2491,-0.273473,-1.410972,-2.40766,-0.042981,0.9872549999999999,-0.153231,0.031134,-0.10430299999999999,0.061384,-0.020419,0.022129,-0.008558
2492,-0.27189,-1.4104219999999998,-2.403531,-0.042885,0.987168,-0.153821,0.022556,-0.132959,0.042131,-0.0017629999999999998,0.009247,-0.005282
2493,-0.26848299999999997,-1.4103780000000001,-2.397174,-0.042372,0.9871610000000001,-0.154008,0.019316999999999997,-0.147835,0.035719,0.006895,-0.002862,0.003572
2494,-0.26456,-1.4103430000000001,-2.3902099999999997,-0.041776,0.9871549999999999,-0.15420699999999998,0.020345,-0.15423900000000001,0.037872,0.009824,-0.006488,0.003496
2495,-0.257158,-1.410005,-2.379425,-0.040719,0.987101,-0.154835,0.028742,-0.177734,0.045439999999999994,0.008904,0.006078,-0.0037799999999999995
2496,-0.251967,-1.40955,-2.370674,-0.040026,0.987028,-0.155479,0.029858,-0.170268,0.042234,0.005099,0.026781,-0.008858
2497,-0.24995599999999998,-1.409258,-2.36544,-0.039785,0.986981,-0.155839,0.018247,-0.146774,0.03785,0.005102000000000001,0.020664,-0.011733
2498,-0.24279499999999998,-1.409019,-2.355377,-0.038725,0.986943,-0.15634800000000001,0.016201,-0.14775,0.017543,0.017240000000000002,-0.003285,-0.002251
2499,-0.235697,-1.409118,-2.345205,-0.037591,0.986959,-0.156524,0.022559,-0.16902999999999999,0.005868,0.024406999999999998,0.000545,0.002395
2500,-0.23394299999999998,-1.408914,-2.33975,-0.037363,0.986926,-0.15678599999999998,0.027792,-0.19354100000000002,0.0038020000000000003,0.024286000000000002,0.012907,0.001482
2501,-0.223235,-1.408569,-2.325797,-0.035757,0.98687,-0.15750899999999998,0.030114,-0.145636,0.010171,0.037527,0.0078049999999999994,-0.008873
2502,-0.20485599999999998,-1.4080540000000001,-2.305504,-0.03296,0.9867870000000001,-0.158637,0.027132,-0.084954,0.022899,0.05223200000000001,-0.004014,-0.0095
2503,-0.190315,-1.407518,-2.289542,-0.03075,0.9867,-0.159619,0.043093,-0.074437,0.043297,0.060291,-0.006109000000000001,-0.010226
2504,-0.184479,-1.406642,-2.282003,-0.029976999999999997,0.986557,-0.160646,0.061134,-0.082013,0.05732,0.044381,-0.006164,-0.021834
2505,-0.169872,-1.405018,-2.266093,-0.027898000000000003,0.98629,-0.162645,0.065552,-0.045836,0.06589099999999999,0.035481,-0.0048909999999999995,-0.02429
2506,-0.160425,-1.403957,-2.256438,-0.026527,0.986115,-0.163934,0.06581000000000001,0.016993,0.071153,0.038704,0.004684000000000001,-0.014197
2507,-0.137283,-1.403216,-2.233924,-0.022827,0.985991,-0.16522799999999999,0.060558,0.028756,0.064698,0.03572,0.016771,0.000174
2508,-0.12048699999999998,-1.4024510000000001,-2.217908,-0.020138999999999997,0.9858629999999999,-0.16633699999999998,0.06501699999999999,0.050133,0.043341000000000005,0.022077,0.018135,-0.0009599999999999999
2509,-0.11439500000000001,-1.401342,-2.213708,-0.01925,0.985677,-0.167542,0.054809000000000004,0.130155,0.020735,0.014504,0.007106,-0.00119
2510,-0.100722,-1.401057,-2.203739,-0.016986,0.9856290000000001,-0.168069,0.035955,0.198438,0.010905,0.025332,0.012830000000000001,0.007501000000000001
2511,-0.093033,-1.40085,-2.199937,-0.015712,0.9855940000000001,-0.168398,0.028467000000000003,0.18571600000000002,0.002325,0.0016129999999999999,0.004961,0.008181
2512,-0.09289299999999999,-1.400517,-2.203821,-0.015719,0.9855370000000001,-0.168727,0.013779,0.22100300000000003,-0.018121,-0.016721,0.000165,0.004757
2513,-0.09614400000000001,-1.40018,-2.212297,-0.016299,0.9854799999999999,-0.169006,0.000299,0.279751,-0.046066,-0.055692,0.008142,-0.010117000000000001
2514,-0.098308,-1.4000629999999998,-2.220177,-0.016676,0.98546,-0.16908499999999999,0.0014759999999999999,0.27029699999999995,-0.080229,-0.068132,0.019407,-0.0073219999999999995
2515,-0.105459,-1.399709,-2.232376,-0.017921,0.9854,-0.169308,0.009991,0.22674899999999998,-0.119637,-0.078011,0.041195999999999997,-0.018574
2516,-0.116674,-1.39931,-2.2483560000000002,-0.019865,0.985332,-0.169487,-0.0026579999999999998,0.236479,-0.144307,-0.064287,0.037937,-0.013054
2517,-0.128779,-1.39942,-2.265784,-0.021901,0.985351,-0.169127,-0.034558,0.257905,-0.14669400000000002,-0.034648000000000005,0.021713999999999997,-0.005724
2518,-0.141191,-1.399977,-2.283501,-0.023921,0.9854459999999999,-0.168298,-0.0549,0.243058,-0.145749,-0.025516999999999998,-0.002124,-0.014747
2519,-0.159815,-1.400187,-2.307092,-0.027018,0.985482,-0.16761900000000002,-0.06342,0.24097800000000003,-0.15115,-0.027974000000000002,-0.003868,-0.013930000000000001
2520,-0.173481,-1.400833,-2.326238,-0.029197000000000004,0.985591,-0.166607,-0.055778999999999995,0.273997,-0.15648,-0.020761,-0.00442,-0.030506000000000002
2521,-0.187953,-1.400284,-2.3468299999999997,-0.031706,0.985498,-0.166699,-0.048198000000000005,0.300593,-0.154326,-0.010851000000000001,0.002203,-0.029651
2522,-0.198727,-1.4004889999999999,-2.364033,-0.033460000000000004,0.985533,-0.16615,-0.032234,0.314296,-0.131799,-0.0032979999999999997,0.004915,-0.023883
2523,-0.20566199999999998,-1.400514,-2.377716,-0.034607,0.9855370000000001,-0.16589,-0.024814,0.334387,-0.10079400000000001,0.014618,-0.010378,-0.032886
2524,-0.203751,-1.39967,-2.382749,-0.034457999999999996,0.9853940000000001,-0.166769,-0.016447999999999997,0.337387,-0.059078,0.014621,-0.008785,-0.030909
2525,-0.200909,-1.3996709999999999,-2.3867849999999997,-0.033983,0.9853940000000001,-0.16686600000000001,0.000482,0.345692,-0.019446,0.009661,-0.0062829999999999995,-0.026005
2526,-0.197219,-1.397892,-2.389987,-0.033711,0.985089,-0.168709,0.01425,0.343427,0.002015,-0.015697,0.002139,-0.018501
2527,-0.192828,-1.397059,-2.392251,-0.033127,0.9849459999999999,-0.16965999999999998,0.017384,0.332746,0.006321,-0.021561,0.013712,-0.014437
2528,-0.189826,-1.396316,-2.395975,-0.032755,0.984817,-0.170478,0.013212999999999999,0.344516,-0.003339,-0.026402999999999996,0.016419,-0.011072
2529,-0.19439700000000001,-1.39527,-2.407234,-0.033734,0.984635,-0.17133800000000002,0.00043099999999999996,0.33608899999999997,-0.016241,-0.032657,0.009887,-0.006778
2530,-0.197602,-1.395018,-2.416677,-0.034331,0.984591,-0.171472,-0.008205,0.302077,-0.028012000000000002,-0.05374299999999999,0.011946,-0.000968
2531,-0.196941,-1.395103,-2.421694,-0.034201,0.984606,-0.17141199999999998,-0.014659,0.26597800000000005,-0.052579999999999995,-0.07438,0.00955,-0.006384
2532,-0.211711,-1.394496,-2.4415709999999997,-0.036855,0.984499,-0.171472,-0.019927,0.253323,-0.08038,-0.06859900000000001,0.007093,-0.009405
2533,-0.217358,-1.394391,-2.452027,-0.037845,0.9844809999999999,-0.17136300000000002,-0.009349,0.21925300000000003,-0.094149,-0.054761000000000004,0.0018780000000000001,-0.007195999999999999
2534,-0.229217,-1.393951,-2.467737,-0.039973,0.984403,-0.171324,0.004304,0.165962,-0.099329,-0.025274,0.0011769999999999999,0.005064
2535,-0.23719200000000001,-1.393521,-2.478593,-0.041437,0.9843280000000001,-0.17141099999999998,-0.008723999999999999,0.119123,-0.09615499999999999,-0.013632,0.0067,0.00477
2536,-0.24841,-1.3939620000000001,-2.492021,-0.043251,0.984405,-0.170515,-0.046189999999999995,0.096861,-0.091048,-0.014824,0.029160000000000002,-0.0009019999999999999
2537,-0.271635,-1.39316,-2.516752,-0.047411,0.9842639999999999,-0.170225,-0.070865,0.059687,-0.097589,-0.030073000000000003,0.0257,-0.01932
2538,-0.28888,-1.393123,-2.535044,-0.050349,0.984258,-0.169416,-0.072988,0.040605,-0.118947,-0.029149,0.017528,-0.024125999999999998
2539,-0.307238,-1.393037,-2.554404,-0.053477,0.9842420000000001,-0.168544,-0.08254500000000001,0.038554000000000005,-0.13076400000000002,-0.015158000000000001,0.001811,-0.020451
2540,-0.322824,-1.393397,-2.570814,-0.055984000000000006,0.9843059999999999,-0.167354,-0.081626,0.01826,-0.11791300000000002,0.015075999999999999,-0.0053170000000000005,-0.0024
2541,-0.335756,-1.394081,-2.583968,-0.057922,0.984426,-0.165981,-0.06161900000000001,-0.007509,-0.084625,0.020401,-0.001638,-0.008351
2542,-0.341202,-1.394339,-2.5893509999999997,-0.05874,0.9844719999999999,-0.16542300000000001,-0.04684,-0.015128999999999998,-0.056737,0.017388999999999998,0.002879,-0.016156
2543,-0.342106,-1.394586,-2.589973,-0.058808000000000006,0.9845149999999999,-0.165141,-0.034213,-0.028062,-0.029925,0.012879,-0.000964,-0.001744
2544,-0.341652,-1.3956309999999998,-2.589198,-0.058388,0.984698,-0.164199,-0.028918,-0.012199,-0.005337,0.013146000000000001,-0.005297,0.00743
2545,-0.339945,-1.396531,-2.587701,-0.057812,0.9848540000000001,-0.163462,-0.022503,0.014316999999999998,0.018175,0.011823,-0.008292,0.009729999999999999
2546,-0.338642,-1.397377,-2.586107,-0.057323,0.985001,-0.162751,-0.007865,-0.036927999999999996,0.033299,-0.009038,0.008011,0.004594
2547,-0.341564,-1.397082,-2.587431,-0.057895,0.98495,-0.162857,0.013250999999999999,-0.086005,0.033506,-0.020016,0.007436,-0.005966
2548,-0.341397,-1.396767,-2.585771,-0.057972,0.9848950000000001,-0.163159,0.009128,-0.055092999999999996,0.032368,-0.01849,0.007369,-0.005939
2549,-0.34315300000000004,-1.3972,-2.586392,-0.058115,0.9849700000000001,-0.162656,0.0058590000000000005,-0.057263999999999995,0.045165,-0.011511,-0.000198,0.015927
2550,-0.344385,-1.397462,-2.585795,-0.058227999999999995,0.985015,-0.16234,0.017353,-0.096776,0.059179999999999996,-0.019363,-0.009902,0.006533
2551,-0.345922,-1.396933,-2.5848970000000002,-0.058654,0.984924,-0.162741,0.024672,-0.114972,0.074206,-0.028824000000000002,0.002121,-0.005579
2552,-0.345506,-1.396201,-2.581423,-0.058830999999999994,0.9847969999999999,-0.163444,0.037183,-0.159839,0.09464299999999999,-0.029426,0.000478,-0.0035479999999999995
2553,-0.344089,-1.395693,-2.575705,-0.058767999999999994,0.9847090000000001,-0.163998,0.051797,-0.218533,0.107635,-0.024652,-0.004148,0.004178
2554,-0.341208,-1.395506,-2.567991,-0.058357000000000006,0.984676,-0.16434100000000001,0.053852,-0.22603600000000001,0.11727,-0.022072,0.002491,0.00983
2555,-0.33557,-1.395286,-2.557361,-0.057501,0.9846379999999999,-0.164871,0.053727,-0.24630700000000003,0.124771,-0.015955,0.006207,0.00328
2556,-0.328894,-1.394754,-2.544675,-0.05656799999999999,0.9845450000000001,-0.165748,0.06624400000000001,-0.309225,0.132446,-0.016903,0.006575,-0.0022670000000000004
2557,-0.32066999999999996,-1.3941629999999998,-2.5295810000000003,-0.055386000000000005,0.984441,-0.16676,0.070406,-0.330554,0.134638,-0.017551,0.010692,-0.0006900000000000001
2558,-0.3132,-1.393868,-2.515347,-0.054228,0.984389,-0.167445,0.062999,-0.320924,0.1303,-0.003785,0.015962,0.004190999999999999
2559,-0.30506,-1.393509,-2.5003599999999997,-0.05297,0.984326,-0.168218,0.054454999999999996,-0.33363400000000004,0.119574,-0.011178,0.013538,0.001775
2560,-0.30036,-1.393147,-2.488787,-0.052284000000000004,0.9842620000000001,-0.16880499999999998,0.049231,-0.330335,0.09816799999999999,-0.014153,0.013327,0.000653
2561,-0.297023,-1.392839,-2.47867,-0.051809,0.9842069999999999,-0.169268,0.046106,-0.328133,0.083188,0.004934,0.010345,0.000811
2562,-0.29049200000000003,-1.392551,-2.4656540000000002,-0.050783999999999996,0.9841559999999999,-0.169874,0.048322000000000004,-0.312153,0.081048,0.010668,0.006856,-0.0008410000000000001
2563,-0.285097,-1.392132,-2.454017,-0.049983,0.984082,-0.170542,0.049432,-0.30256900000000003,0.081044,0.010844,-0.0008210000000000001,-0.001775
2564,-0.278307,-1.391877,-2.441349,-0.048893,0.984037,-0.171119,0.047383999999999996,-0.275959,0.088475,0.005558,0.004321,0.004524
2565,-0.27515500000000004,-1.392005,-2.4325200000000002,-0.048319,0.984059,-0.171151,0.037757,-0.281252,0.08841399999999999,-0.011298,0.009715000000000001,0.011223
2566,-0.275264,-1.39167,-2.426164,-0.048427,0.984,-0.17146199999999998,0.039764999999999995,-0.330177,0.067124,-0.034535,-0.000113,0.004027
2567,-0.284881,-1.390838,-2.428952,-0.050304,0.983851,-0.171774,0.041027999999999995,-0.321519,0.031866000000000005,-0.033498,0.014302,0.0027530000000000002
2568,-0.290096,-1.390451,-2.4278720000000003,-0.051307000000000005,0.9837819999999999,-0.171874,0.026226,-0.30861500000000003,0.014653999999999999,0.01107,0.014021,-0.002229
2569,-0.291879,-1.390398,-2.4231979999999997,-0.051628999999999994,0.983772,-0.17183299999999999,0.002592,-0.33202,0.027338,0.016045,0.015724000000000002,-0.005673
2570,-0.293363,-1.3907180000000001,-2.417998,-0.05179299999999999,0.98383,-0.171454,-0.017716,-0.331983,0.035743000000000004,0.013630000000000001,0.017634999999999998,-0.010476000000000001
2571,-0.293085,-1.3898030000000001,-2.411354,-0.052004999999999996,0.983665,-0.17232999999999998,-0.030375,-0.310593,0.026014,0.0045049999999999995,-0.005135,-0.035311
2572,-0.295725,-1.3897959999999998,-2.4081810000000003,-0.052462,0.983664,-0.172199,-0.033367,-0.279629,0.010999,0.010012,-0.0064150000000000006,-0.036374000000000004
2573,-0.29893400000000003,-1.389726,-2.406309,-0.053035,0.983651,-0.172096,-0.018199,-0.243402,-0.003896,0.013438,-0.001855,-0.029991000000000004
2574,-0.305193,-1.389917,-2.407962,-0.054054,0.9836860000000001,-0.17158099999999998,-0.011673000000000001,-0.22527600000000003,-0.013487,0.01635,0.022188999999999997,-0.009937
2575,-0.306287,-1.390383,-2.4050439999999997,-0.054104,0.98377,-0.171086,-0.010458,-0.18801199999999998,-0.009251,0.019237,0.022288,-0.002224
2576,-0.30756999999999995,-1.390714,-2.403347,-0.054225,0.9838290000000001,-0.170705,-0.018782,-0.13156099999999998,0.000234,0.018031000000000002,0.005078,-0.003367
2577,-0.308327,-1.391446,-2.4018900000000003,-0.054135,0.9839600000000001,-0.169978,-0.019787,-0.10603699999999999,0.011945,0.001737,0.007861,0.007197
2578,-0.310191,-1.3923,-2.401665,-0.05419500000000001,0.9841120000000001,-0.169076,-0.022993,-0.096482,0.022593000000000002,-0.0036659999999999996,0.004704,0.013635
2579,-0.31532,-1.392957,-2.405137,-0.054862,0.9842280000000001,-0.168182,-0.017535,-0.069865,0.021526,-0.029962,-0.005987,0.005828
2580,-0.315537,-1.393426,-2.403695,-0.054755,0.984311,-0.16773,-0.017612,-0.093275,0.015146000000000001,-0.045663999999999996,0.010074,0.012259
2581,-0.32509499999999997,-1.39372,-2.410852,-0.056263,0.9843629999999999,-0.166926,-0.016589,-0.12408699999999999,-0.006175,-0.049633,0.018872,0.011256
2582,-0.331287,-1.394069,-2.4145209999999997,-0.057184000000000006,0.984424,-0.166249,-0.036759,-0.13029200000000002,-0.03515,-0.045172000000000004,0.016506,0.021611000000000002
2583,-0.341231,-1.394785,-2.421884,-0.058598000000000004,0.98455,-0.165008,-0.066588,-0.140759,-0.055640999999999996,-0.039897,0.016030000000000003,0.025695
2584,-0.354659,-1.395917,-2.432297,-0.060421,0.984748,-0.163161,-0.09115,-0.168317,-0.070701,-0.039173,0.011377,0.028883999999999996
2585,-0.37654699999999997,-1.397317,-2.450819,-0.063471,0.9849899999999999,-0.16051700000000002,-0.094338,-0.17253800000000002,-0.078198,-0.040945,0.011912,-0.0040490000000000005
2586,-0.392644,-1.3983729999999999,-2.463943,-0.065648,0.9851719999999999,-0.15851400000000002,-0.087793,-0.14909,-0.086729,-0.039775,0.011578,-0.010401
2587,-0.417813,-1.3977469999999999,-2.48641,-0.069867,0.9850639999999999,-0.157375,-0.083423,-0.13416199999999998,-0.0942,-0.032886,0.0026829999999999996,-0.013569
2588,-0.440917,-1.397532,-2.507013,-0.073574,0.9850270000000001,-0.15591,-0.085531,-0.12670599999999999,-0.092092,-0.025623000000000003,0.013766999999999998,-0.006534999999999999
2589,-0.467871,-1.397887,-2.531421,-0.077592,0.985088,-0.153559,-0.109036,-0.135143,-0.093318,-0.035033,0.0089,0.0021149999999999997
2590,-0.49248500000000006,-1.398608,-2.5532060000000003,-0.081012,0.9852120000000001,-0.150977,-0.117594,-0.157416,-0.110444,-0.033734,0.00635,-0.0007559999999999999
2591,-0.518251,-1.398125,-2.575961,-0.08511,0.985129,-0.149253,-0.10478,-0.159574,-0.114628,-0.017825999999999998,-0.005362,-0.021447
2592,-0.5313869999999999,-1.397867,-2.586455,-0.08719299999999999,0.985085,-0.148342,-0.085609,-0.138465,-0.082464,0.015338999999999998,-0.021537999999999998,-0.020024
2593,-0.533594,-1.3984,-2.586019,-0.087252,0.9851770000000001,-0.147696,-0.065647,-0.161092,-0.035289999999999995,0.033496,-0.024361,-0.016137000000000002
2594,-0.540417,-1.3991559999999998,-2.588806,-0.087875,0.9853059999999999,-0.14645899999999998,-0.029935000000000003,-0.23174299999999998,0.019528999999999998,0.024444,-0.014496,-0.025491999999999997
2595,-0.534405,-1.399123,-2.5775759999999996,-0.087009,0.9853,-0.147013,0.020874,-0.26516999999999996,0.076544,0.020679,-0.012995,-0.035283999999999996
2596,-0.5264840000000001,-1.399543,-2.56454,-0.085634,0.9853719999999999,-0.147339,0.044269,-0.235612,0.123671,0.021929,-0.0008289999999999999,-0.018585
2597,-0.5099279999999999,-1.400318,-2.543047,-0.08281000000000001,0.985504,-0.14807,0.06009400000000001,-0.242191,0.156907,0.024766,0.0010689999999999999,-0.002671
2598,-0.493447,-1.400763,-2.521122,-0.080151,0.9855790000000001,-0.149029,0.075901,-0.260459,0.182678,0.011853,-0.0016920000000000001,-0.00922
2599,-0.473317,-1.401027,-2.495708,-0.077017,0.985624,-0.15037999999999999,0.094052,-0.23504499999999998,0.20520500000000003,0.011648,0.0016350000000000002,-0.008342
2600,-0.446941,-1.401144,-2.4645259999999998,-0.072974,0.9856440000000001,-0.152255,0.092942,-0.223408,0.226548,0.010199,0.00337,-0.010678
2601,-0.417304,-1.400711,-2.429643,-0.068603,0.9855700000000001,-0.15474100000000002,0.100173,-0.259721,0.243738,-0.001465,0.000895,-0.024367
2602,-0.389905,-1.399953,-2.396128,-0.064622,0.985442,-0.157253,0.121306,-0.29393,0.25568,-0.006804000000000001,-0.003127,-0.023259000000000002
2603,-0.357889,-1.3979219999999999,-2.3576919999999997,-0.060256,0.985094,-0.161115,0.137218,-0.302558,0.268621,0.006895999999999999,0.005033,-0.036715
2604,-0.323867,-1.396315,-2.31683,-0.055245,0.984817,-0.164573,0.097528,-0.332323,0.287612,0.004448,0.028657,-0.034921
2605,-0.29736599999999996,-1.396509,-2.282482,-0.050809,0.98485,-0.165796,0.032177,-0.386449,0.293634,-0.011127,0.041837,-0.014700999999999999
2606,-0.27320300000000003,-1.3975739999999999,-2.2499569999999998,-0.046505,0.985035,-0.165965,0.036502,-0.38323,0.284045,-0.000858,0.018002,0.001368
2607,-0.25049899999999997,-1.397767,-2.220091,-0.042678,0.985068,-0.166793,0.098039,-0.30535,0.204267,0.013763,0.007867,0.027954000000000003
2608,-0.23667,-1.396708,-2.199997,-0.040612,0.984885,-0.168382,0.0813,-0.306057,0.129375,0.008386,0.012001999999999999,0.02437
2609,-0.23243899999999998,-1.396837,-2.189339,-0.039869999999999996,0.984907,-0.168429,0.028214,-0.308824,0.068119,-3.2e-05,-0.003965,0.02695
2610,-0.233917,-1.397165,-2.18487,-0.040044,0.984964,-0.16805499999999998,-0.029085000000000003,-0.28181999999999996,0.024956,-0.002116,0.011939,0.036891
2611,-0.241414,-1.39842,-2.187169,-0.041007,0.98518,-0.16655,-0.085302,-0.254808,-0.021405,0.022147,0.0387,0.028275
2612,-0.249325,-1.400981,-2.19028,-0.041701,0.9856159999999999,-0.163775,-0.10326400000000001,-0.24079299999999998,-0.047184,0.047255,0.030345,0.00281
2613,-0.260519,-1.402682,-2.1971380000000003,-0.043099,0.9859020000000001,-0.161677,-0.087237,-0.206875,-0.018272999999999998,0.06636900000000001,0.007094,-0.027974000000000002
2614,-0.246486,-1.403438,-2.1797590000000002,-0.040645,0.986028,-0.161544,-0.049048,-0.165824,0.072746,0.081187,0.0019329999999999998,-0.055573000000000004
2615,-0.235789,-1.40372,-2.1654310000000003,-0.038849,0.986075,-0.161698,0.057226,-0.180357,0.151488,0.099289,-0.008887,-0.069396
2616,-0.21049099999999998,-1.4021700000000001,-2.135774,-0.035066,0.985816,-0.164124,0.17725,-0.18973900000000002,0.262365,0.11393900000000001,-0.080222,-0.081299
2617,-0.16912,-1.398309,-2.09091,-0.028888,0.9851610000000001,-0.169184,0.309296,-0.11933099999999999,0.38924699999999995,0.117405,-0.080742,-0.08443200000000001
2618,-0.112826,-1.39262,-2.031143,-0.019954,0.9841690000000001,-0.176108,0.37041199999999996,-0.154177,0.525383,0.11489400000000001,-0.046119,-0.079126
2619,-0.050173,-1.385818,-1.9623849999999998,-0.009224,0.9829399999999999,-0.183693,0.40017600000000003,-0.31554,0.62621,0.06505599999999999,-0.022841999999999998,-0.043312
2620,0.011823,-1.377713,-1.890797,0.002269,0.981417,-0.19187200000000001,0.423813,-0.46390600000000004,0.678908,0.012242,-9.4e-05,0.00399
2621,0.067564,-1.368906,-1.824269,0.013538,0.9796889999999999,-0.20006500000000002,0.398347,-0.45732700000000004,0.654153,-0.014575,0.028673,0.055732000000000004
2622,0.11524000000000001,-1.360568,-1.7685330000000001,0.023995,0.977983,-0.20729899999999998,0.338792,-0.262895,0.56803,-0.01188,0.040449,0.052804
2623,0.154375,-1.353568,-1.725885,0.033139999999999996,0.976498,-0.212961,0.251676,-0.057599000000000004,0.452859,-0.024243999999999998,0.054797000000000005,0.050943
2624,0.185925,-1.3484690000000001,-1.693112,0.040761,0.9753870000000001,-0.2167,0.15300899999999998,-0.02281,0.36346300000000004,-0.051823,0.08494600000000001,0.06995599999999999
2625,0.209804,-1.3451389999999999,-1.667598,0.046599,0.9746469999999999,-0.21884099999999998,0.08705,-0.06167,0.28186700000000003,-0.069259,0.071862,0.053085
2626,0.227796,-1.342855,-1.6484240000000001,0.051032,0.974134,-0.220135,0.052434,-0.003728,0.207844,-0.074652,0.051288,0.03793
2627,0.24245999999999998,-1.34151,-1.63503,0.054569000000000006,0.9738290000000001,-0.220635,0.014937,0.13196300000000002,0.14010999999999998,-0.065265,0.020250999999999998,0.034722
2628,0.25527,-1.3409799999999998,-1.6254979999999999,0.057521,0.973708,-0.220417,-0.008078,0.189744,0.096078,-0.070628,0.040223,0.034428
2629,0.265045,-1.340926,-1.619238,0.059686,0.9736959999999999,-0.21989499999999998,-0.019684,0.177169,0.054352,-0.087991,0.063078,0.012116
2630,0.25772399999999995,-1.342503,-1.629958,0.057683000000000005,0.9740540000000001,-0.21884099999999998,-0.021511000000000002,0.21352100000000002,0.022237,-0.081151,0.044821,-0.010697
2631,0.264502,-1.34277,-1.628172,0.059097000000000004,0.974115,-0.218194,-0.018066,0.261472,0.015790000000000002,-0.062851,0.009314,-0.024725999999999998
2632,0.260415,-1.342501,-1.6362,0.058273,0.9740540000000001,-0.218687,-0.027062,0.174085,0.031856999999999996,-0.05429,0.023459,-0.035647000000000005
2633,0.266834,-1.3431629999999999,-1.6318780000000002,0.059504999999999995,0.974203,-0.21768600000000002,-0.057370000000000004,0.083617,0.038171,-0.056040999999999994,0.01951,-0.037243
2634,0.272039,-1.344371,-1.628363,0.06032100000000001,0.974475,-0.216239,-0.0721,0.10189,0.010270999999999999,-0.039401,-0.012972999999999998,-0.030724
2635,0.273972,-1.344795,-1.6291,0.060627,0.97457,-0.215725,-0.049306,0.152024,-0.025954,-0.001515,-0.018638,-0.015812
2636,0.27595,-1.3456709999999998,-1.630452,0.06082100000000001,0.974766,-0.214783,-0.037522,0.167941,-0.020551,0.036515,0.002025,0.005448
2637,0.280686,-1.3467799999999999,-1.6288639999999999,0.061538,0.9750129999999999,-0.213454,-0.074026,0.15407,0.0166,0.048264,0.018807,0.030333
2638,0.28923499999999996,-1.348516,-1.623335,0.062878,0.975397,-0.21129699999999998,-0.115753,0.15517,0.044081,0.039493,0.011312000000000001,0.029976999999999997
2639,0.30032,-1.350653,-1.615066,0.064599,0.975866,-0.20859499999999997,-0.13187100000000002,0.146636,0.061071,0.013616999999999999,0.007761,0.0005110000000000001
2640,0.311606,-1.352673,-1.606388,0.066345,0.976305,-0.205977,-0.116993,0.130618,0.05799,-0.009414,0.011228,-0.03293
2641,0.32001599999999997,-1.354223,-1.599637,0.067599,0.97664,-0.203974,-0.08516900000000001,0.063501,0.031593,-0.006640000000000001,0.018553999999999998,-0.034307
2642,0.321966,-1.3556620000000001,-1.59775,0.067552,0.9769479999999999,-0.20251,-0.070362,-0.023668,-0.026944,0.007018000000000001,0.030529,0.010508
2643,0.317521,-1.3573790000000001,-1.6018709999999998,0.06612699999999999,0.9773129999999999,-0.201213,-0.066778,-0.0021190000000000002,-0.09104,0.047856,0.026838,0.057064
2644,0.31049299999999996,-1.359528,-1.610349,0.064069,0.977766,-0.199673,-0.085315,0.108885,-0.128699,0.0609,0.016268,0.05619400000000001
2645,0.305867,-1.362506,-1.618827,0.062268,0.9783860000000001,-0.19719,-0.134959,0.223031,-0.12598800000000002,0.074176,0.011314,0.053894000000000004
2646,0.3063,-1.3663969999999999,-1.623564,0.061204999999999996,0.979183,-0.19353099999999998,-0.18725,0.258214,-0.08794199999999999,0.085173,0.013125999999999999,0.045857
2647,0.31227699999999997,-1.370593,-1.6231360000000001,0.061098,0.9800260000000001,-0.189251,-0.20969699999999997,0.291146,-0.045412,0.07359199999999999,0.01355,0.024288
2648,0.322345,-1.375003,-1.6197350000000001,0.06163,0.980894,-0.184525,-0.222221,0.361464,-0.037044,0.030212,0.003542,-0.045379
2649,0.332167,-1.379149,-1.616766,0.062113,0.981692,-0.180064,-0.18613,0.315552,-0.042074,0.012213,-0.061022,-0.037357999999999995
2650,0.336714,-1.38174,-1.616714,0.06209,0.982182,-0.177379,-0.084402,0.160735,-0.042233,0.011991,-0.048054,-0.041463
2651,0.334635,-1.3827559999999999,-1.620241,0.061394000000000004,0.9823719999999999,-0.176565,-0.017736000000000002,0.029512,-0.051213999999999996,0.0034100000000000003,-0.006344,-0.049234
2652,0.330278,-1.3834540000000002,-1.624783,0.060400999999999996,0.982503,-0.176182,-0.024315,-0.006698000000000001,-0.048007999999999995,0.060845,-0.010197,-0.020198
2653,0.32746,-1.38416,-1.627427,0.059682000000000006,0.982634,-0.17569500000000002,-0.026549,-0.005719,-0.024524,0.08317100000000001,-0.021330000000000002,-0.002116
2654,0.328409,-1.38468,-1.6270799999999999,0.05968300000000001,0.9827299999999999,-0.175154,-0.024276,0.056997000000000006,0.007458,0.099161,-0.000705,0.016463
2655,0.33460100000000004,-1.385017,-1.62332,0.060658000000000004,0.982793,-0.174468,-0.034547,0.173037,0.035011,0.082591,0.026958,0.023818000000000002
2656,0.344885,-1.385832,-1.617724,0.062178,0.982943,-0.17308099999999998,-0.065054,0.265836,0.031474,0.07245,0.034925,0.021531
2657,0.355172,-1.38714,-1.612961,0.06350800000000001,0.983183,-0.171227,-0.079804,0.287275,0.011048,0.054152,0.030978,0.02221
2658,0.378129,-1.3891930000000001,-1.596591,0.066677,0.983555,-0.167848,-0.085824,0.343861,-0.01256,0.024205,0.008647,0.015474000000000002
2659,0.386881,-1.390981,-1.595222,0.06748,0.983877,-0.165629,-0.084551,0.37905300000000003,-0.023278999999999998,0.014062999999999999,-0.0055899999999999995,-0.000875
2660,0.401455,-1.392113,-1.587979,0.069451,0.984079,-0.163603,-0.06018099999999999,0.34486700000000003,-0.019857,0.020666999999999998,-0.009866,0.002302
2661,0.408878,-1.39287,-1.586993,0.070368,0.9842129999999999,-0.1624,-0.0252,0.315897,0.001789,0.036154,-0.011022,0.00499
2662,0.41717600000000005,-1.39299,-1.585213,0.07166499999999999,0.984234,-0.16170199999999998,-0.005953,0.340271,0.016848,0.052466,-0.026791000000000002,0.009312
2663,0.44309799999999994,-1.391723,-1.566726,0.076366,0.984009,-0.160916,0.0037770000000000004,0.372185,0.020087999999999998,0.057362,0.010513,0.007123
2664,0.45352299999999995,-1.391545,-1.564049,0.07811699999999999,0.983977,-0.160269,-0.007862000000000001,0.400959,0.027447000000000003,0.047402,0.03209,0.006064
2665,0.47400699999999996,-1.391206,-1.551733,0.081535,0.983917,-0.158933,-0.018588999999999998,0.404129,0.043394999999999996,0.012398000000000001,0.004044,0.001157
2666,0.48824700000000004,-1.3910069999999999,-1.545079,0.083882,0.9838809999999999,-0.15792799999999999,-0.016729,0.36462100000000003,0.064823,-0.034352,0.002248,-0.010315000000000001
2667,0.489331,-1.390874,-1.550224,0.084115,0.983858,-0.157953,0.001132,0.307016,0.069289,-0.041512,0.000426,-0.013037
2668,0.49950100000000003,-1.3902940000000001,-1.5455450000000002,0.08599,0.9837540000000001,-0.15759,0.00427,0.261326,0.037322,-0.045630000000000004,0.014415,-0.016162
2669,0.49838599999999994,-1.39104,-1.551169,0.085463,0.9838870000000001,-0.15704100000000001,-0.022483000000000003,0.22208899999999998,0.015816999999999998,-0.031218,0.033905000000000005,-0.0068379999999999995
2670,0.505057,-1.391533,-1.5487309999999999,0.086274,0.983975,-0.15604300000000002,-0.036348,0.21259299999999998,0.00505,-0.026643,0.015536000000000001,-0.007058
2671,0.502692,-1.39275,-1.555144,0.085328,0.984192,-0.155197,-0.023526,0.19983199999999998,-0.011940000000000001,-0.03003,-0.006225,-0.001206
2672,0.504242,-1.393202,-1.556741,0.085353,0.9842719999999999,-0.154675,-0.00883,0.130602,-0.027772,-0.040279,0.011578,0.010173999999999999
2673,0.502628,-1.393783,-1.560907,0.084828,0.984374,-0.154311,-0.0065569999999999995,0.130718,-0.058734,-0.045048000000000005,0.012498,0.009765000000000001
2674,0.49335,-1.3970639999999999,-1.5727280000000001,0.081863,0.9849459999999999,-0.152246,-0.033166,0.126626,-0.078148,-0.037734,0.024239,0.024271
2675,0.484706,-1.401111,-1.583157,0.078686,0.9856379999999999,-0.14942,-0.034459,0.043675,-0.11223699999999999,-0.012051000000000001,0.014911,0.054327999999999994
2676,0.472034,-1.402441,-1.596168,0.07619,0.9858620000000001,-0.14923699999999998,0.008067,-0.005412,-0.127901,-0.018542,0.021263999999999998,0.042181
2677,0.457462,-1.40505,-1.611759,0.072871,0.986295,-0.148024,-0.00325,0.07988300000000001,-0.13663699999999998,-0.013269999999999999,0.034762,0.022536
2678,0.44701,-1.407051,-1.624543,0.070467,0.986624,-0.14699700000000002,-0.067137,0.109926,-0.134985,0.011595000000000001,0.005335,0.035334
2679,0.43913500000000005,-1.4093790000000002,-1.63439,0.06833,0.987001,-0.14546800000000001,-0.06413300000000001,0.086398,-0.11463800000000002,0.014616999999999998,-0.024171,0.036093
2680,0.43815200000000004,-1.411851,-1.637789,0.067152,0.987395,-0.143326,-0.021309,0.12776500000000002,-0.106912,0.003771,-0.017333,0.021988
2681,0.42877200000000004,-1.412957,-1.6500700000000001,0.06535,0.987569,-0.142956,-0.0020280000000000003,0.13731500000000002,-0.11426700000000001,-0.001736,0.014811000000000001,0.010981999999999999
2682,0.41609700000000005,-1.414485,-1.665454,0.062923,0.987808,-0.14239200000000002,-0.00313,0.12031300000000002,-0.123868,-0.012813,0.025908999999999998,0.002911
2683,0.403902,-1.415784,-1.6796959999999999,0.060677999999999996,0.98801,-0.141969,-0.021444,0.077779,-0.127146,0.011573,0.023372999999999998,0.008501
2684,0.39963000000000004,-1.4168209999999999,-1.685715,0.059672,0.9881690000000001,-0.141283,-0.016187,0.07875399999999999,-0.108948,0.033742,-0.004496,-0.00337
2685,0.390611,-1.417877,-1.6961970000000002,0.057998,0.988331,-0.14085,-0.019646,0.046705,-0.083294,0.032425999999999996,-0.012058,0.000317
2686,0.389337,-1.418039,-1.6972509999999998,0.057758000000000004,0.9883549999999999,-0.140776,-0.0020989999999999997,-0.056799,-0.055262,0.013791,-0.015211,-0.009781999999999999
2687,0.382284,-1.418237,-1.702848,0.05669,0.9883850000000001,-0.140998,0.009474,-0.0729,-0.034864,-0.0013160000000000001,6.4e-05,-0.038826
2688,0.37900100000000003,-1.416079,-1.7054040000000001,0.057016,0.9880549999999999,-0.14316500000000001,-0.004279,-0.009093,0.004484,0.022665,0.009442,-0.048043
2689,0.382094,-1.4158879999999998,-1.702286,0.057529,0.9880260000000001,-0.143163,0.009446,-0.010329999999999999,0.03556,0.025799000000000002,-0.000767,-0.038829
2690,0.384676,-1.414892,-1.6986310000000002,0.05826799999999999,0.9878709999999999,-0.143926,0.05179500000000001,-0.07336799999999999,0.04555,0.012411,-0.012637,-0.038416000000000006
2691,0.379653,-1.411698,-1.701761,0.058713,0.9873709999999999,-0.147147,0.078414,-0.096855,0.035082999999999996,-0.014127,-0.020955,-0.025781000000000002
2692,0.376242,-1.4098760000000001,-1.7028860000000001,0.058872,0.98708,-0.149019,0.09434,-0.12880899999999998,0.020281,-0.010409999999999999,-0.014653,-0.008467
2693,0.3698,-1.408021,-1.706718,0.058572000000000006,0.9867809999999999,-0.151102,0.099746,-0.126641,0.006428,-0.002771,-0.0056560000000000004,0.0039310000000000005
2694,0.364216,-1.406297,-1.710551,0.058334000000000004,0.9865,-0.153016,0.085122,-0.064774,-0.001231,0.041169,0.030223000000000003,0.028123000000000002
2695,0.371048,-1.406032,-1.7035939999999998,0.059472000000000004,0.9864569999999999,-0.152858,0.05884400000000001,0.015249,-0.010059,0.031089,0.029305,0.031352
2696,0.368537,-1.405429,-1.707472,0.059302999999999995,0.986358,-0.15356199999999998,0.029379000000000002,0.091047,-0.025317,0.018471,0.022294,0.02493
2697,0.358898,-1.405996,-1.7194060000000002,0.057623,0.986451,-0.153602,0.00298,0.126396,-0.051187,-0.026387999999999998,0.018142,-0.000908
2698,0.353983,-1.406517,-1.727055,0.05669,0.9865360000000001,-0.153402,-0.002225,0.12971300000000002,-0.076865,-0.029833999999999996,0.013493999999999999,-0.004832
2699,0.345517,-1.407031,-1.7379369999999998,0.055216999999999995,0.98662,-0.153399,0.011645,0.1042,-0.102373,-0.031612,0.010526,-0.007871
2700,0.323848,-1.40801,-1.7614020000000001,0.051573,0.9867799999999999,-0.153643,0.007368,0.079803,-0.12480799999999999,-0.029814,0.022635,0.000674
2701,0.30991399999999997,-1.408858,-1.7769139999999999,0.049172,0.986917,-0.15355,-0.0044009999999999995,0.060716,-0.13661700000000002,-0.015281999999999999,0.024939,0.010881
2702,0.294871,-1.40972,-1.7933849999999998,0.046609,0.9870549999999999,-0.15345799999999998,-0.001182,0.061783000000000005,-0.1398,-0.002893,0.020925,0.009278
2703,0.278843,-1.410714,-1.810684,0.043874,0.9872139999999999,-0.15324300000000002,-0.006569,0.040535,-0.149425,-0.007909000000000001,0.01036,0.007689
2704,0.261438,-1.411663,-1.828152,0.040958,0.9873649999999999,-0.153078,-0.006962,-0.04045,-0.142914,-0.008853,0.016709,0.012239
2705,0.240271,-1.413229,-1.8478009999999998,0.037341,0.987612,-0.152408,0.002288,-0.10445499999999999,-0.128883,-0.012347,0.012129000000000001,0.014347
2706,0.215887,-1.4141350000000001,-1.8700419999999998,0.033422,0.9877540000000001,-0.152399,0.011769,-0.11308399999999999,-0.110649,-0.0056359999999999995,-0.0028899999999999998,-0.006215999999999999
2707,0.200023,-1.413993,-1.8837439999999999,0.031027999999999997,0.9877309999999999,-0.153049,0.015874,-0.117487,-0.078569,-0.00492,-7.6e-05,-0.007062000000000001
2708,0.18928599999999998,-1.413643,-1.8920130000000002,0.029448000000000002,0.987677,-0.153712,0.026307999999999998,-0.136831,-0.045356,0.0006580000000000001,0.008371,-0.0050100000000000006
2709,0.181598,-1.412655,-1.8965049999999999,0.028442000000000002,0.9875219999999999,-0.154894,0.05485,-0.178566,-0.020537,0.000886,0.0038880000000000004,-0.004347
2710,0.17508800000000002,-1.4114360000000001,-1.8996819999999999,0.027642,0.9873290000000001,-0.15625999999999998,0.063443,-0.154141,-0.008758,-0.002786,0.002554,-0.001088
2711,0.161834,-1.411088,-1.910364,0.025624,0.987274,-0.156952,0.050807,-0.117874,-0.009965,-0.014775,0.004731,0.007065000000000001
2712,0.15307,-1.410519,-1.916493,0.024333,0.987183,-0.157726,0.045413999999999996,-0.140188,-0.01959,-0.016628,0.019805,0.004573
2713,0.143109,-1.4102219999999999,-1.924007,0.022803,0.987136,-0.15825,0.023302,-0.101653,-0.0465,-0.010703,0.029008,0.0017870000000000002
2714,0.128065,-1.411377,-1.937357,0.020274,0.9873200000000001,-0.157445,0.001183,-0.09389199999999999,-0.103282,-0.00587,0.002014,0.014866999999999998
2715,0.106982,-1.4125370000000002,-1.9558970000000002,0.016828,0.987503,-0.156699,0.007428,-0.160894,-0.136269,-0.00955,-0.000198,0.013861000000000002
2716,0.08435,-1.412851,-1.9755099999999999,0.013252000000000002,0.987553,-0.15673,0.002156,-0.145966,-0.135258,-0.010154,0.0068319999999999995,0.004966
2717,0.068575,-1.413166,-1.9894599999999998,0.010756,0.9876020000000001,-0.156609,-0.011455,-0.07884400000000001,-0.125824,0.021409,0.011254,-0.0070409999999999995
2718,0.06439600000000001,-1.413235,-1.992741,0.010097,0.987613,-0.156585,-0.011368000000000001,-0.06072999999999999,-0.126909,0.03986,-0.003009,-0.000916
2719,0.060771000000000006,-1.413635,-1.9954830000000001,0.009506,0.987676,-0.156226,-0.009281999999999999,-0.057596,-0.113006,0.033616,-0.017735,0.0082
2720,0.054027,-1.4136799999999998,-2.001662,0.00845,0.987683,-0.156243,0.008845,-0.031142000000000003,-0.084069,0.010715,-0.010479,0.001152
2721,0.044585,-1.413042,-2.010472,0.0070019999999999995,0.987583,-0.156945,0.027824,-0.048386,-0.050799000000000004,-0.019087,-0.00542,-0.017478
2722,0.037722000000000006,-1.412245,-2.0155220000000003,0.005954,0.9874569999999999,-0.157775,0.049849,-0.11458299999999999,-0.032401,-0.039005,0.004790999999999999,-0.027543
2723,0.027665,-1.410415,-2.023514,0.004417,0.987167,-0.159633,0.06804500000000001,-0.087009,-0.017356,-0.027732999999999997,0.005738,-0.023122
2724,0.024787,-1.409023,-2.024941,0.003992,0.986943,-0.16102,0.071217,-0.07961900000000001,-0.003457,-0.013834,0.000621,-0.018149000000000002
2725,0.018505,-1.407076,-2.028539,0.003016,0.9866280000000001,-0.162962,0.079326,-0.162786,0.008454999999999999,-0.023188,0.008642,-0.017595
2726,0.015305000000000001,-1.405378,-2.027704,0.00252,0.98635,-0.164645,0.08444,-0.21286799999999997,0.007487000000000001,-0.035235,0.01745,-0.017255
2727,0.009183,-1.403043,-2.029866,0.001533,0.9859620000000001,-0.166961,0.083567,-0.18298499999999998,-0.005377000000000001,-0.012031,0.005569,-0.023941999999999998
2728,0.0036479999999999998,-1.401409,-2.031812,0.000615,0.9856879999999999,-0.168577,0.082582,-0.179726,-0.020343,0.010936,0.008849,-0.024447
2729,0.00034700000000000003,-1.3995520000000001,-2.03176,5.9e-05,0.985374,-0.170408,0.07416299999999999,-0.158373,-0.024701,0.018068,0.00744,-0.010744
2730,0.0034240000000000004,-1.3983370000000002,-2.0264,0.000588,0.985166,-0.171605,0.057323,-0.100814,-0.018479,0.02436,0.001834,0.000279
2731,0.006097999999999999,-1.396759,-2.022067,0.001056,0.984894,-0.173157,0.043483999999999995,-0.086947,-0.011113,0.014859,0.000259,-0.016373
2732,0.004628,-1.394564,-2.02155,0.000811,0.984511,-0.17532,0.049731,-0.10833,0.002846,-0.000521,-0.0013109999999999999,-0.025715
2733,0.0016760000000000002,-1.392118,-2.022067,0.000298,0.984079,-0.177728,0.071995,-0.12551199999999998,0.017977,-0.006829000000000001,-0.004816,-0.017157
2734,0.001379,-1.3899190000000001,-2.019683,0.000248,0.9836860000000001,-0.179892,0.092123,-0.13526,0.040563,-0.007435,-0.007734,-0.016214
2735,0.004485,-1.387499,-2.013607,0.000817,0.983248,-0.18227100000000002,0.110035,-0.15037799999999998,0.075958,-0.0057,-0.006365,-0.011347
2736,0.011576999999999999,-1.38434,-2.0031369999999997,0.002146,0.982667,-0.185365,0.138665,-0.164462,0.109297,0.008901000000000001,0.00801,-0.013701
2737,0.021676,-1.380891,-1.989382,0.004091,0.982022,-0.188722,0.15994,-0.172018,0.11586500000000001,0.011564,0.007509999999999999,-0.011352
2738,0.033089999999999994,-1.377969,-1.9751049999999999,0.00634,0.981466,-0.191529,0.146488,-0.106877,0.087916,0.019538999999999997,0.005472,0.016832
2739,0.045244,-1.3765399999999999,-1.9622240000000002,0.008731000000000001,0.981191,-0.19284,0.128975,0.003029,0.057746000000000006,0.023343,0.027415,0.02336
2740,0.051497,-1.3749280000000002,-1.956678,0.010018,0.9808790000000001,-0.19435999999999998,0.096236,0.048005,0.02755,0.01522,0.029054000000000003,0.022027
2741,0.050822000000000006,-1.374486,-1.958636,0.009909000000000001,0.980793,-0.1948,0.043207,0.078181,-0.013453,-0.016745,0.030163,0.009023999999999999
2742,0.045852,-1.3745450000000001,-1.9658209999999998,0.008938,0.9808040000000001,-0.19478900000000002,-0.000147,0.130668,-0.048007999999999995,-0.035686,0.033615,-0.008855
2743,0.042133,-1.3748850000000001,-1.9723330000000001,0.008199,0.9808709999999999,-0.19448800000000002,-0.020365,0.120176,-0.07056799999999999,-0.034948,0.033549,-0.009156000000000001
2744,0.036156,-1.3754819999999999,-1.979802,0.007015,0.980987,-0.193948,-0.030333999999999996,0.034967000000000005,-0.071546,-0.039395,0.009995,-0.043479000000000004
2745,0.024922,-1.374948,-1.9911560000000001,0.004849,0.980883,-0.19453800000000002,-0.032719,-0.007692,-0.057624,-0.027707,0.0030039999999999997,-0.047175999999999996
2746,0.019431,-1.375622,-1.9960740000000001,0.003768,0.9810139999999999,-0.193901,-0.030858,-0.055688,-0.04473,-0.014297,0.001622,-0.045876
2747,0.012824,-1.375997,-2.000784,0.002482,0.981086,-0.193554,-0.008732,-0.121795,-0.048764,0.0016829999999999998,-0.009101999999999999,-0.040744
2748,0.005748,-1.3758709999999998,-2.005289,0.001113,0.9810620000000001,-0.19369,0.016791,-0.127262,-0.03576,0.023637000000000002,-0.013609,-0.01769
2749,0.0015660000000000001,-1.375709,-2.00695,0.000304,0.981031,-0.193852,-0.009937999999999999,-0.124037,-0.019928,0.014191999999999998,0.019854,-0.018428
2750,0.0012519999999999999,-1.375624,-2.0052220000000003,0.00024300000000000002,0.9810139999999999,-0.193935,-0.035507,-0.10694100000000001,-0.010512,0.023988,0.021625,-0.032933
2751,-0.001364,-1.375815,-2.006152,-0.000264,0.981051,-0.193748,0.002039,-0.064448,-0.013509,0.015752000000000002,-0.023837,-0.013680000000000001
2752,-0.004357,-1.375361,-2.008667,-0.0008460000000000001,0.9809629999999999,-0.194192,0.013000999999999999,-0.011175,-0.025251,-0.001275,-0.011466,-0.006141
2753,-0.007691,-1.375174,-2.011453,-0.001495,0.980927,-0.194372,0.006442,-0.049489,-0.028452999999999996,-0.010620000000000001,0.003952000000000001,-0.007487000000000001
2754,-0.012728,-1.375039,-2.015101,-0.0024760000000000003,0.980901,-0.194494,0.006370000000000001,-0.079291,-0.041132,-0.029171,0.015315,-0.015925
2755,-0.024975,-1.37457,-2.0258529999999997,-0.004869,0.980809,-0.194909,0.0032619999999999997,-0.078138,-0.060386,-0.031081,0.008784,-0.010704
2756,-0.033066000000000005,-1.37477,-2.032092,-0.006439,0.9808479999999999,-0.194666,-0.02253,-0.113228,-0.054112,-0.034912,0.030152999999999996,-0.017278
2757,-0.043766,-1.3748559999999999,-2.0402139999999997,-0.008518000000000001,0.980865,-0.194503,-0.034552,-0.139968,-0.016776,-0.029307999999999997,0.006714,-0.017518000000000002
2758,-0.046915,-1.3752229999999999,-2.040003,-0.009114,0.980936,-0.194115,0.000295,-0.184972,0.018775999999999998,-0.026043,-0.043512999999999996,-0.014503
2759,-0.047479,-1.3745049999999999,-2.036107,-0.009256,0.9807969999999999,-0.19481400000000001,0.059723000000000005,-0.242756,0.032083999999999994,-0.023825,-0.049476,-0.014338
2760,-0.05254400000000001,-1.372473,-2.035199,-0.010348,0.980398,-0.19675399999999998,0.04111,-0.323756,0.057692999999999994,-0.024946,0.035425,-0.036828
2761,-0.05001,-1.371631,-2.0258439999999998,-0.009891,0.980232,-0.197604,0.062198,-0.331479,0.10592,-0.005918,-0.048073000000000005,-0.005399
2762,-0.045384,-1.370239,-2.013866,-0.009038,0.9799559999999999,-0.19901,0.10880999999999999,-0.366896,0.139531,-0.003428,0.021921,0.006856
2763,-0.038514,-1.368148,-1.999184,-0.00775,0.9795370000000001,-0.20111500000000002,0.10335599999999999,-0.38608200000000004,0.14699500000000001,-0.007845,0.035722000000000004,-0.003933
2764,-0.031094,-1.366528,-1.983511,-0.006306,0.97921,-0.202753,0.076646,-0.389205,0.15215399999999998,-0.028895999999999998,0.019356,0.0067079999999999996
2765,-0.031902,-1.365666,-1.976641,-0.006497,0.979034,-0.20359100000000002,0.055763,-0.34946900000000003,0.08999800000000001,-0.026935,0.069824,0.02694
2766,-0.035436,-1.364778,-1.9733889999999998,-0.007247,0.9788530000000001,-0.20443499999999998,0.034929,-0.331971,-0.005242,-0.015336,0.070646,0.022794
2767,-0.047939999999999997,-1.3655389999999998,-1.979882,-0.009767,0.979009,-0.203584,-0.008292,-0.281487,-0.071839,-0.00045599999999999997,0.038432,0.014588999999999998
2768,-0.061653999999999994,-1.366201,-1.988709,-0.012518000000000001,0.979143,-0.202784,-0.056032000000000005,-0.241823,-0.09252,-0.002893,0.024427,0.010218999999999999
2769,-0.076532,-1.367843,-1.9995330000000002,-0.015411000000000001,0.979475,-0.200973,-0.104926,-0.194805,-0.08651299999999999,-0.0065769999999999995,-0.00044100000000000004,-0.010758
2770,-0.088014,-1.370249,-2.007332,-0.017509999999999998,0.979958,-0.198434,-0.133894,-0.200155,-0.055729999999999995,-0.004829,-0.016319,-0.019431
2771,-0.09792999999999999,-1.371192,-2.012611,-0.019387,0.980145,-0.197331,-0.109794,-0.26216999999999996,-0.019163,-0.012519,-0.024045,-0.042751
2772,-0.104868,-1.372798,-2.013523,-0.020590999999999998,0.9804620000000001,-0.195627,-0.06540399999999999,-0.320961,0.007017,-0.021844,-0.021966,-0.03797
2773,-0.113329,-1.372375,-2.015207,-0.022292,0.9803790000000001,-0.195857,-0.034581,-0.34027399999999997,0.014733000000000001,-0.00818,-0.0038469999999999997,-0.023671
2774,-0.118038,-1.372898,-2.013182,-0.023153999999999997,0.980482,-0.195241,-0.020741,-0.33292,0.028707,0.033056,-0.005369,0.003743
2775,-0.112658,-1.3741299999999999,-2.0011639999999997,-0.021967,0.980723,-0.194162,-0.019776,-0.33831700000000003,0.045817000000000004,0.06286,-0.01797,0.025858
2776,-0.114052,-1.374707,-1.995952,-0.022173,0.980836,-0.19356900000000002,-0.025044,-0.313836,0.055362,0.07237400000000001,-0.009553,0.025401
2777,-0.106897,-1.375197,-1.9827400000000002,-0.020736,0.980931,-0.193245,-0.022823,-0.307399,0.042555,0.047668,0.043101,-0.017815
2778,-0.110463,-1.375589,-1.980457,-0.021383000000000003,0.981008,-0.19278800000000001,-0.015049000000000002,-0.268957,0.01265,-0.002787,0.03271,-0.039833
2779,-0.11722,-1.374729,-1.9833459999999998,-0.022784,0.9808399999999999,-0.193476,-0.030305000000000002,-0.143042,-0.027143,-0.012083,0.026652,-0.04186
2780,-0.12446600000000001,-1.375353,-1.989047,-0.024109000000000002,0.9809620000000001,-0.192699,-0.043751,-0.066058,-0.06137000000000001,0.013352000000000001,0.020106,-0.02924
2781,-0.127202,-1.3761780000000001,-1.990518,-0.024534,0.9811219999999999,-0.191829,-0.057683000000000005,-0.077735,-0.059314,0.029264,-0.0047420000000000006,-0.005726
2782,-0.13331099999999999,-1.377264,-1.996044,-0.025563,0.981331,-0.19062,-0.06275800000000001,0.00315,-0.035952,0.018636,-0.016411000000000002,0.0093
2783,-0.13381400000000002,-1.3787479999999999,-1.9977169999999997,-0.025465,0.981615,-0.189164,-0.063624,0.07442,-0.009343,0.00717,-0.009051,0.007751999999999999
2784,-0.132589,-1.379869,-1.9978479999999998,-0.025088,0.9818290000000001,-0.188104,-0.047803,0.056165999999999994,0.013224000000000001,-0.020413999999999998,0.010496,0.0018859999999999999
2785,-0.129887,-1.3803729999999999,-1.9959169999999997,-0.024515000000000002,0.981924,-0.187681,-0.004187,0.039987,0.025299000000000002,-0.025015,-0.001013,0.004712
2786,-0.130748,-1.380372,-1.997741,-0.024677,0.981924,-0.18766,0.01295,0.063329,0.033933,-0.022946,-0.007025,0.015297
2787,-0.125451,-1.380367,-1.9931,-0.023683000000000003,0.981923,-0.18779300000000002,0.003041,0.013222999999999999,0.052087,-0.018645,0.017329,0.020801
2788,-0.122065,-1.381033,-1.9889189999999999,-0.022968000000000002,0.982049,-0.187223,0.015405,-0.054053,0.08216799999999999,-0.020398,-0.017358000000000002,0.01576
2789,-0.114256,-1.38084,-1.979481,-0.021526,0.9820129999999999,-0.187585,0.023801,-0.077549,0.08973500000000001,-0.028492,0.004621,0.002679
2790,-0.11223399999999999,-1.3796190000000002,-1.975538,-0.021281,0.9817809999999999,-0.18882000000000002,0.035496,-0.090361,0.086625,-0.032292,0.012512,-0.020363
2791,-0.10541800000000001,-1.378968,-1.966766,-0.020061000000000002,0.981657,-0.189595,0.044146,-0.080739,0.07065,-0.023258,0.021013,-0.02386
2792,-0.10084800000000001,-1.378212,-1.9610040000000002,-0.019269,0.981513,-0.190424,0.040219,-0.03692,0.03852,-0.006594,0.038827,-0.007208
2793,-0.09842200000000001,-1.378123,-1.9580650000000002,-0.018816,0.9814959999999999,-0.190557,0.02122,-0.020755000000000003,0.008457,0.012697,0.03213,0.011557
2794,-0.098485,-1.378076,-1.958207,-0.018831999999999998,0.9814870000000001,-0.190601,-0.011541,0.033749,-0.006797,0.035601999999999995,0.020009,0.025379
2795,-0.08899,-1.380524,-1.9512619999999998,-0.016808,0.9819530000000001,-0.188378,-0.055673,0.171381,-0.021164,0.048684,0.026652999999999996,0.033563
2796,-0.08744400000000001,-1.381845,-1.954209,-0.016404,0.982202,-0.187112,-0.07244600000000001,0.237488,-0.021366,0.042602999999999995,0.009101,0.030983999999999998
2797,-0.086048,-1.383382,-1.9576509999999998,-0.016013,0.982489,-0.18563,-0.090539,0.237589,-0.031106,0.008582,0.015359000000000001,-0.0033810000000000003
2798,-0.086368,-1.385178,-1.963211,-0.01592,0.982822,-0.183866,-0.102039,0.267548,-0.053658000000000004,-0.00236,0.011364,-0.011767
2799,-0.08932999999999999,-1.38706,-1.9717619999999998,-0.016299,0.983168,-0.181976,-0.09450900000000001,0.263333,-0.07176,0.0059229999999999994,-0.007581999999999999,-0.004807
2800,-0.092539,-1.3880299999999999,-1.979612,-0.016794999999999997,0.983345,-0.180973,-0.061713,0.20567600000000003,-0.06718400000000001,0.001887,-0.010078,-0.007595
2801,-0.09535700000000001,-1.389204,-1.9868759999999999,-0.017195,0.983557,-0.179776,-0.068038,0.235475,-0.054447,0.000609,0.003564,-0.028064
2802,-0.09404900000000001,-1.389483,-1.9911619999999999,-0.016934,0.983608,-0.179525,-0.057204,0.29181599999999996,-0.034147000000000004,0.002209,-0.006511,-0.022761
2803,-0.09173300000000001,-1.390116,-1.9945380000000001,-0.016461,0.983722,-0.17894300000000002,-0.01895,0.268204,-0.023168,-0.001422,-0.010714,-0.014889
2804,-0.08907999999999999,-1.390244,-1.996492,-0.015975,0.9837450000000001,-0.178861,-0.006459,0.206344,-0.015522999999999999,-0.010316,0.001515,-0.008609
2805,-0.092096,-1.389676,-2.003269,-0.016566,0.983643,-0.179368,0.008483,0.177649,-0.045294,-0.018346,0.006561,0.002763
2806,-0.094577,-1.389476,-2.008261,-0.017029,0.983607,-0.17952200000000001,-0.016553000000000002,0.084984,-0.027192,-0.01686,0.023367,-0.009076
2807,-0.098099,-1.38989,-2.013633,-0.017622,0.9836809999999999,-0.179056,-0.024045,0.09665900000000001,-0.01017,0.005979,0.002052,0.024378
2808,-0.089891,-1.3926370000000001,-2.0078810000000002,-0.015909,0.9841719999999999,-0.176503,-0.015315,0.116969,-0.034699,0.027826,0.011358,0.033772
2809,-0.092623,-1.3928,-2.0125900000000003,-0.016375999999999998,0.9842,-0.176299,-0.007928,0.089284,-0.044226,0.020923,0.007209,0.018081
2810,-0.095821,-1.3927370000000001,-2.0181560000000003,-0.016946,0.984189,-0.176307,-0.008741,0.130893,-0.05924,0.0017329999999999997,0.017947,-0.0066
2811,-0.10064400000000001,-1.392907,-2.0266580000000003,-0.017779,0.9842190000000001,-0.176058,-0.022300999999999998,0.20688299999999998,-0.082704,0.004596,0.010211,-0.007094
2812,-0.105779,-1.393294,-2.037249,-0.018643,0.9842879999999999,-0.175584,-0.0314,0.304977,-0.09677999999999999,0.029110000000000004,0.006862,0.002886
2813,-0.102023,-1.393792,-2.041233,-0.017933,0.984376,-0.17516600000000002,-0.015975,0.404034,-0.10640899999999999,0.040287,0.004745,0.000407
2814,-0.105402,-1.393799,-2.053512,-0.018524000000000002,0.9843770000000001,-0.175097,-0.009396,0.44448699999999997,-0.105347,0.02684,-0.003694,-0.015729
2815,-0.106704,-1.393306,-2.064041,-0.018803999999999998,0.98429,-0.175556,-0.007247,0.459347,-0.0936,0.001638,-0.001883,-0.011318
2816,-0.11093199999999999,-1.3932120000000001,-2.078147,-0.019556,0.984273,-0.175567,-0.017762,0.5083260000000001,-0.078784,-0.015050999999999998,0.004084,0.0025629999999999997
2817,-0.112436,-1.393529,-2.090035,-0.019785,0.9843290000000001,-0.175227,-0.011356999999999999,0.503003,-0.085142,-0.013662,0.026108,0.004085
2818,-0.113078,-1.393432,-2.100074,-0.019909,0.9843120000000001,-0.17531,-0.004143,0.441213,-0.09035399999999999,-0.018466999999999997,0.015962999999999998,-0.001006
2819,-0.11465399999999999,-1.393475,-2.1105709999999998,-0.02018,0.9843200000000001,-0.175235,-0.016916999999999998,0.444467,-0.093652,-0.031715,0.007486,0.001605
2820,-0.124492,-1.393569,-2.129539,-0.021891,0.9843360000000001,-0.17493699999999998,-0.025337000000000002,0.452025,-0.111884,-0.036626,0.016869,-0.003804
2821,-0.131233,-1.393807,-2.145146,-0.02304,0.9843780000000001,-0.17455299999999999,-0.032813999999999996,0.412786,-0.149273,-0.016374,0.029431,-0.007148999999999999
2822,-0.141074,-1.393815,-2.1631139999999998,-0.024755000000000003,0.9843799999999999,-0.17431,-0.042463,0.385191,-0.166397,0.0038200000000000005,0.01208,-0.013281
2823,-0.149818,-1.393909,-2.180079,-0.026264,0.9843959999999999,-0.173995,-0.052006,0.40119099999999996,-0.163278,0.011356999999999999,0.022486000000000003,-0.016724
2824,-0.161415,-1.394105,-2.1998759999999997,-0.028249,0.984431,-0.173489,-0.081006,0.392629,-0.12822,-0.011103,0.008688,-0.00893
2825,-0.171984,-1.39507,-2.218718,-0.029919,0.9846,-0.172244,-0.078786,0.413918,-0.12609700000000001,-0.006351,-0.007305,-0.0005
2826,-0.177824,-1.3956520000000001,-2.233148,-0.030823000000000003,0.984701,-0.171502,-0.059577,0.40855,-0.132365,0.005707,0.009729,-0.008872
2827,-0.18623599999999998,-1.395902,-2.249027,-0.032219,0.9847450000000001,-0.170995,-0.070642,0.321232,-0.131262,-0.005104,0.013363,-0.013911000000000001
2828,-0.203123,-1.395561,-2.271649,-0.03517,0.984685,-0.170756,-0.080505,0.264797,-0.129126,-0.032473,0.016962,-0.022222
2829,-0.21757800000000002,-1.395408,-2.292719,-0.037667,0.9846590000000001,-0.170377,-0.070345,0.361809,-0.155887,-0.00251,0.006171,-0.02634
2830,-0.221595,-1.395741,-2.304655,-0.038279,0.984717,-0.169904,-0.10344300000000001,0.377815,-0.133704,0.02331,-0.006018,-0.019503
2831,-0.22771100000000002,-1.396432,-2.317504,-0.039162999999999996,0.9848370000000001,-0.169004,-0.074101,0.275382,-0.117343,0.018579,-0.015934,-0.019243
2832,-0.23372800000000002,-1.395605,-2.329028,-0.040368,0.984693,-0.16955699999999999,-0.050602,0.28381,-0.11398499999999999,0.0042049999999999995,-0.016233,-0.023497
2833,-0.234296,-1.395797,-2.337107,-0.040421,0.984727,-0.169351,-0.044869,0.406161,-0.07991799999999999,0.052475,-0.036835,0.0057
2834,-0.23175199999999999,-1.396568,-2.342466,-0.039814999999999996,0.9848610000000001,-0.168714,-0.047588,0.350476,-0.00509,0.07166,-0.036679,0.014934999999999999
2835,-0.220113,-1.397606,-2.335254,-0.037626,0.9850399999999999,-0.168168,-0.012565999999999999,0.142342,0.065926,-0.084857,-0.016443,-0.034515
2836,-0.21006999999999998,-1.397575,-2.326171,-0.035941,0.985035,-0.168567,0.034873,0.027079000000000002,0.078155,-0.08654099999999999,-0.016437,-0.034115
2837,-0.199376,-1.3971149999999999,-2.315539,-0.034226,0.9849549999999999,-0.16938599999999998,0.042115,-0.010282,0.091072,-0.141067,-0.008698000000000001,-0.069628
2838,-0.188166,-1.3965370000000001,-2.3018419999999997,-0.032432,0.9848549999999999,-0.170318,0.058236,-0.189434,0.12346099999999999,-0.154183,0.003319,-0.060059
2839,-0.176326,-1.395907,-2.2842990000000003,-0.030522000000000004,0.9847459999999999,-0.171301,0.054407000000000004,-0.300325,0.152419,-0.156917,0.016184999999999998,-0.023371
2840,-0.164168,-1.39551,-2.26594,-0.028501,0.984677,-0.172046,0.039524000000000004,-0.289616,0.151233,-0.10873699999999999,0.03162,0.000949
2841,-0.152446,-1.395597,-2.247878,-0.026469,0.984692,-0.172283,0.011599,-0.318332,0.163893,-0.056859,0.042118,0.009746
2842,-0.14016099999999998,-1.395982,-2.2288069999999998,-0.024298,0.984759,-0.172219,-0.001261,-0.32364299999999996,0.17128800000000002,-0.031519,0.006696,0.016183000000000003
2843,-0.12473900000000002,-1.396764,-2.2068659999999998,-0.021543,0.9848950000000001,-0.17181,-0.01735,-0.302444,0.21174099999999998,-0.046313,-0.006425,0.01939
2844,-0.104422,-1.3976389999999999,-2.1802479999999997,-0.017959,0.9850459999999999,-0.171355,-0.015279,-0.287652,0.24057800000000001,-0.041000999999999996,-0.000793,-0.006913
2845,-0.083204,-1.398208,-2.153269,-0.014272,0.985144,-0.171138,-0.00227,-0.258867,0.223541,-0.023278999999999998,0.021097,-0.00536
2846,-0.064424,-1.398472,-2.128876,-0.011039,0.985189,-0.17111800000000002,0.003102,-0.2684,0.205431,-0.028222000000000004,0.032344,0.011755
2847,-0.046133999999999994,-1.398688,-2.104685,-0.007898,0.985226,-0.171078,-0.00339,-0.28013000000000005,0.213946,-0.06790800000000001,-0.008373,0.013806
2848,-0.024159,-1.3989790000000002,-2.0767889999999998,-0.00413,0.985276,-0.170923,-0.008921,-0.28028600000000004,0.257705,-0.099508,-0.029923,0.002649
2849,0.0018210000000000001,-1.399114,-2.043875,0.00031099999999999997,0.9852989999999999,-0.17084000000000002,0.005579,-0.34863,0.286735,-0.082525,0.001625,-0.037212999999999996
2850,0.013715999999999999,-1.396717,-2.023196,0.002376,0.984886,-0.17318599999999998,0.040382999999999995,-0.44354499999999997,0.28282199999999996,-0.069911,0.012412999999999999,-0.058199
2851,0.036262,-1.395797,-1.990278,0.006312,0.984727,-0.173993,0.033617,-0.520239,0.287145,-0.082728,0.026077,-0.049136
2852,0.049111,-1.394702,-1.9661349999999997,0.0086,0.984535,-0.174974,0.002886,-0.542229,0.21859099999999998,-0.059320000000000005,0.055626,-0.062864
2853,0.059455999999999995,-1.394554,-1.944652,0.010418,0.984509,-0.175022,-0.003295,-0.537767,0.173677,-0.046932999999999996,0.042865,-0.045986
2854,0.067207,-1.3947129999999999,-1.9256349999999998,0.011764,0.9845370000000001,-0.174779,-0.034325,-0.569569,0.16175,-0.025238,0.013890999999999999,-0.022928999999999998
2855,0.07212400000000001,-1.395203,-1.9077080000000002,0.012589,0.9846229999999999,-0.174238,-0.06994199999999999,-0.678035,0.144549,0.0044399999999999995,0.029338999999999997,-0.04294
2856,0.073844,-1.396507,-1.891273,0.012794,0.98485,-0.17293599999999998,-0.075502,-0.734449,0.138173,0.026498,0.003752,-0.025810000000000003
2857,0.076528,-1.397902,-1.874602,0.013153,0.9850909999999999,-0.171531,-0.085792,-0.6502560000000001,0.137993,0.053238,-0.002196,-0.009179000000000001
2858,0.0817,-1.399665,-1.8575439999999999,0.013897999999999999,0.9853930000000001,-0.16973,-0.106616,-0.537259,0.13663499999999998,0.082416,-0.004619,0.014806999999999999
2859,0.089138,-1.401525,-1.8405470000000002,0.014997,0.985708,-0.167795,-0.099702,-0.42329799999999995,0.136537,0.09813200000000001,0.001093,0.041788
2860,0.098247,-1.402981,-1.824373,0.016384,0.985952,-0.166223,-0.077689,-0.286963,0.122629,0.085576,0.00062,0.045572
2861,0.10742,-1.4044020000000002,-1.811045,0.017758000000000003,0.986188,-0.164673,-0.089739,-0.152563,0.089258,0.051105000000000005,0.017886000000000003,0.046631
2862,0.11491300000000002,-1.406457,-1.801565,0.018758,0.986527,-0.162522,-0.125549,-0.059417,0.052772,0.032708999999999995,0.042755,0.051499
2863,0.12133599999999999,-1.409382,-1.794458,0.019453,0.987001,-0.15953299999999998,-0.168984,-0.008062999999999999,0.035311,0.023486,0.041701,0.049685
2864,0.130261,-1.413269,-1.785829,0.020377000000000003,0.987618,-0.155547,-0.220059,0.035736000000000004,0.048785,0.015756,0.013099000000000001,0.033416
2865,0.142626,-1.418082,-1.774405,0.021623,0.9883620000000001,-0.150576,-0.264838,0.049711,0.055932,0.0066359999999999995,0.008860999999999999,0.012606000000000001
2866,0.154169,-1.423166,-1.762471,0.022588,0.989122,-0.14535,-0.259921,-0.052534000000000004,0.046483,0.001048,-0.011918999999999999,0.016841
2867,0.16004300000000002,-1.4294200000000001,-1.7541080000000002,0.022455000000000003,0.990023,-0.139105,-0.227365,-0.164511,0.048989,-0.014322,-0.017488999999999998,0.031668
2868,0.169154,-1.433054,-1.74099,0.023115,0.9905290000000001,-0.135347,-0.176386,-0.200969,0.064347,-0.02043,-0.003071,0.010592
2869,0.174707,-1.435108,-1.731675,0.023513,0.990808,-0.133213,-0.141014,-0.165934,0.063479,-0.009902,-0.014521000000000001,-0.015698
2870,0.182387,-1.4375120000000001,-1.720464,0.024103,0.991131,-0.130686,-0.128221,-0.18720699999999998,0.044368,0.020788,-0.001202,-0.006079
2871,0.202298,-1.440926,-1.6963279999999998,0.026019999999999998,0.9915790000000001,-0.126864,-0.118744,-0.22766399999999998,0.030604000000000003,0.037334,0.013090000000000001,0.028643000000000002
2872,0.20500900000000002,-1.442966,-1.689024,0.025952,0.991841,-0.12481300000000001,-0.10479300000000001,-0.21915199999999999,0.021075999999999998,0.043017,0.014063999999999998,0.046123000000000004
2873,0.228073,-1.4463489999999999,-1.6622580000000002,0.028064999999999996,0.992266,-0.12091199999999999,-0.122743,-0.180721,0.016634,0.049328,0.028424,0.035019999999999996
2874,0.234208,-1.449067,-1.653186,0.02818,0.9926,-0.11811400000000001,-0.158777,-0.11565999999999999,0.028049,0.056155,0.018371000000000002,0.0064659999999999995
2875,0.24571199999999999,-1.4524059999999999,-1.641507,0.028731,0.993,-0.11456600000000002,-0.192106,0.064489,0.027586000000000003,0.041277,0.00021,-0.001141
2876,0.27476799999999996,-1.456142,-1.615212,0.031039999999999998,0.993434,-0.11011199999999999,-0.223581,0.171175,0.015483000000000002,0.017818,-0.014202000000000001,0.009038
2877,0.289666,-1.4606219999999999,-1.603897,0.031406,0.9939370000000001,-0.105371,-0.23298600000000003,0.18623800000000001,-0.013444,-0.007144,0.011587,0.010218000000000001
2878,0.292489,-1.4652690000000002,-1.605092,0.030371,0.9944370000000001,-0.100858,-0.227354,0.220435,-0.045497,-0.016623,0.019188999999999998,-0.008258
2879,0.298831,-1.4699790000000001,-1.602999,0.029631,0.994922,-0.09618600000000001,-0.227392,0.194937,-0.062557,0.0026260000000000003,0.0173,-0.031331
2880,0.30391,-1.474787,-1.600652,0.028687,0.995395,-0.09146900000000001,-0.237421,0.102284,-0.060371,0.015913999999999998,0.04173,-0.033943
2881,0.31091799999999997,-1.479013,-1.595565,0.02804,0.995791,-0.08726,-0.265071,0.10352,-0.078724,0.015019999999999999,0.033002,-0.024891999999999997
2882,0.312373,-1.485422,-1.596899,0.026205000000000003,0.996358,-0.08114400000000001,-0.329718,0.153998,-0.125174,-0.002905,0.009318,0.019681999999999998
2883,0.303956,-1.4951889999999999,-1.6080430000000001,0.022607,0.997143,-0.072073,-0.377655,0.111793,-0.185277,-0.009545999999999999,0.015231999999999999,0.036398
2884,0.28271,-1.5041280000000001,-1.631161,0.018584,0.997778,-0.063975,-0.413808,0.09929500000000001,-0.225037,-0.017256,0.024544999999999997,0.046717
2885,0.241894,-1.513421,-1.6749740000000002,0.013736000000000002,0.9983540000000001,-0.055674,-0.409009,0.177206,-0.265696,-0.022419,-0.007372,0.02888
2886,0.174124,-1.5224280000000001,-1.746963,0.008376,0.9988299999999999,-0.047618,-0.399229,0.19961199999999998,-0.282748,-0.021575,-0.027441000000000004,0.024776
2887,0.073733,-1.531118,-1.8515970000000002,0.0029219999999999997,0.9992129999999999,-0.039560000000000005,-0.403406,0.224111,-0.278536,-0.026253,-0.007849,0.037943
2888,-0.06970599999999999,-1.5391350000000001,-2.000655,-0.002205,0.999499,-0.031580000000000004,-0.39776500000000004,0.31242800000000004,-0.258313,-0.041863,0.008893999999999999,0.034754
2889,-0.297435,-1.546318,-2.236375,-0.0071730000000000006,0.9997,-0.023400999999999998,-0.42808999999999997,0.44888999999999996,-0.2587,-0.051451,0.009791,0.013758000000000001
2890,-0.6965819999999999,-1.5521909999999999,-2.644874,-0.011936,0.999827,-0.014269,-0.47824700000000003,0.46496800000000005,-0.23984299999999997,-0.055310000000000005,0.0047810000000000005,-0.0016300000000000002
2891,-1.308001,-1.553604,3.018472,-0.016605,0.9998520000000001,-0.0044670000000000005,-0.502159,0.368107,-0.23881799999999997,-0.05264,0.004313,0.00732
2892,-1.846208,-1.546589,2.474529,-0.023293,0.999707,0.006581999999999999,-0.490964,0.22859699999999997,-0.258862,-0.054207000000000005,0.008243,0.036768
2893,-2.075715,-1.5375590000000001,2.241466,-0.029085000000000003,0.999448,0.016075,-0.475105,0.147777,-0.307785,-0.047941000000000004,0.017184,0.025062
2894,-2.190032,-1.5266790000000001,2.1247529999999997,-0.035913,0.999027,0.025596999999999998,-0.484716,0.098996,-0.354792,-0.029181,0.014263,-0.013268
2895,-2.243307,-1.51483,2.0692009999999996,-0.043757,0.998434,0.034845999999999995,-0.526111,0.12903699999999999,-0.372212,0.010295,0.003336,-0.058986000000000004
2896,-2.2966349999999998,-1.501959,2.012489,-0.051446000000000006,0.997632,0.045656,-0.558905,0.18245,-0.38105500000000003,0.036614999999999995,0.003696,-0.061022
2897,-2.3424720000000003,-1.490293,1.963407,-0.057638,0.996761,0.056077999999999996,-0.569869,0.140845,-0.356506,0.092443,0.027042,-0.019913999999999998
2898,-2.377208,-1.477662,1.926736,-0.064364,0.9956659999999999,0.067128,-0.550107,0.068174,-0.315683,0.134707,0.030762,0.021907
2899,-2.409773,-1.4658010000000001,1.8924560000000001,-0.070031,0.9944930000000001,0.07796900000000001,-0.5513939999999999,0.082836,-0.251617,0.146188,0.027739,0.040989
2900,-2.4489900000000002,-1.454701,1.850444,-0.073965,0.9932690000000001,0.089145,-0.585697,0.151776,-0.14619100000000002,0.17108800000000002,0.048402999999999995,0.09278600000000001
2901,-2.497077,-1.4436950000000002,1.7971700000000002,-0.076158,0.991933,0.10132999999999999,-0.663328,0.298688,-0.05505499999999999,0.15721300000000002,0.056817999999999994,0.12154000000000001
2902,-2.5482970000000003,-1.432035,1.736502,-0.077333,0.9903879999999999,0.114679,-0.7339979999999999,0.548994,0.014634000000000001,0.12056099999999999,0.018279,0.076712
2903,-2.5983099999999997,-1.4196229999999999,1.671472,-0.077852,0.9885950000000001,0.128915,-0.801529,0.793928,0.09289700000000001,0.083803,-0.035516000000000006,0.001975
2904,-2.649524,-1.4065459999999999,1.602749,-0.077251,0.986541,0.14411300000000002,-0.845448,0.834242,0.172655,0.004665,-0.050262,-0.041559
2905,-2.695591,-1.393915,1.5392569999999999,-0.075903,0.984397,0.158748,-0.764525,0.8232079999999999,0.197803,-0.10260999999999999,-0.03057,-0.097072
2906,-2.723896,-1.384089,1.494348,-0.0753,0.982621,0.169666,-0.5020859999999999,0.7554390000000001,0.134562,-0.125872,-0.026825,-0.172443
2907,-2.73381,-1.380116,1.472264,-0.075161,0.981876,0.173986,-0.12570599999999998,0.44528199999999996,0.115156,-0.06575299999999999,-0.0064269999999999996,-0.174932
2908,-2.7445049999999998,-1.381977,1.4579540000000002,-0.07259,0.982226,0.173095,0.10028200000000001,0.014837999999999999,0.203812,-0.060436000000000004,-0.011309999999999999,-0.103148
2909,-2.762969,-1.3866690000000002,1.441769,-0.067677,0.9830959999999999,0.170122,0.15781900000000001,-0.202826,0.240812,-0.061763,0.043149,-0.08354299999999999
2910,-2.794839,-1.390702,1.415878,-0.060874,0.983827,0.168461,0.08518400000000001,-0.381852,0.31851399999999996,-0.044946,0.015212,-0.058505999999999996
2911,-2.839712,-1.394207,1.379246,-0.05223,0.984449,0.167729,0.049287,-0.46085600000000004,0.39314,0.0037229999999999997,-0.029462000000000002,0.042995
2912,-2.894364,-1.39705,1.332783,-0.042305,0.984944,0.16761700000000002,0.014028,-0.42470600000000003,0.44091800000000003,0.01487,-0.040364,0.065125
2913,-2.950719,-1.39921,1.283182,-0.032393,0.9853149999999999,0.16764400000000002,0.024993,-0.344641,0.433591,0.069976,-0.032678,0.054264
2914,-3.006366,-1.401744,1.233249,-0.022682,0.9857450000000001,0.166713,0.069839,-0.322482,0.447763,0.12093399999999999,-0.008984,0.062016999999999996
2915,-3.070074,-1.404026,1.17635,-0.011862000000000001,0.9861260000000001,0.165574,0.05416,-0.427068,0.508676,0.12464000000000001,0.005299,0.08348
2916,3.140075,-1.404607,1.112517,0.000251,0.9862219999999999,0.165424,-0.021148,-0.532405,0.5424680000000001,0.06966499999999999,0.003356,0.109798
2917,3.066471,-1.4028559999999999,1.047958,0.012545,0.985931,0.166681,-0.087934,-0.451154,0.5280100000000001,-0.032351,-0.028625,0.091986
2918,3.0045669999999998,-1.399725,0.991819,0.023254,0.985403,0.16864200000000001,-0.109125,-0.249468,0.45923800000000004,-0.097259,-0.045904,0.046095
2919,2.958688,-1.396691,0.947741,0.031508,0.9848819999999999,0.170337,-0.070491,-0.061711,0.358854,-0.11343199999999999,-0.06465499999999999,-0.001773
2920,2.926116,-1.395233,0.9156290000000001,0.037344999999999996,0.9846280000000001,0.170624,0.022801,-0.071163,0.24415,-0.07549199999999999,-0.064066,-0.037597000000000005
2921,2.899275,-1.396503,0.892122,0.041611,0.984849,0.168346,0.157827,-0.26303000000000004,0.156676,-0.040633999999999997,-0.054230999999999994,-0.037822
2922,2.872918,-1.399838,0.872291,0.045161,0.9854219999999999,0.164024,0.217308,-0.368512,0.110225,-0.028314999999999996,-0.035044,-0.01699
2923,2.8485009999999997,-1.403052,0.8549129999999999,0.048237,0.985964,0.159839,0.171673,-0.339492,0.0853,-0.000446,0.01103,0.009365
2924,2.832027,-1.404541,0.8444200000000001,0.050416,0.9862110000000001,0.15762400000000001,0.045076,-0.300532,0.042705,0.028869,0.037577,0.040923
2925,2.82785,-1.403651,0.846578,0.051345,0.9860639999999999,0.158247,-0.10194500000000001,-0.323176,-0.027726999999999998,0.010042,0.058461,0.053438
2926,2.833329,-1.400779,0.857298,0.051336,0.985582,0.161224,-0.18876199999999999,-0.19283599999999998,-0.04666,-0.020878999999999998,0.04312,0.060334000000000006
2927,2.865469,-1.39431,0.890704,0.047866000000000006,0.984467,0.16892100000000002,-0.13981500000000002,0.010491,-0.054063,-0.035399,0.026565,0.06643099999999999
2928,2.879669,-1.393456,0.901224,0.04568,0.984316,0.170396,-0.013449000000000001,0.311691,-0.09522699999999999,-0.024959000000000002,0.01695,0.057554999999999995
2929,2.896141,-1.395945,0.907958,0.042272000000000004,0.9847520000000001,0.168748,0.139351,0.5796939999999999,-0.11586700000000001,0.015925,0.048817,-0.001085
2930,2.912665,-1.4004940000000001,0.9132440000000001,0.038461,0.985534,0.16505799999999998,0.242434,0.524863,-0.079825,0.05532,0.126023,-0.059681
2931,2.918812,-1.4055879999999998,0.9115969999999999,0.036336,0.986384,0.160394,0.24644499999999997,0.290248,-0.019676,0.068874,0.12853,-0.0897
2932,2.912563,-1.4097540000000002,0.904547,0.036404,0.9870610000000001,0.15616,0.194231,-0.12945299999999998,0.02109,0.063861,0.115494,-0.078798
2933,2.89677,-1.412598,0.896609,0.038185000000000004,0.987513,0.152842,0.12947899999999998,-0.526593,0.025419,0.000572,-0.017359,0.003972
2934,2.903223,-1.412823,0.914688,0.037146,0.987548,0.152869,0.102604,-0.594579,0.000742,-0.075338,-0.065292,0.05475700000000001
2935,2.8950720000000003,-1.414599,0.9163899999999999,0.037962,0.987826,0.15086,0.070663,-0.401416,-0.05848099999999999,-0.07977100000000001,-0.06666799999999999,0.093128
2936,2.898455,-1.41679,0.9235450000000001,0.036931,0.9881639999999999,0.148887,0.121397,-0.057409,-0.083137,-0.025349,-0.021490000000000002,0.05703
2937,2.895983,-1.419359,0.9198540000000001,0.036681,0.988555,0.146331,0.248969,0.108214,-0.053613,0.06384400000000001,0.041291,-0.030242
2938,2.889889,-1.42565,0.911841,0.036022000000000005,0.9894850000000001,0.140079,0.357309,0.058601,0.0048920000000000005,0.068638,0.034395,-0.042727999999999995
2939,2.866925,-1.4332200000000002,0.889408,0.037197,0.9905510000000001,0.132002,0.43416000000000005,-0.096433,0.080403,0.055438999999999995,0.025486,-0.048994
2940,2.807085,-1.446076,0.8330360000000001,0.040839999999999994,0.992232,0.117503,0.488854,-0.221471,0.13329000000000002,-0.034569,-0.016326,-0.080683
2941,2.749346,-1.454458,0.7797430000000001,0.044372,0.99324,0.10726,0.504646,-0.242934,0.159065,-0.056289,-0.019562,-0.075675
2942,2.681191,-1.461765,0.715802,0.048347,0.9940620000000001,0.097484,0.464081,-0.22265500000000002,0.184393,-0.072349,-0.017377,-0.063
2943,2.604552,-1.467667,0.643123,0.052667,0.9946870000000001,0.08845399999999999,0.43413199999999996,-0.21837399999999998,0.20554299999999998,-0.06110499999999999,0.0032530000000000002,-0.037795
2944,2.5154349999999996,-1.47276,0.557764,0.05736,0.9951979999999999,0.07931,0.463999,-0.197262,0.22815700000000003,-0.050875,-0.000386,-0.034098
2945,2.404832,-1.477508,0.449745,0.06258899999999999,0.9956520000000001,0.068994,0.535609,-0.130554,0.26702800000000004,-0.039564,-0.013397999999999998,-0.030633999999999998
2946,2.269525,-1.481203,0.316643,0.068506,0.9959889999999999,0.057553,0.575857,-0.16278499999999999,0.300465,0.020193,-0.020998,-0.06335199999999999
2947,2.11733,-1.4829459999999999,0.169605,0.07495700000000001,0.996144,0.0456,0.578036,-0.378027,0.31250700000000003,0.020929,-0.016423,-0.060842999999999994
2948,1.963137,-1.482434,0.025904000000000003,0.08154199999999999,0.996099,0.033742,0.5267390000000001,-0.651556,0.29540700000000003,0.009126,-0.009679,-0.048924
2949,1.8290099999999998,-1.480393,-0.09263400000000001,0.087288,0.995916,0.023053999999999998,0.43729799999999996,-0.89607,0.248094,-0.07999400000000001,0.010019,-0.01959
2950,1.712522,-1.478018,-0.189143,0.09171599999999999,0.995699,0.013086000000000002,0.400559,-1.072483,0.17435599999999998,-0.091212,0.017332,-0.010523000000000001
2951,1.6021729999999998,-1.476065,-0.27931500000000004,0.09454299999999999,0.995516,0.002967,0.425922,-0.950881,0.11242100000000001,-0.073837,0.010754999999999999,0.004296
2952,1.490769,-1.473822,-0.377722,0.096513,0.995302,-0.00774,0.5059739999999999,-0.483442,0.097426,0.017943,0.009261,-0.011608
2953,1.378778,-1.4701170000000001,-0.48598900000000006,0.098662,0.994936,-0.019181,0.5716829999999999,-0.08215900000000001,0.12194,0.09149299999999999,0.024183,-0.021789
2954,1.2860989999999999,-1.464863,-0.578964,0.101479,0.994394,-0.029698000000000002,0.473742,-0.004175,0.152134,0.086234,0.026677999999999997,0.016194
2955,1.2360149999999999,-1.459776,-0.62847,0.10464100000000001,0.9938440000000001,-0.036402,0.24616999999999997,-0.068396,0.159173,-0.017056,0.039802,0.077967
2956,1.217301,-1.456007,-0.6461210000000001,0.107456,0.993419,-0.03965,0.126931,-0.035927,0.134797,-0.068973,0.048589,0.094689
2957,1.20448,-1.4528450000000002,-0.659385,0.10987100000000001,0.993052,-0.04215,0.132711,0.041904000000000004,0.113373,-0.10428599999999999,0.030111000000000002,0.059087
2958,1.18858,-1.449985,-0.675519,0.111822,0.992711,-0.044951,0.145254,-0.04219,0.086863,-0.073888,0.0227,-0.005464
2959,1.168733,-1.4476959999999999,-0.692226,0.112998,0.992433,-0.04805,0.126389,-0.234816,0.056,-0.071509,0.021376,-0.042388999999999996
2960,1.149507,-1.446153,-0.705233,0.11345,0.992242,-0.050838999999999995,0.092904,-0.35389899999999996,0.028145,-0.11378599999999998,0.018698,-0.07974500000000001
2961,1.1281370000000002,-1.445054,-0.718715,0.11332300000000001,0.9921049999999999,-0.053719,0.114049,-0.418865,0.005943,-0.116726,0.037451,-0.048225
2962,1.097412,-1.443986,-0.741167,0.11256300000000001,0.99197,-0.057658,0.169689,-0.416792,-0.027854000000000004,-0.103682,0.03342,-0.027302999999999997
2963,1.061309,-1.4432129999999999,-0.7694300000000001,0.111077,0.991872,-0.06205700000000001,0.170977,-0.40386700000000003,-0.06418099999999999,-0.010095,0.008128,0.003433
2964,1.027706,-1.443158,-0.794296,0.108977,0.991865,-0.06578300000000001,0.11621500000000001,-0.47590699999999997,-0.076068,0.040879,-0.0042710000000000005,0.00725
2965,1.001566,-1.443396,-0.8106800000000001,0.107022,0.9918950000000001,-0.068481,0.068092,-0.48539099999999996,-0.060369000000000006,0.040438999999999996,-0.0035380000000000003,0.009567
2966,0.9812379999999999,-1.443599,-0.822793,0.105439,0.9919209999999999,-0.07053,0.05146799999999999,-0.370346,-0.044608999999999996,0.011489,0.032981,0.013508000000000001
2967,0.966339,-1.443851,-0.8322149999999999,0.104171,0.9919530000000001,-0.071951,0.033921,-0.23501100000000003,-0.040632,0.0053560000000000005,0.02532,0.013311000000000002
2968,0.9560569999999999,-1.444252,-0.838643,0.103101,0.9920040000000001,-0.07278899999999999,0.013895,-0.17849,-0.038708,0.012790000000000001,0.027587999999999998,0.015431
2969,0.9479110000000001,-1.4447809999999999,-0.8439549999999999,0.102079,0.9920709999999999,-0.073321,0.016302,-0.12095999999999998,-0.041969,0.01726,0.011317,-0.004499
2970,0.93879,-1.4450120000000002,-0.85125,0.10122,0.9921,-0.074113,0.039897,-0.08379600000000001,-0.032238,0.011405,-0.035892,-0.020507
2971,0.927369,-1.4446370000000002,-0.8604379999999999,0.10066599999999999,0.992052,-0.075488,0.070467,-0.144709,-0.010582,-0.01015,-0.02727,-0.023572
2972,0.8936799999999999,-1.444152,-0.8900680000000001,0.098441,0.991991,-0.079137,0.108428,-0.232246,0.0026100000000000003,-0.021079,-0.006533,-0.014216
2973,0.8726860000000001,-1.442266,-0.9058809999999999,0.098191,0.991751,-0.082388,0.15299200000000002,-0.276121,0.013659000000000001,-0.023881,-0.005011,-0.009347
2974,0.835367,-1.439598,-0.937735,0.09701,0.9914059999999999,-0.087769,0.170032,-0.271966,0.025521000000000002,-0.01475,-0.012921,-0.015182
2975,0.815204,-1.436872,-0.9526629999999999,0.097188,0.9910459999999999,-0.09156,0.161459,-0.268788,0.037208,-0.001607,0.007017,-0.014687
2976,0.797334,-1.434049,-0.965084,0.097538,0.990665,-0.095237,0.154948,-0.282656,0.047862,0.00932,0.017911,-0.009851
2977,0.781573,-1.431334,-0.9753809999999999,0.09791799999999999,0.990291,-0.09867000000000001,0.136888,-0.268731,0.044514,0.006756999999999999,0.018254,-0.010643999999999999
2978,0.7609600000000001,-1.428498,-0.9911110000000001,0.0978,0.989893,-0.102701,0.114731,-0.22917800000000002,0.029352999999999997,-0.007254999999999999,0.012472,-0.017187
2979,0.738575,-1.426014,-1.0091299999999999,0.09713200000000001,0.9895370000000001,-0.106682,0.099952,-0.213075,0.011068000000000001,-0.005381,0.017436,-0.020484
2980,0.72549,-1.424597,-1.018297,0.09665900000000001,0.989332,-0.10899400000000001,0.094819,-0.18953499999999998,-0.010362,0.001242,0.024401,-0.022796
2981,0.697789,-1.419793,-1.042789,0.09665499999999999,0.9886209999999999,-0.11526900000000001,0.07598099999999999,-0.142468,-0.042595999999999995,0.010889,0.015637,-0.032436
2982,0.683878,-1.419589,-1.054358,0.09517,0.98859,-0.11675899999999999,0.059141,-0.117801,-0.069451,0.01535,0.009640000000000001,-0.030656
2983,0.667592,-1.4163270000000001,-1.068582,0.095252,0.988093,-0.120826,0.054979999999999994,-0.10496400000000002,-0.079105,0.017662999999999998,0.006749,-0.018945
2984,0.65873,-1.4150049999999998,-1.07569,0.094976,0.9878889999999999,-0.122697,0.06142,-0.089036,-0.071599,0.036233999999999995,-0.001027,-0.0071400000000000005
2985,0.6641729999999999,-1.411584,-1.069549,0.097726,0.987352,-0.124839,0.05635,-0.020878,-0.062097,0.035193,-0.011034,-0.006417
2986,0.655125,-1.411628,-1.079137,0.096565,0.987359,-0.125683,0.03952,0.035628,-0.059083000000000004,0.035423,-0.00744,-0.012209999999999999
2987,0.653648,-1.409311,-1.0811520000000001,0.09777000000000001,0.9869899999999999,-0.127641,0.041468,0.002564,-0.050475,0.01754,0.006509999999999999,-0.011519
2988,0.641861,-1.408811,-1.0926200000000001,0.096555,0.986909,-0.129181,0.058396,-0.031575,-0.05245,-0.002637,-0.000688,-0.008133
2989,0.627943,-1.408258,-1.1058219999999999,0.095068,0.98682,-0.13095299999999999,0.058373,-0.044329,-0.059911,0.001169,0.011273,-0.004728
2990,0.6173310000000001,-1.407534,-1.11532,0.094087,0.9867020000000001,-0.13253800000000002,0.073142,-0.07848200000000001,-0.056559000000000005,0.013091,0.013908000000000002,-0.007492
2991,0.606472,-1.4061489999999999,-1.12432,0.093421,0.986476,-0.134674,0.09002,-0.117969,-0.053184,0.005639,0.006795000000000001,0.004547
2992,0.5939180000000001,-1.405349,-1.134691,0.092165,0.986345,-0.136491,0.10391700000000001,-0.113747,-0.05522899999999999,0.004408,0.002471,0.010529
2993,0.582991,-1.404887,-1.1444940000000001,0.090919,0.9862690000000001,-0.13787,0.092544,-0.032746,-0.055412,0.001977,0.000609,0.019508
2994,0.594249,-1.4050340000000001,-1.133744,0.092383,0.986293,-0.136717,0.078821,0.015186000000000002,-0.041678,0.025491,-0.002269,0.026167000000000003
2995,0.591696,-1.4042729999999999,-1.1362139999999998,0.092453,0.986167,-0.137576,0.092352,-0.043515,-0.025484,0.019485,-0.002402,0.024356
2996,0.585133,-1.403194,-1.1414739999999999,0.092136,0.9859879999999999,-0.139066,0.115625,-0.08409,-0.022064,0.009076,-0.001033,0.023756
2997,0.559797,-1.403137,-1.165301,0.088613,0.985978,-0.141404,0.113626,-0.068048,-0.035992,-0.039938,-0.007095999999999999,0.000566
2998,0.541234,-1.402626,-1.182527,0.086233,0.985893,-0.143456,0.081678,-0.074251,-0.055438,-0.034933,0.004449,-0.00074
2999,0.527938,-1.402425,-1.1942139999999999,0.08441699999999999,0.985859,-0.144761,0.044391,-0.104843,-0.098388,-0.026282,0.022594,-0.004043
3000,0.517904,-1.405402,-1.2005379999999999,0.08150700000000001,0.9863540000000001,-0.14305,0.034263999999999996,-0.273968,-0.152722,0.017766,0.081441,0.074141
3001,0.488878,-1.405471,-1.2236850000000001,0.077289,0.9863649999999999,-0.145295,0.124001,-0.27311399999999997,-0.177733,0.039303,0.07418200000000001,0.08204700000000001
3002,0.461769,-1.405723,-1.25016,0.073212,0.9864059999999999,-0.14711400000000002,0.038344,0.102289,-0.20979099999999998,0.050766000000000006,0.048704000000000004,0.050114
3003,0.47513299999999997,-1.406089,-1.242201,0.07500599999999999,0.986466,-0.145801,-0.058086,0.265546,-0.19357,0.16651,-0.030061,0.033039
3004,0.46638599999999997,-1.407448,-1.255087,0.073125,0.9866879999999999,-0.145255,0.028294999999999997,0.143306,-0.068896,0.155757,-0.056329,0.047599
3005,0.466084,-1.405664,-1.2569629999999998,0.07387200000000001,0.986397,-0.146849,0.115809,0.054013,0.073903,0.100582,-0.078575,0.043257
3006,0.47037399999999996,-1.401838,-1.254102,0.076212,0.9857600000000001,-0.149894,0.187313,0.09940800000000001,0.11493699999999998,-0.112497,-0.063153,-0.041253
3007,0.471462,-1.396617,-1.2557479999999999,0.078711,0.9848690000000001,-0.154394,0.267624,0.148199,0.098344,-0.129477,-0.049231,-0.05468200000000001
3008,0.46801800000000005,-1.3904379999999998,-1.261207,0.080923,0.9837790000000001,-0.160092,0.308719,0.037252999999999994,0.101978,-0.132329,-0.033538,-0.056628
3009,0.46199399999999996,-1.3838979999999999,-1.264774,0.08282300000000001,0.982585,-0.16633299999999998,0.301014,-0.229134,0.12576600000000002,-0.136915,0.025624,-0.00307
3010,0.45267399999999997,-1.377793,-1.26742,0.083891,0.981433,-0.172489,0.274834,-0.381279,0.10120900000000001,-0.148298,0.045713,0.010379000000000001
3011,0.43971800000000005,-1.372554,-1.2725,0.083837,0.9804139999999999,-0.17821099999999998,0.242972,-0.40226,0.047602,-0.152425,0.054390999999999995,0.024569999999999998
3012,0.426461,-1.368737,-1.278746,0.08301499999999999,0.9796549999999999,-0.18271300000000001,0.166728,-0.309177,0.012767,-0.082786,0.061772,0.032566000000000005
3013,0.419155,-1.366625,-1.2816049999999999,0.08251900000000001,0.9792290000000001,-0.185204,0.075472,-0.187462,0.023724000000000002,-0.054015999999999995,0.06016900000000001,0.023735
3014,0.416671,-1.365558,-1.280373,0.082482,0.9790120000000001,-0.186364,0.030539,-0.202271,0.036248,-0.035897000000000005,0.041907,-0.020377000000000003
3015,0.413404,-1.36475,-1.278357,0.08219,0.9788479999999999,-0.187356,0.030077999999999997,-0.294784,0.032224,-0.05654,0.03458,-0.036491
3016,0.40734699999999996,-1.364013,-1.278023,0.08134,0.9786959999999999,-0.18851300000000001,0.032178,-0.326651,0.00771,-0.107386,0.015550999999999999,-0.063959
3017,0.398466,-1.363552,-1.280369,0.079838,0.9786020000000001,-0.189644,0.030164999999999997,-0.332903,-0.025411000000000003,-0.11125499999999999,-0.007532,-0.06476599999999999
3018,0.387367,-1.362959,-1.284357,0.077947,0.9784799999999999,-0.191056,0.051248,-0.384131,-0.019857,-0.066213,-0.017557,-0.038147
3019,0.376173,-1.3617489999999999,-1.2865010000000001,0.076238,0.9782290000000001,-0.193017,0.07083300000000001,-0.5004609999999999,0.016748,-0.053426,-0.019489,-0.02352
3020,0.365985,-1.359939,-1.285886,0.074901,0.977852,-0.195437,0.086452,-0.5517850000000001,0.051106,-0.058559,-0.008965,-0.003889
3021,0.35779099999999997,-1.357985,-1.2829620000000002,0.07396599999999999,0.977441,-0.19783299999999998,0.074659,-0.547551,0.06811,-0.072059,0.007895000000000001,0.010929000000000001
3022,0.351225,-1.356306,-1.278355,0.07323099999999999,0.977085,-0.199856,0.05535,-0.561371,0.07760700000000001,-0.076221,0.028485000000000003,0.012066
3023,0.336086,-1.356196,-1.281684,0.070232,0.9770620000000001,-0.201043,0.043595,-0.5783229999999999,0.064723,-0.070858,0.033955,0.015358000000000002
3024,0.328559,-1.355221,-1.277862,0.069024,0.9768530000000001,-0.202467,0.025684,-0.544107,0.048530000000000004,-0.059990999999999996,0.019927,0.018126
3025,0.322152,-1.354691,-1.274033,0.067889,0.9767399999999999,-0.203396,0.005658,-0.49183000000000004,0.046187,-0.047733,0.016836,0.012126999999999999
3026,0.309774,-1.355326,-1.2766899999999999,0.065177,0.976876,-0.20363,-0.000633,-0.46518400000000004,0.048241,-0.039649000000000004,0.027915,-0.00595
3027,0.304722,-1.3549870000000002,-1.272856,0.064247,0.9768030000000001,-0.204273,0.003855,-0.422563,0.041809,-0.042031,0.012042,-0.012128
3028,0.279092,-1.3551360000000001,-1.290032,0.058950999999999996,0.976835,-0.20571199999999998,-0.013999000000000001,-0.37556999999999996,0.026659,-0.042304,0.012865000000000001,-0.014624000000000002
3029,0.260828,-1.3545280000000002,-1.300917,0.055338,0.9767049999999999,-0.20732899999999999,-0.026662,-0.340393,0.031861,-0.027323000000000004,0.029276,-0.029182999999999997
3030,0.25806799999999996,-1.355018,-1.296827,0.054643,0.9768100000000001,-0.207017,-0.03734,-0.33612,0.038189999999999995,-0.021806,0.023175,-0.027693000000000002
3031,0.25198400000000004,-1.355082,-1.296374,0.053367,0.976824,-0.20728600000000003,-0.029693,-0.293549,0.041392,-0.016273,0.008711,-0.016102
3032,0.250711,-1.355342,-1.2927629999999999,0.05304,0.976879,-0.207108,-0.018607,-0.210457,0.031749,-0.013687999999999999,-0.012584999999999999,-0.012512
3033,0.24767600000000004,-1.355342,-1.292084,0.052411,0.976879,-0.20726799999999998,-0.018381,-0.165694,0.026351,-0.009031,0.024265000000000002,-0.013541999999999998
3034,0.24037600000000003,-1.3560649999999999,-1.296065,0.050729,0.9770340000000001,-0.206959,-0.027843,-0.149623,0.011306,-0.0187,0.022905000000000002,-0.00259
3035,0.230803,-1.357129,-1.303305,0.048507,0.97726,-0.206423,-0.02531,-0.068641,0.0037380000000000004,-0.022506,0.020711,-0.000685
3036,0.226174,-1.358559,-1.30748,0.047238,0.977562,-0.20528200000000002,-0.035657999999999995,0.011257,0.012105,-0.017102000000000003,0.011940000000000001,0.004828
3037,0.225561,-1.359812,-1.3082209999999999,0.046838,0.977825,-0.204118,-0.052842999999999994,0.000604,0.026951,-0.012613,0.009205,0.001115
3038,0.225791,-1.361004,-1.306883,0.046624,0.978074,-0.202971,-0.048916,-0.072923,0.029207999999999998,-0.018272999999999998,0.005156,0.00392
3039,0.217371,-1.362174,-1.3137219999999998,0.044666000000000004,0.978317,-0.202238,-0.035901999999999996,-0.046256,0.008964,-0.056964999999999995,0.007065000000000001,-0.000978
3040,0.20438,-1.363639,-1.3265129999999998,0.041745,0.97862,-0.201398,-0.039776,0.034744,0.002416,-0.036343,0.011401,0.001234
3041,0.20380399999999999,-1.365026,-1.327733,0.041354,0.9789040000000001,-0.200093,-0.053730999999999994,0.031532,0.018344,-0.023348,0.015222,0.005101
3042,0.208125,-1.366208,-1.3241450000000001,0.041979,0.979145,-0.19877899999999998,-0.04834,0.061273,0.035435,-0.007859999999999999,0.020123,-0.004117
3043,0.214919,-1.3671799999999998,-1.319879,0.043126,0.979342,-0.19755999999999999,-0.06272,0.175347,0.025574,-0.009007,0.019926,-0.005336
3044,0.21842199999999998,-1.368293,-1.320805,0.043581,0.9795659999999999,-0.19634400000000002,-0.06337899999999999,0.2468,0.006248,-0.022982,-0.009733,-0.006537
3045,0.214457,-1.369587,-1.3293979999999999,0.042532,0.979826,-0.195276,-0.062301,0.225584,-0.017222,-0.027441000000000004,-0.000745,-0.002844
3046,0.21271700000000002,-1.371146,-1.334323,0.04187,0.980136,-0.193856,-0.059527,0.12333699999999999,-0.024551,-0.023987,0.010907,0.0010609999999999999
3047,0.21138,-1.373215,-1.337148,0.041185,0.9805440000000001,-0.191929,-0.090907,0.065759,0.015893,-0.043764,0.051972000000000004,0.006031
3048,0.219061,-1.3748850000000001,-1.330993,0.042302,0.9808709999999999,-0.19000799999999998,-0.084573,0.091141,0.056498,-0.046117,-0.016912,0.00765
3049,0.224985,-1.376486,-1.325207,0.043077,0.981181,-0.188223,-0.099941,-0.037572,0.02344,-0.036683,0.00043200000000000004,0.005759
3050,0.223311,-1.378349,-1.3238290000000001,0.042357,0.9815389999999999,-0.18651199999999998,-0.073041,-0.21454099999999998,0.033467000000000004,-0.020368999999999998,0.000364,0.001789
3051,0.22315700000000002,-1.379283,-1.318642,0.042125,0.9817170000000001,-0.185625,-0.053025,-0.266827,0.037947,-0.037531999999999996,0.017947,0.01845
3052,0.218311,-1.381029,-1.318034,0.040854,0.9820479999999999,-0.184153,-0.07332000000000001,-0.264656,0.045277,-0.031301999999999996,0.025322,0.008112000000000001
3053,0.22119699999999998,-1.382478,-1.309815,0.041073,0.9823200000000001,-0.182646,-0.093614,-0.248691,0.06648,-0.022595,0.010523000000000001,0.004424
3054,0.225913,-1.383772,-1.300662,0.041649,0.982562,-0.18121199999999998,-0.07099,-0.19658399999999998,0.069775,0.005852,-0.010516,0.0031260000000000003
3055,0.23507199999999998,-1.3843379999999998,-1.287399,0.043177,0.982667,-0.180282,-0.033741,-0.21483200000000002,0.072197,0.021672999999999998,-0.015472999999999999,0.007018000000000001
3056,0.238608,-1.384508,-1.278945,0.043775,0.982698,-0.179965,-0.030704000000000002,-0.25000100000000003,0.07333200000000001,0.018969,0.007612000000000001,0.011035
3057,0.241398,-1.385092,-1.2709709999999999,0.04414,0.982806,-0.179285,-0.050888,-0.24242600000000003,0.06143099999999999,-0.000576,0.02197,0.015314
3058,0.240294,-1.387038,-1.26706,0.043487,0.9831639999999999,-0.177476,-0.072107,-0.24118499999999998,0.035642,-0.01715,0.024481,0.017426
3059,0.24266,-1.388333,-1.260686,0.043601,0.9834,-0.176137,-0.08673600000000001,-0.17083299999999998,0.037586,-0.002188,0.025144999999999997,0.015691
3060,0.249683,-1.39052,-1.250961,0.044305000000000004,0.9837940000000001,-0.173742,-0.082245,-0.114415,0.043955,0.016364,-0.01036,0.019155000000000002
3061,0.25513600000000003,-1.391508,-1.242902,0.045006,0.9839709999999999,-0.172557,-0.061095000000000003,-0.13375399999999998,0.06656000000000001,0.015373,-0.002892,0.014888
3062,0.25845500000000005,-1.392461,-1.2361870000000001,0.045339,0.98414,-0.1715,-0.07516,-0.181625,0.062249,-0.010793,0.014119999999999999,-0.006952
3063,0.26165900000000003,-1.3938059999999999,-1.228372,0.045545999999999996,0.9843780000000001,-0.170075,-0.082839,-0.24756799999999998,0.043052,-0.027968,0.004117,-0.009323
3064,0.2615,-1.39516,-1.223012,0.045174,0.9846159999999999,-0.168795,-0.073309,-0.287984,0.018602,-0.045449,-0.006436,0.00313
3065,0.255105,-1.39715,-1.2228290000000002,0.043599,0.9849610000000001,-0.167184,-0.053261,-0.35085,0.004934,-0.016149,-0.015036,0.01986
3066,0.250305,-1.397938,-1.219781,0.042604,0.9850969999999999,-0.166639,-0.042996,-0.409421,0.025496,-0.004075,-0.011602,0.017575999999999998
3067,0.2476,-1.398539,-1.2134770000000001,0.042008,0.9852,-0.166179,-0.042356,-0.474525,0.05549400000000001,0.000701,-0.000307,0.0036729999999999996
3068,0.23929099999999998,-1.399015,-1.210982,0.040514999999999995,0.985282,-0.16606700000000002,-0.031056,-0.558773,0.068497,-0.025606999999999998,0.003213,-0.00448
3069,0.229629,-1.399039,-1.2090459999999998,0.038903,0.9852860000000001,-0.166428,-0.006508,-0.5641550000000001,0.061196,-0.026345,0.004521,-0.006958
3070,0.22011799999999998,-1.398255,-1.2077120000000001,0.037487,0.985152,-0.167543,0.011856,-0.514151,0.06125800000000001,-0.00468,-0.0061329999999999996,-0.005979
3071,0.22384600000000002,-1.397055,-1.193733,0.038374,0.9849450000000001,-0.16855499999999998,0.017099,-0.517433,0.078394,0.021899000000000002,-0.00556,-0.000314
3072,0.232398,-1.395907,-1.174548,0.040074,0.9847459999999999,-0.169322,0.015888,-0.535593,0.0923,0.028087,0.010753,-0.000524
3073,0.231812,-1.395263,-1.164482,0.040119999999999996,0.984634,-0.169962,0.008520999999999999,-0.514257,0.091153,0.025065,0.012269,-0.006338
3074,0.23527399999999998,-1.394275,-1.1512209999999998,0.040935,0.984461,-0.170768,0.005594,-0.467318,0.077187,0.025639,0.0036829999999999996,-0.00953
3075,0.24390599999999998,-1.392919,-1.133992,0.042730000000000004,0.9842219999999999,-0.171704,-0.006915999999999999,-0.41290200000000005,0.066353,0.027658999999999996,-0.001983,-0.007847
3076,0.25144,-1.392399,-1.1185,0.04415,0.9841290000000001,-0.171873,-0.015327,-0.39154,0.059861000000000004,0.024804,0.006899,-0.000155
3077,0.256762,-1.392313,-1.105831,0.045086,0.9841139999999999,-0.171717,-0.019341,-0.350981,0.04376,0.017613,0.003954,0.000331
3078,0.259337,-1.391865,-1.09723,0.045641,0.984034,-0.172026,-0.02,-0.266795,0.037241,0.014998,0.0020039999999999997,-0.012636
3079,0.26216100000000003,-1.390781,-1.08999,0.046403,0.983841,-0.172927,-0.019715,-0.197578,0.043566,0.010848,0.003708,-0.022599
3080,0.266515,-1.389583,-1.082093,0.047466,0.983626,-0.173861,-0.015319999999999999,-0.16883499999999999,0.044631,0.017628,0.025636000000000003,-0.025511000000000002
3081,0.271857,-1.38819,-1.073357,0.048761,0.983374,-0.174924,-0.005697,-0.164607,0.044695,0.0221,0.008524,-0.020388999999999997
3082,0.27902,-1.386706,-1.063317,0.050414999999999995,0.9831030000000001,-0.175973,0.003012,-0.12734700000000002,0.043644,0.025986000000000002,0.0012720000000000001,-0.016746
3083,0.284771,-1.3858780000000002,-1.055641,0.05165499999999999,0.982951,-0.17646099999999998,0.0064340000000000005,-0.078356,0.043607,0.02766,-0.002361,-0.008781
3084,0.29427600000000004,-1.385101,-1.045251,0.053551,0.982808,-0.17669300000000002,0.0034969999999999997,-0.023998,0.039247000000000004,0.023566999999999998,0.006572,-0.0013310000000000002
3085,0.29731199999999997,-1.3850129999999998,-1.0423850000000001,0.054113,0.982792,-0.17661300000000002,-0.008961,0.030465,0.016658000000000003,0.018626,0.012661,0.004723
3086,0.301619,-1.3866370000000001,-1.039284,0.054399,0.9830909999999999,-0.174854,-0.020291999999999998,0.07649199999999999,-0.028346,0.006758,0.034533,0.023075
3087,0.304991,-1.389138,-1.038884,0.05425,0.9835450000000001,-0.172323,-0.04844,0.187526,-0.06500399999999999,0.020778,0.034963,0.029593
3088,0.30464,-1.391002,-1.044638,0.053639,0.98388,-0.170594,-0.089434,0.30704899999999996,-0.082535,0.027248,0.03028,0.030823000000000003
3089,0.306521,-1.393678,-1.049942,0.053165,0.9843559999999999,-0.167981,-0.124305,0.379619,-0.085008,0.029492,0.018925,0.024991
3090,0.312756,-1.396914,-1.0523360000000002,0.053230999999999994,0.9849209999999999,-0.164615,-0.13462000000000002,0.45954700000000004,-0.084114,-3.9e-05,0.013645,0.0031309999999999997
3091,0.318585,-1.4001059999999999,-1.057285,0.053204999999999995,0.985468,-0.16131600000000001,-0.142561,0.58106,-0.09500700000000001,-0.0062380000000000005,0.014303,-0.007859
3092,0.32408200000000004,-1.4032149999999999,-1.064231,0.053114999999999996,0.985991,-0.158115,-0.137034,0.622591,-0.09609,-0.008605,0.012605,-0.01611
3093,0.32597,-1.405243,-1.074324,0.052773,0.9863270000000001,-0.15612,-0.122267,0.58525,-0.094872,-0.002434,0.00022999999999999998,-0.012062999999999999
3094,0.330823,-1.407545,-1.081007,0.052792,0.9867040000000001,-0.15371400000000002,-0.101063,0.571263,-0.078682,-0.002148,0.001196,-0.016131
3095,0.33875700000000003,-1.4093,-1.084714,0.053435,0.9869879999999999,-0.151657,-0.09151799999999999,0.582849,-0.054061,0.0038929999999999998,-0.004108,-0.017228
3096,0.350514,-1.410102,-1.084646,0.054942,0.987116,-0.150275,-0.086325,0.582703,-0.021977,0.007314,-0.008158,-0.023446
3097,0.363473,-1.410735,-1.082897,0.056663,0.987217,-0.14896700000000002,-0.05885800000000001,0.552655,0.009231999999999999,0.001275,-0.006642,-0.026510000000000002
3098,0.37808400000000003,-1.410764,-1.079351,0.058823,0.9872219999999999,-0.148096,-0.034395,0.559928,0.033963,-0.0012050000000000001,-0.002084,-0.023855
3099,0.397819,-1.409029,-1.0705040000000001,0.062397,0.986944,-0.14848499999999998,-0.0207,0.5438069999999999,0.057583,0.013041999999999998,-0.001715,-0.022993
3100,0.41765399999999997,-1.408307,-1.061699,0.06561900000000001,0.986828,-0.14787,-0.019574,0.568258,0.069311,0.009988,-0.001888,-0.018573
3101,0.43973,-1.407533,-1.051044,0.06919199999999999,0.9867020000000001,-0.147076,-0.027055000000000003,0.582064,0.08633300000000001,0.008017,-0.0009539999999999999,-0.019641
3102,0.459718,-1.407235,-1.042529,0.072248,0.9866540000000001,-0.145927,-0.048425,0.579987,0.091526,-0.016981,0.022685,-0.004463
3103,0.47815699999999994,-1.4078600000000001,-1.0352940000000002,0.074643,0.9867549999999999,-0.144023,-0.046267,0.573634,0.079797,-0.030697000000000002,0.018311,-0.001287
3104,0.494584,-1.4080059999999999,-1.030126,0.07693,0.9867790000000001,-0.14265,-0.033382999999999996,0.5747220000000001,0.062792,-0.030986,0.006965000000000001,-0.011798999999999999
3105,0.507189,-1.4079959999999998,-1.028931,0.07872699999999999,0.986777,-0.141678,-0.041854,0.580112,0.054178,-0.018149000000000002,0.0022670000000000004,-0.013977000000000002
3106,0.525014,-1.408299,-1.02193,0.08109,0.986826,-0.139994,-0.049589999999999995,0.522605,0.056333,-0.01122,0.002905,-0.00997
3107,0.5434899999999999,-1.4086299999999998,-1.013097,0.083494,0.98688,-0.138192,-0.028455,0.482033,0.060805,-0.00282,0.00134,0.0048460000000000005
3108,0.558975,-1.408626,-1.00769,0.085625,0.9868790000000001,-0.13688599999999998,-0.039912,0.539615,0.056378,-0.009041,0.004728,-0.007294
3109,0.578486,-1.408764,-0.9995729999999999,0.08820499999999999,0.986901,-0.135075,-0.058865,0.590832,0.051905999999999994,-0.003397,0.008094,-0.014965000000000001
3110,0.59929,-1.408719,-0.990712,0.091021,0.986894,-0.133248,-0.047033,0.605731,0.045561000000000004,0.009642,0.002241,-0.0061259999999999995
3111,0.621287,-1.408426,-0.980678,0.094098,0.9868469999999999,-0.131449,-0.022524000000000002,0.597132,0.043608999999999995,0.013231999999999999,-0.004059,0.0034119999999999997
3112,0.6389859999999999,-1.408196,-0.975369,0.096545,0.9868100000000001,-0.129945,-0.015883,0.646129,0.039319,0.012815,-0.007592,-0.00045700000000000005
3113,0.658027,-1.408036,-0.970038,0.099098,0.986784,-0.128208,-0.020911000000000003,0.713264,0.038130000000000004,0.021065,0.0016350000000000002,-0.015621000000000001
3114,0.679429,-1.4073440000000002,-0.963233,0.102248,0.986671,-0.126589,-0.018690000000000002,0.739859,0.04559,0.026261000000000003,0.006004,-0.016782
3115,0.702128,-1.406302,-0.955573,0.10575899999999999,0.9865010000000001,-0.125021,-0.01754,0.7611479999999999,0.048777,0.013305,-0.004919,-0.009379
3116,0.722461,-1.405873,-0.9504459999999999,0.10855899999999999,0.986431,-0.123162,-0.018583000000000002,0.763295,0.045562,-0.005318,0.002491,-0.0034549999999999997
3117,0.742933,-1.405722,-0.945076,0.11115799999999999,0.9864059999999999,-0.121024,-0.022900999999999998,0.7559939999999999,0.041368,-0.013456000000000001,0.023283,0.00318
3118,0.761683,-1.405629,-0.9411129999999999,0.113471,0.986391,-0.11898399999999999,-0.014422999999999998,0.737876,0.036108999999999995,-0.027091000000000004,0.021162,-0.003193
3119,0.7774800000000001,-1.405812,-0.939945,0.11520999999999999,0.9864209999999999,-0.117049,-0.023996,0.730508,0.022163,-0.032919,0.01068,-0.009507999999999999
3120,0.792589,-1.406472,-0.939092,0.116502,0.9865290000000001,-0.11483800000000001,-0.036832,0.711424,0.010345,-0.032333999999999995,0.015194999999999998,-0.005752
3121,0.809458,-1.4071850000000001,-0.936572,0.11791300000000002,0.9866450000000001,-0.112371,-0.044209,0.732751,0.011334,-0.031777,0.0228,-0.011408
3122,0.8264790000000001,-1.407874,-0.934316,0.119309,0.986757,-0.10988800000000001,-0.045228,0.742347,0.010245,-0.038284,0.015516,-0.017325
3123,0.837065,-1.409392,-0.938174,0.119352,0.9870030000000001,-0.107615,-0.038885,0.717869,-0.0014349999999999999,-0.047070999999999995,0.004849,-0.006811
3124,0.8461270000000001,-1.411438,-0.9427549999999999,0.11880999999999999,0.9873290000000001,-0.10519,-0.032629000000000005,0.6699729999999999,-0.017357,-0.05605,-0.0009550000000000001,0.00494
3125,0.8514209999999999,-1.4141059999999999,-0.9500219999999999,0.11738399999999999,0.987749,-0.102824,-0.030722000000000003,0.614592,-0.022619999999999998,-0.05409,0.015028,0.006129
3126,0.85977,-1.415997,-0.953463,0.116823,0.988042,-0.100621,-0.03304,0.581545,-0.015119999999999998,-0.042222,0.023951,0.004354
3127,0.869777,-1.417834,-0.954677,0.11643699999999998,0.988324,-0.098276,-0.041701,0.559183,-0.009814,-0.030499000000000002,0.01517,0.009165000000000001
3128,0.8827940000000001,-1.419397,-0.952382,0.11651199999999999,0.988561,-0.09577100000000001,-0.051428999999999996,0.518787,-0.02265,-0.025294999999999998,0.006876999999999999,0.009422
3129,0.893225,-1.421618,-0.951765,0.11579400000000001,0.988894,-0.093174,-0.055894000000000006,0.48891899999999994,-0.008759999999999999,-0.031672000000000006,0.019041,0.006489
3130,0.9027700000000001,-1.424023,-0.951875,0.114811,0.9892479999999999,-0.09059099999999999,-0.061327,0.493095,0.016829,-0.042011,0.002314,0.002853
3131,0.9179729999999999,-1.425462,-0.9460280000000001,0.115043,0.989458,-0.08797,-0.082756,0.478234,0.022037,-0.051872,0.023344999999999998,-0.000134
3132,0.932425,-1.4279389999999998,-0.9406680000000001,0.11433399999999999,0.9898129999999999,-0.084838,-0.092403,0.441094,-0.005761,-0.033722,-0.005469,0.006682
3133,0.948809,-1.4292850000000001,-0.932272,0.114626,0.9900040000000001,-0.082177,-0.082998,0.381469,-0.021643,-0.0264,0.009279,0.003625
3134,0.9581569999999999,-1.432041,-0.930003,0.113157,0.990389,-0.079533,-0.076713,0.354819,-0.022637,-0.034376,0.017912,0.001026
3135,0.968161,-1.434384,-0.9267690000000001,0.112034,0.9907100000000001,-0.077081,-0.077752,0.336811,-0.047192000000000005,-0.034000999999999997,0.004483,0.004571
3136,0.9813870000000001,-1.437236,-0.920298,0.110695,0.991094,-0.074022,-0.10107200000000001,0.344456,-0.074071,-0.016791999999999998,0.024638,0.015778999999999998
3137,0.998239,-1.440382,-0.9105719999999999,0.109305,0.991508,-0.07045599999999999,-0.119047,0.37755500000000003,-0.077445,-0.0070409999999999995,0.02282,0.01644
3138,1.018888,-1.442843,-0.8981979999999999,0.10865899999999999,0.991825,-0.06690499999999999,-0.113478,0.439284,-0.06787,0.010648999999999999,0.00732,-0.001927
3139,1.0366540000000002,-1.4447780000000001,-0.8893459999999999,0.108178,0.9920700000000001,-0.063987,-0.087917,0.451888,-0.045275,0.031593,-0.0057729999999999995,-0.026056
3140,1.053456,-1.446008,-0.881443,0.108178,0.992224,-0.06155700000000001,-0.064594,0.44318599999999997,-0.020531999999999998,0.040260000000000004,-0.019125,-0.028058
3141,1.0678530000000002,-1.4455799999999999,-0.875501,0.10942400000000001,0.9921709999999999,-0.060197,-0.053048000000000005,0.415389,-0.005459,0.020856,-0.018111000000000002,-0.023497
3142,1.082473,-1.446009,-0.8687889999999999,0.10991600000000001,0.992224,-0.058391,-0.044686000000000003,0.38655900000000004,0.004251,0.010643999999999999,-0.005698,-0.023655000000000002
3143,1.096532,-1.446324,-0.862282,0.110449,0.9922629999999999,-0.056698,-0.042575999999999996,0.382286,0.005339,0.006494,0.0054020000000000006,-0.019657
3144,1.1090209999999998,-1.446583,-0.857735,0.110918,0.992295,-0.0552,-0.03814,0.412129,-0.002146,-0.000826,0.013503,-0.0036229999999999995
3145,1.122588,-1.447151,-0.852297,0.111149,0.992366,-0.053446,-0.046675,0.398366,-0.016075,-0.001454,0.016423,0.004541
3146,1.136093,-1.448144,-0.84631,0.11096700000000001,0.9924879999999999,-0.051525,-0.061621,0.37400700000000003,-0.03858,-0.002523,0.01885,0.008678
3147,1.153311,-1.450383,-0.8366819999999999,0.109805,0.9927590000000001,-0.048705,-0.07852,0.386952,-0.064353,-0.025623000000000003,0.015465000000000001,0.021773
3148,1.170672,-1.452621,-0.826838,0.10858699999999999,0.993025,-0.045926,-0.112626,0.371186,-0.088072,-0.03266,0.019075,0.027462999999999998
3149,1.198067,-1.4570040000000002,-0.806359,0.105751,0.993533,-0.041349000000000004,-0.146836,0.33411,-0.110698,-0.040825,0.029493000000000002,0.041868
3150,1.224366,-1.4603899999999999,-0.786324,0.10363599999999999,0.9939110000000001,-0.037412,-0.171398,0.31613800000000003,-0.12366500000000001,-0.039611,0.023911,0.036633
3151,1.260661,-1.46553,-0.756371,0.10005900000000001,0.9944649999999999,-0.032067,-0.183051,0.322621,-0.136576,-0.030846,0.017941,0.034554
3152,1.294284,-1.469414,-0.728878,0.09736399999999999,0.994865,-0.027630000000000002,-0.196934,0.306742,-0.149471,-0.032728,0.01014,0.034985
3153,1.331764,-1.4735790000000002,-0.6971350000000001,0.094305,0.9952780000000001,-0.022981,-0.212956,0.281317,-0.170915,-0.042013,0.034019,0.029633999999999997
3154,1.382495,-1.479766,-0.6515489999999999,0.089297,0.9958600000000001,-0.017016,-0.230025,0.256977,-0.196643,-0.039385,0.027654,0.026095
3155,1.437602,-1.485981,-0.601282,0.083963,0.9964049999999999,-0.01125,-0.24388600000000002,0.24642399999999998,-0.209548,-0.035044,0.008722,0.013951
3156,1.502618,-1.491909,-0.540751,0.078622,0.9968899999999999,-0.005369,-0.24510900000000002,0.217644,-0.204181,-0.034417,-0.00249,0.015531
3157,1.587343,-1.49875,-0.459412,0.071975,0.9974059999999999,0.001191,-0.260361,0.147393,-0.205271,-0.036773,0.008805,0.014236000000000002
3158,1.67875,-1.504166,-0.36991999999999997,0.066194,0.9977809999999999,0.007174,-0.279744,0.086825,-0.22669699999999998,-0.040695999999999996,0.010108,0.00955
3159,1.7957599999999998,-1.510243,-0.25404699999999997,0.058991999999999996,0.998167,0.0135,-0.28615799999999997,0.057130999999999994,-0.254483,-0.031206,0.0038929999999999998,0.00565
3160,1.940696,-1.515327,-0.10973800000000002,0.051691999999999995,0.9984620000000001,0.020043000000000002,-0.286161,0.029544,-0.282225,-0.026407999999999997,0.002744,0.012473
3161,2.121382,-1.519151,0.070851,0.043994,0.998667,0.027007999999999997,-0.295852,0.0008539999999999999,-0.29187399999999997,-0.032427,-0.013696999999999999,0.018402
3162,2.3118119999999998,-1.5205879999999998,0.261873,0.037028,0.99874,0.033879,-0.315183,-0.034204000000000005,-0.299444,-0.038523,-0.010291,0.019771
3163,2.483733,-1.519833,0.435284,0.031147,0.9987020000000001,0.040310000000000006,-0.32821100000000003,-0.08104299999999999,-0.29627,-0.038197,-0.012221,0.009845
3164,2.662789,-1.51805,0.616534,0.02429,0.998609,0.046793,-0.317687,-0.109855,-0.292958,-0.03462,-0.010587000000000001,-0.004374
3165,2.799658,-1.5148270000000001,0.756175,0.018757,0.998434,0.052701,-0.28694899999999995,-0.13985,-0.27775,-0.028035,0.002664,-0.020475
3166,2.926908,-1.5132,0.886756,0.012263,0.9983420000000001,0.056242999999999994,-0.24981199999999998,-0.16987,-0.26143299999999997,-0.016048,0.002665,-0.030974
3167,3.023101,-1.511932,0.987241,0.006954999999999999,0.998268,0.058417,-0.21176399999999998,-0.23504699999999998,-0.245063,-0.006085,-0.001228,-0.041708999999999996
3168,3.093084,-1.511105,1.063034,0.002893,0.9982190000000001,0.059587,-0.168483,-0.31293699999999997,-0.22321300000000002,0.006751000000000001,0.0042829999999999995,-0.04477
3169,-3.1377990000000002,-1.510691,1.122471,-0.00022799999999999999,0.998194,0.060069000000000004,-0.119823,-0.370775,-0.186479,0.009292,0.003744,-0.040843
3170,-3.093211,-1.510879,1.174984,-0.002896,0.9982049999999999,0.059812,-0.067729,-0.394465,-0.167926,0.006848000000000001,-0.004004,-0.036145
3171,-3.053554,-1.5114239999999999,1.222712,-0.005217,0.998238,0.059108,-0.015502000000000002,-0.403181,-0.164345,0.013655,-0.014534,-0.027004000000000004
3172,-3.018911,-1.512154,1.265659,-0.0071719999999999996,0.998281,0.058168,0.026069,-0.407604,-0.159774,0.019715,-0.009542,-0.012407
3173,-2.98172,-1.5127950000000001,1.310938,-0.009228,0.998318,0.057229999999999996,0.049589,-0.38960500000000003,-0.15215399999999998,0.030864999999999997,-0.004666,0.00141
3174,-2.96645,-1.513366,1.3338940000000001,-0.010001999999999999,0.998351,0.056522,0.074111,-0.373788,-0.13277,0.03318,-0.007369,0.014691
3175,-2.930016,-1.514334,1.377983,-0.011851,0.9984059999999999,0.055175,0.06538,-0.385604,-0.10077,0.031443,-0.007379000000000001,0.013932
3176,-2.927609,-1.514828,1.388321,-0.011879,0.998434,0.054664,0.035373,-0.388802,-0.074266,0.025566,0.003855,0.005151
3177,-2.92595,-1.515176,1.397308,-0.011895000000000001,0.9984540000000001,0.05430499999999999,0.032215,-0.349495,-0.044427,0.035287,0.03449,0.016359000000000002
3178,-2.9177939999999998,-1.515693,1.41171,-0.012223000000000001,0.998482,0.053702,0.030216000000000003,-0.300562,-0.025276,0.035584,0.042427,0.008232999999999999
3179,-2.917948,-1.515992,1.4175389999999999,-0.012149,0.998499,0.053412,0.010897,-0.301658,-0.00084,0.0358,0.043477999999999996,0.000802
3180,-2.971602,-1.517456,1.369833,-0.00902,0.9985780000000001,0.052547,0.02682,-0.28586999999999996,0.03344,0.04268,-0.013226,-0.013011000000000002
3181,-2.994933,-1.518821,1.351769,-0.007592,0.99865,0.051395,0.079077,-0.254239,0.07008400000000001,0.041512,-0.023827,-0.017566
3182,-3.028658,-1.521131,1.323018,-0.005595,0.998767,0.049328,0.11525,-0.252334,0.094903,0.040858,-0.017886000000000003,-0.022472
3183,-3.106072,-1.524343,1.25085,-0.0016489999999999999,0.998921,0.046409,0.127871,-0.268455,0.119585,0.041993,-0.003133,-0.012397
3184,3.1151720000000003,-1.527001,1.194165,0.001157,0.999041,0.043765,0.13638699999999998,-0.261074,0.131385,0.034976,0.002027,-0.007418999999999999
3185,3.0424889999999998,-1.5297379999999998,1.126479,0.004061,0.999157,0.040845,0.152409,-0.252625,0.135759,0.027188999999999998,0.004215,-0.007077
3186,2.93512,-1.532934,1.0244229999999999,0.0077599999999999995,0.999283,0.03705,0.167251,-0.279287,0.13055799999999998,0.03147,0.022735,-0.018037
3187,2.8349189999999997,-1.535688,0.9299379999999999,0.010596,0.999384,0.033463,0.181072,-0.288927,0.131735,0.032845,0.022146000000000002,-0.017533
3188,2.685146,-1.538065,0.78554,0.014425,0.9994639999999999,0.029376,0.17798699999999998,-0.258044,0.137017,0.029963,0.018694,-0.009692000000000001
3189,2.456914,-1.538447,0.562063,0.020455,0.9994770000000001,0.025054,0.15780999999999998,-0.232427,0.142193,0.031379000000000004,0.0047350000000000005,-0.007490999999999999
3190,2.298784,-1.538119,0.408405,0.024388999999999997,0.999466,0.021738,0.146099,-0.221755,0.14744100000000002,0.028939999999999997,0.0052179999999999995,-0.005717
3191,2.150298,-1.536928,0.26413600000000004,0.028333999999999998,0.9994270000000001,0.018543,0.146148,-0.206858,0.151697,0.026139999999999997,0.005502,-0.002705
3192,2.003422,-1.5342360000000002,0.121226,0.033186,0.999332,0.015325,0.145124,-0.200449,0.148481,0.029802999999999996,0.013699000000000001,0.001215
3193,1.8890259999999999,-1.5318040000000002,0.011003,0.037025999999999996,0.99924,0.012197,0.145062,-0.219602,0.14316700000000002,0.028495,0.008008,0.000559
3194,1.78168,-1.529023,-0.091779,0.040836000000000004,0.999128,0.008742,0.14289100000000002,-0.23235999999999998,0.138897,0.008954,0.007312000000000001,-0.011931
3195,1.694879,-1.5266950000000001,-0.174336,0.043748,0.999028,0.005456,0.12598,-0.199269,0.136601,0.004683,0.012264,-0.017891999999999998
3196,1.625232,-1.524109,-0.24051799999999998,0.046602,0.9989100000000001,0.002539,0.106975,-0.16401400000000002,0.127878,0.00572,0.008062999999999999,-0.015799
3197,1.556159,-1.5203229999999999,-0.306318,0.050448,0.998726,-0.0007379999999999999,0.105958,-0.168212,0.112925,0.02461,0.010353,-0.009592
3198,1.503176,-1.5167629999999999,-0.355727,0.053884,0.998541,-0.0036490000000000003,0.12085699999999999,-0.18845699999999999,0.10130800000000001,0.024988999999999997,0.016611,-0.007291
3199,1.453805,-1.514002,-0.401333,0.056376,0.9983879999999999,-0.006626000000000001,0.133669,-0.189554,0.098195,0.020909999999999998,0.017924000000000002,-0.004986
3200,1.40326,-1.510601,-0.44836499999999996,0.059316999999999995,0.998189,-0.010032,0.126318,-0.170327,0.091713,0.012842,-0.001088,-0.0076230000000000004
3201,1.3627719999999999,-1.507642,-0.485821,0.061752,0.998006,-0.013034,0.107274,-0.143594,0.08300199999999999,0.016250999999999998,-0.003149,-0.010495
3202,1.3348950000000002,-1.5050709999999998,-0.511338,0.063859,0.997841,-0.01535,0.09249199999999999,-0.107331,0.08499,0.017730000000000003,-0.000389,-0.006653
3203,1.3122340000000001,-1.501917,-0.532308,0.066537,0.9976290000000001,-0.017598,0.08406799999999999,-0.076434,0.091304,0.01734,0.006795999999999999,-0.008067
3204,1.2964129999999998,-1.499036,-0.546765,0.069017,0.997426,-0.019427,0.08302999999999999,-0.068977,0.09235700000000001,0.012496,0.008158,-0.000303
3205,1.282893,-1.496642,-0.559105,0.071037,0.997252,-0.021036000000000003,0.089512,-0.054073,0.089179,0.0019309999999999998,0.006639,0.00419
3206,1.263101,-1.494477,-0.578249,0.072665,0.9970889999999999,-0.023091999999999998,0.107831,-0.023205,0.079653,-0.001315,0.000302,9.7e-05
3207,1.241291,-1.492424,-0.599902,0.074081,0.9969299999999999,-0.025334,0.11432300000000001,-0.009353,0.073271,-0.001144,0.007403,0.002156
3208,1.2211809999999998,-1.490644,-0.619997,0.075223,0.99679,-0.027426,0.11758099999999999,0.0034189999999999997,0.073277,-0.009122,0.007788,0.0050100000000000006
3209,1.198021,-1.489019,-0.64373,0.076076,0.996658,-0.02975,0.129469,0.037467,0.073314,-0.015483000000000002,0.002915,0.002849
3210,1.17349,-1.487119,-0.669307,0.07707,0.996501,-0.03234,0.13910899999999998,0.044893999999999996,0.07230299999999999,-0.010923,0.0033770000000000002,0.001105
3211,1.1523139999999998,-1.485052,-0.690852,0.078249,0.996326,-0.034802,0.141003,-0.010498,0.07025,-0.004092,0.003414,0.009472
3212,1.131889,-1.483306,-0.710412,0.079097,0.996175,-0.037132,0.131184,-0.063706,0.064907,-0.012537999999999999,0.011881000000000001,0.010322
3213,1.1096469999999998,-1.481894,-0.731336,0.079511,0.996051,-0.039508,0.126911,-0.073245,0.056340999999999995,-0.017743000000000002,0.015438999999999998,0.006335
3214,1.086653,-1.480482,-0.753023,0.079826,0.995924,-0.04198,0.129097,-0.065778,0.052072,-0.016075,0.009599,0.00487
3215,1.063972,-1.478832,-0.774591,0.08029,0.9957739999999999,-0.044577,0.136641,-0.051942999999999996,0.048901,-0.01045,0.007781000000000001,0.004324000000000001
3216,1.042746,-1.4770590000000001,-0.795384,0.08085099999999999,0.99561,-0.047161,0.135799,-0.008237999999999999,0.042429,-0.005763,0.008953000000000001,0.004375
3217,1.0269979999999999,-1.4753209999999999,-0.811541,0.081579,0.9954459999999999,-0.049323,0.121025,0.026973,0.041212,-0.002477,0.000389,0.010398000000000001
3218,1.0145309999999998,-1.473584,-0.825041,0.082426,0.9952790000000001,-0.051249,0.10940899999999999,0.060011,0.047497000000000004,-0.005705,0.010901000000000001,0.011851
3219,1.0068290000000002,-1.472226,-0.8344600000000001,0.08317000000000001,0.9951459999999999,-0.052604,0.096734,0.094229,0.050635,-0.008494,0.011629,0.014838999999999998
3220,0.999699,-1.470424,-0.8437040000000001,0.084303,0.994967,-0.054166,0.083966,0.10279200000000001,0.051602999999999996,-0.011167,0.010053,0.016477000000000002
3221,0.991649,-1.469758,-0.853497,0.08441799999999999,0.9949,-0.055205,0.081735,0.074067,0.044144,-0.022330000000000003,0.0036659999999999996,0.009245999999999999
3222,0.9786360000000001,-1.4692530000000001,-0.8676860000000001,0.084109,0.994849,-0.056579,0.084815,0.048486,0.045263,-0.037462999999999996,0.002191,-0.004547
3223,0.9654200000000001,-1.468644,-0.881863,0.083853,0.9947870000000001,-0.05803099999999999,0.078572,0.055014999999999994,0.016367,-0.035177,0.02299,-0.001173
3224,0.949818,-1.4679959999999999,-0.898148,0.083462,0.994721,-0.059707,0.08913099999999999,0.017744,0.003668,-0.025005,0.001358,0.001129
3225,0.9305059999999999,-1.467515,-0.917767,0.082676,0.9946709999999999,-0.061592999999999995,0.10611400000000001,0.00912,0.014477,-0.012546999999999999,0.008411,-0.003714
3226,0.9139459999999999,-1.466032,-0.9345549999999999,0.082813,0.994517,-0.063855,0.111382,0.007981,0.028401,-0.014011000000000001,0.007817000000000001,-0.0031309999999999997
3227,0.898525,-1.464028,-0.9504290000000001,0.083379,0.9943059999999999,-0.066366,0.12526600000000002,0.030226,0.047697,-0.011159,0.004703,-0.0057469999999999995
3228,0.882184,-1.4604409999999999,-0.96788,0.085036,0.993917,-0.069985,0.134904,0.063114,0.073361,0.00673,-0.00527,-0.014518000000000001
3229,0.873843,-1.457107,-0.977543,0.086989,0.9935440000000001,-0.072818,0.13908099999999998,0.060896000000000006,0.091553,0.00551,-0.0028829999999999997,-0.00636
3230,0.867883,-1.453726,-0.98464,0.089116,0.9931549999999999,-0.07550599999999999,0.129417,0.056630999999999994,0.101105,0.0008960000000000001,-0.001578,-0.003382
3231,0.859402,-1.451816,-0.9945450000000001,0.089909,0.99293,-0.077498,0.117801,0.08118099999999999,0.098852,-0.024937,0.012105,0.00479
3232,0.85526,-1.4495790000000002,-1.000198,0.091264,0.992662,-0.079327,0.10604100000000001,0.062103,0.084906,-0.025804,0.017302,0.009182
3233,0.8489639999999999,-1.4476870000000002,-1.007123,0.092172,0.992432,-0.08114099999999999,0.10058099999999999,0.015327,0.065698,-0.029123000000000003,0.008652,0.005777
3234,0.836311,-1.446687,-1.0201440000000002,0.091875,0.992308,-0.082965,0.10389100000000001,0.026023,0.051816999999999995,-0.033372000000000006,0.006409999999999999,0.004794
3235,0.825601,-1.445036,-1.031549,0.092185,0.9921030000000001,-0.08505499999999999,0.09861,0.032455,0.046429000000000005,-0.02973,0.018609,-0.005246
3236,0.813558,-1.443771,-1.043941,0.092066,0.991943,-0.087021,0.08783200000000001,0.010112999999999999,0.048514999999999996,-0.022821,0.015122,-0.0018
3237,0.804555,-1.44288,-1.053218,0.091915,0.9918299999999999,-0.08845900000000001,0.078306,0.020825,0.042023000000000005,-0.024212,0.013953,0.004582
3238,0.7993560000000001,-1.4419389999999999,-1.058992,0.092124,0.9917090000000001,-0.089587,0.074129,0.024104,0.024897,-0.01937,0.012273000000000001,0.012819999999999998
3239,0.792048,-1.442283,-1.066567,0.091224,0.9917540000000001,-0.090018,0.079441,-0.001396,0.003599,-0.01699,0.016074,0.016791
3240,0.783026,-1.442766,-1.0753489999999999,0.09007000000000001,0.991815,-0.090498,0.06236900000000001,-0.020435,-0.015726,-0.022091999999999997,0.016104,0.02281
3241,0.776204,-1.443214,-1.0820610000000002,0.089139,0.991872,-0.090793,0.029452999999999997,0.004224,-0.026670999999999997,-0.01907,0.01739,0.024646
3242,0.7751819999999999,-1.444395,-1.083653,0.088226,0.992022,-0.090047,0.007214,0.037342,-0.031143,0.000794,0.02075,0.019781
3243,0.775992,-1.445382,-1.083932,0.087613,0.9921459999999999,-0.089277,0.003036,0.058658,-0.030131,-0.0019649999999999997,0.019466,0.014875
3244,0.774564,-1.446188,-1.0868209999999998,0.086926,0.992246,-0.088831,-0.001118,0.08105599999999999,-0.033394,-0.008251999999999999,0.016694999999999998,0.013208000000000001
3245,0.768153,-1.447383,-1.09494,0.085531,0.992394,-0.088533,0.003221,0.084288,-0.046189,-0.016087999999999998,0.005927,0.0042439999999999995
3246,0.7610100000000001,-1.4483979999999999,-1.1033879999999998,0.084202,0.992519,-0.088412,0.006268,0.050189,-0.046125,-0.021122,0.00533,0.006503
3247,0.754344,-1.449832,-1.110838,0.082636,0.992693,-0.087935,-0.012999,0.034286000000000004,-0.048378,-0.029550999999999997,0.012343000000000002,0.013197
3248,0.7479979999999999,-1.452149,-1.117792,0.080511,0.99297,-0.086771,-0.027942,0.021602,-0.06021900000000001,-0.021918,0.019649,0.012537000000000001
3249,0.7420720000000001,-1.453963,-1.1236709999999999,0.078779,0.993183,-0.08591900000000001,-0.024886000000000002,-0.020978,-0.070827,-0.016141,0.016736,0.012356
3250,0.7320840000000001,-1.45651,-1.132939,0.076225,0.993476,-0.084819,-0.021716,-0.043296,-0.086802,-0.016197,0.016822999999999998,0.01231
3251,0.722313,-1.459191,-1.142004,0.073632,0.9937790000000001,-0.083561,-0.014169,-0.031577999999999995,-0.093175,-0.012383,0.011455,0.022297
3252,0.713018,-1.462072,-1.1510040000000001,0.070979,0.9940950000000001,-0.082076,-0.034193,-0.005822,-0.123259,-0.0004980000000000001,0.025924000000000003,0.017974
3253,0.710335,-1.465207,-1.153489,0.068726,0.994431,-0.079904,-0.070603,-0.023852,-0.111739,0.005935,0.024841,0.023034
3254,0.712951,-1.468733,-1.150521,0.06663999999999999,0.9947959999999999,-0.07707,-0.07165,-0.017462000000000002,-0.11068599999999999,-0.00057,-0.004516,0.033689
3255,0.712629,-1.473149,-1.1509530000000001,0.063743,0.995236,-0.073767,-0.063957,0.011363,-0.133103,-0.012291,-0.010968,0.048316000000000005
3256,0.704886,-1.478377,-1.159065,0.059797,0.995732,-0.07029400000000001,-0.053103,0.010434,-0.176825,-0.019285,0.00233,0.05273099999999999
3257,0.678635,-1.4816129999999998,-1.1858739999999999,0.055908000000000006,0.996026,-0.06932999999999999,-0.046472,0.031837,-0.20671599999999998,-0.032471,0.01551,0.03805
3258,0.642206,-1.486509,-1.223222,0.050425,0.99645,-0.067415,-0.079378,0.043773,-0.232602,-0.047618,0.0003,0.027651
3259,0.608781,-1.491131,-1.257492,0.045509,0.996828,-0.06528300000000001,-0.12090899999999999,0.033377,-0.260653,-0.061409000000000005,0.013548,0.024435
3260,0.555389,-1.49795,-1.31138,0.038376,0.9973479999999999,-0.061841999999999994,-0.163518,0.006,-0.30364800000000003,-0.062164,0.028256,0.020567
3261,0.499425,-1.504609,-1.366755,0.031675,0.9978100000000001,-0.05806,-0.208432,-0.066085,-0.353008,-0.057812999999999996,0.022102,0.008439
3262,0.418336,-1.5124360000000001,-1.445642,0.023694999999999997,0.9982979999999999,-0.053298000000000005,-0.265043,-0.146583,-0.41953,-0.054045,0.019265,0.001082
3263,0.273339,-1.52147,-1.587574,0.013309999999999999,0.998784,-0.047475,-0.333039,-0.159885,-0.496903,-0.05196,0.021953,-0.017466
3264,0.054202,-1.53082,-1.804043,0.002165,0.999201,-0.039907,-0.406154,-0.13584300000000002,-0.5850380000000001,-0.028731,-0.004236,-0.029047000000000003
3265,-0.333475,-1.5379399999999999,-2.189177,-0.010753,0.99946,-0.031041000000000003,-0.462343,-0.144879,-0.674082,0.009776,-0.011956999999999999,-0.024806
3266,-0.870875,-1.537769,-2.723105,-0.025259,0.999455,-0.021272,-0.49866800000000006,-0.229679,-0.747934,0.023504,-0.018437000000000002,-0.013549
3267,-1.294227,-1.528556,-3.141342,-0.040622000000000005,0.999108,-0.01153,-0.457118,-0.262766,-0.767898,0.06024500000000001,-0.019112,0.012751
3268,-1.5189489999999999,-1.514761,2.9198779999999998,-0.055930999999999995,0.9984299999999999,-0.002902,-0.41358100000000003,-0.064802,-0.7614380000000001,0.081429,-0.029238,0.002918
3269,-1.653575,-1.499868,2.7841139999999998,-0.070627,0.9974860000000001,0.00586,-0.47065500000000005,0.092905,-0.723582,0.089059,-0.039157,-0.02768
3270,-1.751984,-1.4850370000000002,2.682984,-0.084252,0.996325,0.015434999999999999,-0.476105,0.13641,-0.6531170000000001,0.078789,-0.024156999999999998,-0.064278
3271,-1.8062599999999998,-1.4719149999999999,2.625802,-0.09599500000000001,0.995115,0.023031,-0.34228400000000003,0.112061,-0.5410560000000001,0.079623,-0.010145,-0.047811
3272,-1.830855,-1.464393,2.599996,-0.10263199999999999,0.994344,0.027308999999999996,-0.197383,0.023427,-0.346577,0.07345700000000001,0.007273000000000001,-0.030345
3273,-1.838718,-1.459172,2.592032,-0.107419,0.993777,0.029488999999999998,-0.065984,-0.017085,-0.186442,0.019237999999999998,0.031019,-0.12659600000000001
3274,-1.8376439999999998,-1.457034,2.5953,-0.109499,0.9935360000000001,0.029934,0.023472999999999997,-0.17127699999999998,-0.065979,-0.01814,0.039514,-0.131145
3275,-1.825518,-1.4573260000000001,2.612377,-0.109573,0.993569,0.028531,0.148562,-0.266858,0.018338999999999998,-0.061188,0.049018,-0.117199
3276,-1.7933130000000002,-1.459763,2.651256,-0.108074,0.993842,0.024453,0.29288800000000004,-0.364598,0.09318,-0.041722,0.035882,-0.10431800000000001
3277,-1.7415770000000002,-1.463689,2.712198,-0.105347,0.9942700000000001,0.018168,0.399865,-0.484497,0.147492,0.015563999999999998,0.045846,-0.104548
3278,-1.674152,-1.4685979999999998,2.790477,-0.101476,0.9947819999999999,0.010526,0.45591899999999996,-0.536057,0.20563299999999998,0.060216,0.047118,-0.108304
3279,-1.592745,-1.47387,2.8836180000000002,-0.096751,0.9953059999999999,0.002124,0.491766,-0.5853689999999999,0.25188,0.087779,0.020181,-0.10126
3280,-1.490336,-1.479299,2.998745,-0.091074,0.995817,-0.007344,0.561815,-0.611403,0.30795,0.103845,0.0087,-0.07719
3281,-1.3568959999999999,-1.484356,-3.139382,-0.084366,0.996266,-0.018326,0.618608,-0.49891199999999997,0.36588699999999996,0.11766099999999999,-0.002675,-0.075317
3282,-1.192806,-1.4883709999999999,-2.96717,-0.076519,0.996605,-0.030385000000000002,0.6427069999999999,-0.30215,0.423487,0.140957,-0.018517,-0.089351
3283,-1.0005540000000002,-1.4905979999999999,-2.77021,-0.067436,0.9967860000000001,-0.043248,0.673991,-0.160838,0.48868599999999995,0.165398,-0.015295,-0.07485499999999999
3284,-0.78842,-1.4903600000000001,-2.554147,-0.056987,0.996767,-0.05664400000000001,0.681071,-0.180307,0.556059,0.136882,-0.012499,-0.033154
3285,-0.583653,-1.487622,-2.34409,-0.045781999999999996,0.9965430000000001,-0.069325,0.6219279999999999,-0.253725,0.58565,0.101401,-0.002997,-0.01057
3286,-0.402803,-1.482741,-2.156888,-0.034473000000000004,0.9961260000000001,-0.08090399999999999,0.579043,-0.294081,0.591811,0.027576,-0.008912,-0.020231
3287,-0.24918800000000002,-1.4763899999999999,-1.9965540000000002,-0.023247999999999998,0.995547,-0.09135399999999999,0.491411,-0.33528600000000003,0.5827060000000001,0.011285,-0.030154000000000004,-0.06518600000000001
3288,-0.130735,-1.470402,-1.866944,-0.013066,0.994965,-0.09937,0.372652,-0.678829,0.55027,0.000523,-0.025025,-0.045329
3289,-0.042746,-1.463782,-1.7597630000000002,-0.004564,0.9942790000000001,-0.10671199999999999,0.39789,-1.047303,0.5007119999999999,-0.01248,-0.007783,-0.040306
3290,0.016235,-1.4547459999999999,-1.67999,0.0018800000000000002,0.993274,-0.115775,0.490642,-0.928961,0.396523,0.003857,-0.033770999999999995,-0.05268200000000001
3291,0.052142999999999995,-1.444552,-1.630995,0.006562,0.992042,-0.12573800000000002,0.484936,-0.435173,0.26018600000000003,0.10986199999999999,0.00953,-0.024515000000000002
3292,0.076813,-1.436118,-1.60269,0.010304,0.9909450000000001,-0.133876,0.350348,-0.057349000000000004,0.197873,0.16906400000000002,0.041541,0.07487
3293,0.10520299999999999,-1.43064,-1.573558,0.014669999999999999,0.990194,-0.138926,0.20731599999999997,-0.024021999999999998,0.245969,0.116602,0.027964,0.134089
3294,0.140861,-1.427136,-1.5381790000000002,0.0201,0.989699,-0.141749,0.100922,0.069979,0.273948,0.001217,0.031343,0.083353
3295,0.173529,-1.425067,-1.5076450000000001,0.025072999999999998,0.9894,-0.143033,0.06424400000000001,0.146029,0.202023,-0.024172,0.05205800000000001,0.001294
3296,0.19404100000000002,-1.422656,-1.489284,0.028461,0.9890469999999999,-0.14482899999999999,0.11550099999999999,0.084355,0.129821,-0.033801,0.015683000000000002,-0.0662
3297,0.203491,-1.419583,-1.480212,0.030442,0.9885889999999999,-0.147529,0.143043,-0.011406999999999999,0.077793,-0.06805499999999999,-0.003482,-0.06476599999999999
3298,0.20285899999999998,-1.41665,-1.479433,0.030933,0.988143,-0.15038800000000002,0.143028,-0.08356799999999999,0.008451,-0.088306,0.01825,-0.019412000000000002
3299,0.194114,-1.414089,-1.487287,0.030105,0.9877469999999999,-0.153135,0.132916,-0.021498,-0.053655999999999995,-0.054443,0.033982,0.00987
3300,0.18420699999999998,-1.411989,-1.497651,0.028966000000000002,0.987417,-0.15546500000000002,0.106422,0.015888,-0.056025,0.019694,0.014933000000000002,0.005639
3301,0.17865999999999999,-1.410418,-1.503369,0.028379,0.987167,-0.15715,0.072042,0.0062450000000000006,-0.012456,0.042894999999999996,-0.0037530000000000003,0.0008230000000000001
3302,0.180097,-1.409102,-1.5029290000000002,0.028837,0.9869559999999999,-0.158387,0.06364700000000001,0.078547,0.029053,0.015397999999999998,-0.010073,0.012131
3303,0.185407,-1.407668,-1.499571,0.029939,0.9867239999999999,-0.159622,0.065852,0.109373,0.043985,-0.022645,-0.007842,0.000381
3304,0.191554,-1.40614,-1.495433,0.031207,0.986475,-0.160915,0.073229,0.09122899999999999,0.046196,-0.050372,-0.00683,-0.030445
3305,0.195667,-1.404293,-1.492464,0.032222,0.9861700000000001,-0.162573,0.093269,0.03472,0.041067,-0.06451,0.0036520000000000003,-0.050211
3306,0.196688,-1.402037,-1.4907979999999998,0.032823000000000005,0.9857940000000001,-0.164721,0.10456900000000001,-0.07393,0.029535000000000002,-0.067949,0.027558,-0.041288
3307,0.19439800000000002,-1.399569,-1.490945,0.032916,0.985376,-0.167182,0.131125,-0.116566,0.012683,-0.06804099999999999,0.027975,-0.038827
3308,0.188985,-1.397101,-1.493978,0.032467,0.9849530000000001,-0.169746,0.12053299999999999,-0.12070399999999999,-0.00875,-0.025677,0.007479,0.011420999999999999
3309,0.183535,-1.395171,-1.497208,0.031888,0.984617,-0.171789,0.085399,-0.10248,-0.006881999999999999,0.008502,0.037416000000000005,0.02239
3310,0.181364,-1.394097,-1.498176,0.031706,0.9844290000000001,-0.172898,0.037697,-0.022463999999999998,0.0044329999999999994,0.008684,0.037604000000000005,0.023499000000000003
3311,0.18145,-1.39361,-1.498343,0.031807,0.9843430000000001,-0.173368,0.020848,0.022354,-1.4999999999999999e-05,-0.017403000000000002,0.00821,0.013059000000000001
3312,0.160472,-1.392108,-1.5191940000000002,0.0284,0.9840780000000001,-0.175455,0.027172,-0.012753,-0.017026,-0.047214,0.005729,-0.025244
3313,0.156779,-1.3915110000000002,-1.521963,0.027844,0.9839709999999999,-0.17614000000000002,0.036544,-0.067103,-0.020096,-0.059185,0.000678,-0.037209
3314,0.152586,-1.390681,-1.524469,0.027229000000000003,0.983823,-0.177062,0.052374000000000004,-0.099142,-0.013535,-0.062904,-0.001371,-0.046373000000000004
3315,0.13128299999999998,-1.387138,-1.5428959999999998,0.023906999999999998,0.983182,-0.181056,0.069155,-0.15675899999999998,-0.004804999999999999,-0.030177999999999996,0.008273,-0.03127
3316,0.127275,-1.385853,-1.5430139999999999,0.023341999999999998,0.9829469999999999,-0.182403,0.059251,-0.2058,0.013349000000000001,-0.023494,0.017481,-0.020156999999999998
3317,0.125135,-1.38491,-1.541693,0.023066999999999997,0.982773,-0.183372,0.037143999999999996,-0.13330899999999998,0.019511,-0.014506999999999999,0.015778,-0.008431000000000001
3318,0.123652,-1.383315,-1.541575,0.022987999999999998,0.982477,-0.184961,0.034229,-0.06302,0.026876999999999998,-0.009927,0.017813,-0.01676
3319,0.125114,-1.382606,-1.53921,0.023344999999999998,0.9823440000000001,-0.185619,0.027995,-0.027835000000000002,0.024652,-0.017318,0.020585,-0.024600999999999998
3320,0.126352,-1.382308,-1.538181,0.023612,0.982289,-0.18588,0.003846,0.039439,0.005169,-0.027869,0.018032,-0.028811
3321,0.09317,-1.378371,-1.5722909999999999,0.017792,0.981543,-0.19041,0.000975,0.092852,-0.008777,-0.030793,-0.0028899999999999998,-0.034046
3322,0.084527,-1.376401,-1.582357,0.016309,0.981165,-0.192484,0.002942,0.060861,-0.002317,-0.031492,-0.002649,-0.038808999999999996
3323,0.077714,-1.3747530000000001,-1.58959,0.015123,0.9808450000000001,-0.19420199999999999,0.006940000000000001,0.017103,0.014855000000000002,-0.029358999999999996,0.004568,-0.033458999999999996
3324,0.06260299999999999,-1.373404,-1.604608,0.012269,0.9805809999999999,-0.195729,-0.000547,0.016046,0.019069,-0.019166,0.016275,-0.0077469999999999995
3325,0.060873000000000003,-1.373534,-1.606301,0.011923,0.980607,-0.195623,-0.016669,-0.009469,0.020055,-0.016363,0.013366,-0.0050609999999999995
3326,0.061023,-1.373941,-1.60512,0.011928,0.9806860000000001,-0.195222,-0.037342,-0.068111,0.050963,-0.014552,-0.003849,-0.009078
3327,0.054862,-1.372927,-1.608933,0.010779,0.9804879999999999,-0.196285,-0.038715,-0.115068,0.07344099999999999,-0.030784,0.001888,-0.027486
3328,0.050486,-1.372379,-1.610472,0.009948,0.9803799999999999,-0.19686700000000001,-0.015284,-0.136408,0.061877,-0.042937,0.024166999999999998,-0.032304
3329,0.019231,-1.370254,-1.6375680000000001,0.003831,0.979959,-0.199164,-0.034574,-0.179929,0.039349,-0.065842,0.027288999999999997,-0.026819
3330,0.007353,-1.3703049999999999,-1.6461560000000002,0.001464,0.9799690000000001,-0.19914600000000002,-0.035217,-0.11801199999999999,0.007213,-0.043746,0.014003999999999999,-0.008145
3331,0.006958,-1.371038,-1.645819,0.001381,0.980115,-0.198427,-0.03899,-0.012519,0.002779,-0.024132,0.002124,-0.007444
3332,0.011413,-1.371828,-1.641134,0.0022559999999999998,0.9802709999999999,-0.19764500000000002,-0.077541,-0.018878,0.028156999999999998,0.013613,0.056976,-0.01848
3333,0.016253999999999998,-1.373607,-1.6358219999999999,0.003184,0.980621,-0.195888,-0.09149600000000001,-0.007234999999999999,0.059023,-0.023341,0.032944,0.004543
3334,0.013831,-1.375726,-1.638103,0.002681,0.981034,-0.19381700000000002,-0.090262,0.006702,0.035509,-0.041743,0.004211,0.005692
3335,0.016066,-1.377406,-1.636088,0.003088,0.981358,-0.192163,-0.07838200000000001,0.009972,0.006745999999999999,-0.036184,0.007670999999999999,-0.009284
3336,0.013631,-1.378341,-1.637642,0.002607,0.9815379999999999,-0.191252,-0.060565999999999995,-0.0795,-0.011176,-0.004728,0.014221000000000001,-0.015673
3337,0.010941,-1.379349,-1.638149,0.002082,0.9817299999999999,-0.190269,-0.050131999999999996,-0.121125,-0.000367,0.005654,0.007756999999999999,-0.009377
3338,0.009453,-1.3805180000000001,-1.636436,0.0017879999999999999,0.981952,-0.189123,-0.064428,-0.18936,0.026326,0.021481999999999998,0.0017519999999999999,0.005301
3339,0.01268,-1.382,-1.629009,0.00238,0.982231,-0.187662,-0.058128,-0.20856999999999998,0.029601,0.021256,0.002159,0.005884
3340,0.0113,-1.383101,-1.626574,0.0021079999999999996,0.9824370000000001,-0.186583,-0.053663999999999996,-0.17764100000000002,0.016774,0.040921,-0.004379,0.003005
3341,0.020232,-1.384514,-1.614109,0.003747,0.9827,-0.185169,-0.054765999999999995,-0.199946,0.001846,0.058723000000000004,0.01817,0.006
3342,0.015068000000000002,-1.3855870000000001,-1.6146399999999999,0.002775,0.9828979999999999,-0.184132,-0.053867,-0.246783,-0.007702,0.06688200000000001,0.022946,0.009205
3343,0.010987,-1.3869340000000001,-1.614322,0.002009,0.983145,-0.182817,-0.078218,-0.188176,0.009145,0.061071,0.002954,0.02144
3344,0.011087,-1.388738,-1.612057,0.002007,0.9834729999999999,-0.181043,-0.095832,-0.057145,0.023809,0.05532,0.002153,0.011426
3345,0.013663999999999999,-1.390682,-1.6092879999999998,0.002448,0.983823,-0.179126,-0.092325,0.00996,0.022678999999999998,0.043725,0.015277,0.006503
3346,0.021816,-1.393168,-1.601839,0.003854,0.984266,-0.176653,-0.08672,0.051564,0.00344,0.026572000000000002,0.020327,0.01462
3347,0.031624,-1.397067,-1.594335,0.0054659999999999995,0.9849469999999999,-0.17277,-0.097914,0.14652,-0.023462,0.022275,0.0261,0.023615999999999998
3348,0.045415,-1.4007610000000001,-1.58456,0.007682,0.9855790000000001,-0.169043,-0.11364,0.197756,-0.035382,0.033760000000000005,0.025194,0.014547999999999998
3349,0.061449000000000004,-1.404249,-1.571963,0.01018,0.9861629999999999,-0.165466,-0.12251400000000001,0.12640099999999999,-0.032139999999999995,0.038495,0.008878,0.013838999999999999
3350,0.070618,-1.407882,-1.564255,0.011444,0.986759,-0.16179100000000002,-0.133632,0.030552,-0.028886000000000002,0.0195,0.002392,0.015733
3351,0.072198,-1.411427,-1.562909,0.011447,0.9873280000000001,-0.158282,-0.130563,-0.000343,-0.03096,0.007779,-0.002754,0.01047
3352,0.07462,-1.414141,-1.560199,0.011631,0.9877549999999999,-0.155581,-0.125397,-0.038707,-0.031939999999999996,0.020350999999999998,-0.008018,0.0025510000000000003
3353,0.078439,-1.4163700000000001,-1.555005,0.012053,0.9881,-0.15334,-0.09048400000000001,-0.091079,-0.018807,0.05311799999999999,-0.016725999999999998,0.007573000000000001
3354,0.10029099999999999,-1.417198,-1.531974,0.015318,0.9882270000000001,-0.152227,-0.054158000000000005,-0.048717,0.012381,0.05650499999999999,-0.03202,-0.001979
3355,0.10544400000000001,-1.41793,-1.526429,0.016026,0.988339,-0.151425,-0.032806,-0.002095,0.05626799999999999,0.055659,-0.026135000000000002,-0.008166
3356,0.11700799999999999,-1.418197,-1.5148620000000002,0.017745,0.9883790000000001,-0.15096800000000002,-0.018038,0.005131,0.101227,0.059571000000000006,-0.022223,-0.027575
3357,0.132776,-1.418142,-1.498681,0.020131,0.9883709999999999,-0.150723,-0.009796,-0.029110000000000004,0.13230699999999998,0.039119,-0.016966,-0.037662
3358,0.153344,-1.416189,-1.476646,0.023521,0.988072,-0.152185,0.007014,-0.08882000000000001,0.131435,0.013786000000000001,0.005214,-0.056188999999999996
3359,0.165595,-1.415366,-1.4617799999999999,0.025518,0.9879450000000001,-0.152687,0.03249,-0.139953,0.10924600000000001,0.007441,0.017945,-0.064277
3360,0.17663099999999998,-1.4124379999999999,-1.447574,0.027710000000000002,0.9874870000000001,-0.155244,0.046397,-0.15800799999999998,0.083732,0.036483999999999996,0.023072,-0.046599
3361,0.18174300000000002,-1.411284,-1.439343,0.028709,0.9873049999999999,-0.15622,0.044455,-0.131305,0.067661,0.043801,0.024399,-0.030898000000000002
3362,0.18684800000000001,-1.4104219999999998,-1.433165,0.029664,0.987168,-0.156909,0.023818000000000002,0.006261,0.04918,0.054671000000000004,0.022719999999999997,-0.013303
3363,0.213009,-1.4113129999999998,-1.408925,0.033572000000000005,0.987309,-0.155219,-0.021435,0.125814,0.028423,0.08807100000000001,0.011561,0.053947
3364,0.21982800000000002,-1.412001,-1.4052149999999999,0.034482,0.987418,-0.154323,-0.047866000000000006,0.16856,0.017501,0.085086,0.011604999999999999,0.060009
3365,0.22600599999999998,-1.41306,-1.402326,0.0352,0.987585,-0.153089,-0.061739999999999996,0.155873,0.0056700000000000006,0.075273,0.003168,0.052427
3366,0.23023400000000002,-1.4142270000000001,-1.400544,0.035584,0.987768,-0.151816,-0.056598,0.10369500000000001,-0.003841,0.000915,0.001276,0.017493
3367,0.23187399999999997,-1.41519,-1.400249,0.035615,0.9879180000000001,-0.150832,-0.039763,0.045071,-0.010058,-0.008912,-0.003375,0.010832
3368,0.23153200000000002,-1.415664,-1.4006610000000002,0.035455,0.987991,-0.15038800000000002,-0.01235,-0.024281,-0.006573000000000001,-0.006815000000000001,-0.010681,0.003674
3369,0.23047199999999998,-1.415398,-1.400205,0.035356,0.98795,-0.15068199999999998,0.02562,-0.10119500000000001,0.014087,-0.006959,-0.010228000000000001,-0.021453
3370,0.22987399999999997,-1.414541,-1.398274,0.035459,0.9878170000000001,-0.151526,0.042464999999999996,-0.136468,0.029205000000000002,-0.008817,-0.009590999999999999,-0.024194
3371,0.229868,-1.413439,-1.395586,0.035706,0.9876450000000001,-0.152586,0.051014,-0.125875,0.036729000000000005,-0.008681999999999999,-0.006352,-0.029344
3372,0.231375,-1.4122430000000001,-1.391738,0.036206999999999996,0.9874569999999999,-0.15368199999999999,0.049981,-0.11199500000000001,0.048486,0.013659000000000001,0.008973,-0.042332
3373,0.23419099999999998,-1.411135,-1.3866610000000001,0.036893,0.987281,-0.154644,0.042537,-0.103459,0.051628,0.015994,0.006478,-0.039982
3374,0.236931,-1.410072,-1.382399,0.037563,0.9871120000000001,-0.155563,0.042839,-0.048019,0.039807999999999996,0.019673,0.009226,-0.040024000000000004
3375,0.23915799999999998,-1.409197,-1.380169,0.038114,0.9869709999999999,-0.156318,0.035836,0.027752,0.011889,0.002367,0.02339,-0.025657999999999997
3376,0.23873000000000003,-1.4088829999999999,-1.382528,0.03812,0.9869209999999999,-0.156635,0.021613999999999998,0.14621099999999998,-0.028955,0.013424,0.069781,-0.00932
3377,0.244463,-1.40886,-1.381018,0.039023,0.986917,-0.156436,0.000813,0.23058299999999998,-0.064456,0.046577999999999994,0.0020510000000000003,0.01781
3378,0.242076,-1.40929,-1.388855,0.038548,0.986986,-0.156117,-0.012831,0.28176,-0.063549,0.052028,0.004713,0.014195
3379,0.251801,-1.410224,-1.385264,0.039835,0.987136,-0.154841,-0.026668999999999998,0.306242,-0.046581,0.030768,0.005174,0.012140999999999999
3380,0.25395,-1.411062,-1.389427,0.039958999999999995,0.9872700000000001,-0.153955,-0.033075,0.30944299999999997,-0.042357,0.003406,0.0039570000000000004,-0.005881
3381,0.255101,-1.411829,-1.39392,0.039945999999999995,0.987391,-0.153176,-0.02477,0.254037,-0.046501,-0.012953000000000001,0.008489,-0.026756
3382,0.246272,-1.411512,-1.40686,0.038668,0.987341,-0.153826,-0.020777,0.179504,-0.059199,-0.0217,0.022928,-0.028714999999999997
3383,0.24221700000000002,-1.412159,-1.414484,0.037891,0.9874430000000001,-0.153362,-0.014322999999999999,0.176346,-0.07410499999999999,-0.007723999999999999,0.014844999999999999,-0.016926
3384,0.24001999999999998,-1.412676,-1.42052,0.037432,0.987525,-0.152948,-0.013074,0.186053,-0.10508499999999998,0.017881,0.002236,-0.000281
3385,0.23004000000000002,-1.413541,-1.434507,0.035709,0.987661,-0.15248299999999998,-0.019351,0.198919,-0.1201,0.03857,0.010920000000000001,0.018831
3386,0.23859,-1.415098,-1.431067,0.036648,0.9879040000000001,-0.150677,-0.038327,0.264974,-0.10535499999999999,0.055576,0.008831,0.021481
3387,0.23569099999999998,-1.416506,-1.440398,0.035886,0.9881209999999999,-0.14943,-0.05946799999999999,0.338433,-0.075687,0.059176,0.002205,0.008881
3388,0.236985,-1.418082,-1.446094,0.035713999999999996,0.9883620000000001,-0.147869,-0.067012,0.341574,-0.055447,0.021735,-0.010136,-0.043887999999999996
3389,0.23985700000000001,-1.417258,-1.44995,0.036331999999999996,0.988236,-0.148558,-0.05319,0.33511199999999997,-0.05,0.009689,0.004226,-0.054674
3390,0.24110399999999998,-1.418276,-1.456035,0.036277,0.988391,-0.147536,-0.029455000000000002,0.380887,-0.062711,0.014077000000000001,0.00636,-0.054659000000000006
3391,0.239688,-1.416765,-1.465309,0.036423000000000004,0.9881610000000001,-0.149037,-0.0027199999999999998,0.38402800000000004,-0.072141,0.001434,0.00479,-0.046047000000000005
3392,0.23759499999999997,-1.417063,-1.474839,0.036041000000000004,0.9882059999999999,-0.148827,-0.000677,0.362719,-0.073168,-0.010773,0.010375,-0.028098
3393,0.232173,-1.4171989999999999,-1.488032,0.035203,0.9882270000000001,-0.14888900000000002,-0.018587,0.403301,-0.08296,-0.000642,0.006523999999999999,-0.000769
3394,0.23170300000000002,-1.418079,-1.497208,0.034933,0.988361,-0.148059,-0.025925999999999998,0.43951599999999996,-0.07558,0.017908,-0.028782,0.015002000000000001
3395,0.231501,-1.418633,-1.5058850000000001,0.034777999999999996,0.9884459999999999,-0.147533,-0.021921,0.401071,-0.05520800000000001,-0.003848,0.004032,-0.004154
3396,0.23501599999999997,-1.419178,-1.510642,0.035171,0.9885280000000001,-0.146886,-0.019831,0.41694,-0.029575999999999998,-0.021315999999999998,0.003675,-0.011973000000000001
3397,0.243125,-1.419558,-1.511406,0.03627,0.988585,-0.146231,-0.011248000000000001,0.460454,0.003543,-0.025726,-0.026641,-0.014093000000000001
3398,0.24768,-1.41906,-1.515628,0.037056,0.98851,-0.146542,0.008669,0.419749,0.042187,-0.039711,-0.031723,-0.013309
3399,0.260949,-1.4181110000000001,-1.508998,0.03924,0.988366,-0.14694400000000002,0.05061,0.28207899999999997,0.06829400000000001,-0.053415,-0.020715,-0.020841
3400,0.255637,-1.415601,-1.5184030000000002,0.039085,0.987981,-0.149549,0.087451,0.191314,0.090024,-0.055397,-0.009023,-0.032701999999999995
3401,0.267971,-1.4131209999999998,-1.508985,0.041576,0.9875950000000001,-0.151419,0.110552,0.128305,0.10949500000000001,-0.048061,-0.01175,-0.03042
3402,0.266171,-1.409624,-1.512165,0.042211,0.9870399999999999,-0.154824,0.125156,0.058988,0.115021,-0.038519,0.011479999999999999,-0.015203999999999999
3403,0.276079,-1.4066670000000001,-1.5027709999999999,0.044538999999999995,0.986561,-0.15720699999999999,0.118592,0.020669,0.11288800000000002,-0.030164999999999997,0.032223,0.00294
3404,0.280965,-1.4048690000000001,-1.498376,0.045798,0.986266,-0.15869,0.094224,0.048494,0.101997,-0.013999000000000001,0.046632,0.013456999999999998
3405,0.290666,-1.402971,-1.490232,0.047872000000000005,0.98595,-0.16003199999999998,0.059352999999999996,0.107271,0.085655,-0.005742000000000001,0.032391,0.020826
3406,0.301516,-1.402808,-1.482406,0.049652999999999996,0.985923,-0.159657,0.025613,0.188385,0.076769,-0.010499,0.020608,0.016117
3407,0.314083,-1.402193,-1.474309,0.051842,0.98582,-0.15959600000000002,-0.00078,0.24601900000000002,0.072237,-0.012811000000000001,0.018101,0.014972999999999998
3408,0.322221,-1.402822,-1.470896,0.052943,0.985925,-0.158581,-0.02,0.24076799999999998,0.06997,-0.039866000000000006,0.005652,0.002896
3409,0.334859,-1.4029479999999999,-1.462709,0.054902,0.9859469999999999,-0.157782,-0.032845,0.22061599999999998,0.059224,-0.059495000000000006,0.0021969999999999997,-0.000131
3410,0.346005,-1.403219,-1.45528,0.056567,0.985992,-0.156909,-0.03198,0.168444,0.051820000000000005,-0.067446,0.008301000000000001,-0.03053
3411,0.337471,-1.402728,-1.4656559999999998,0.055386000000000005,0.9859100000000001,-0.157843,-0.021763,0.071449,0.05628,-0.052258000000000006,-0.005761,-0.042062
3412,0.344634,-1.4026889999999999,-1.458581,0.056527999999999995,0.9859030000000001,-0.157478,-0.016814,-0.022252,0.055385000000000004,-0.047998,-0.009387000000000001,-0.046395
3413,0.349912,-1.402586,-1.451928,0.05739400000000001,0.985886,-0.157274,-0.0086,-0.095776,0.0534,-0.021047,0.002304,-0.058135
3414,0.34431300000000004,-1.400177,-1.454339,0.057313,0.9854799999999999,-0.159827,0.010284,-0.179952,0.041887,0.009886,0.038019,-0.043588
3415,0.343589,-1.399741,-1.451023,0.057342,0.985406,-0.160273,0.007045,-0.20013399999999998,0.030139999999999997,0.021774,0.03852,-0.038610000000000005
3416,0.34410100000000005,-1.399731,-1.447338,0.057428,0.9854040000000001,-0.160253,-0.023511,-0.11480499999999999,0.029817000000000003,0.045828,0.030404,-0.026499
3417,0.35020300000000004,-1.400466,-1.4406780000000001,0.05815599999999999,0.9855290000000001,-0.159219,-0.072025,0.029101,0.048522,0.059092,0.002111,-0.007606
3418,0.361929,-1.401953,-1.430524,0.0595,0.9857799999999999,-0.157155,-0.11224,0.10698599999999998,0.053482,0.045572,-0.0057079999999999995,-0.002543
3419,0.373339,-1.4039030000000001,-1.4209559999999999,0.060588,0.9861059999999999,-0.154677,-0.11863199999999999,0.08897999999999999,0.033165,0.027607999999999997,-0.005667,0.000655
3420,0.382972,-1.4056,-1.4129969999999998,0.06145,0.9863860000000001,-0.152533,-0.09296499999999999,0.098495,0.029058999999999998,-0.016086000000000003,-0.009015,-0.014352
3421,0.392785,-1.406998,-1.405462,0.062416,0.9866149999999999,-0.150648,-0.08752,0.127221,0.033333,-0.020697999999999998,-0.013562000000000001,-0.020372
3422,0.403845,-1.40825,-1.39655,0.063593,0.9868180000000001,-0.148813,-0.081316,0.09837699999999999,0.048368,-0.013086000000000002,-0.015597,-0.005423
3423,0.412127,-1.410188,-1.389413,0.064057,0.98713,-0.146529,-0.067763,0.044991,0.072042,-0.020524,-0.002587,0.015241999999999999
3424,0.425308,-1.4104780000000001,-1.37608,0.06586399999999999,0.9871770000000001,-0.14541099999999998,-0.047972,-0.028714999999999997,0.10539000000000001,-0.026436,-0.00268,0.022501
3425,0.43837,-1.410067,-1.3611739999999999,0.06792999999999999,0.9871110000000001,-0.144906,-0.022831999999999998,-0.115159,0.122768,-0.026472000000000002,0.001186,0.016015
3426,0.445905,-1.410205,-1.350602,0.068961,0.987133,-0.144267,-0.014462000000000001,-0.146103,0.12820399999999998,-0.011420999999999999,0.021854,-0.002355
3427,0.458003,-1.409468,-1.335314,0.071024,0.987015,-0.144074,-0.02404,-0.14498699999999998,0.12386300000000001,-0.00799,0.018906,0.00026000000000000003
3428,0.470321,-1.408931,-1.3203719999999999,0.073033,0.986928,-0.14366099999999998,-0.034498,-0.10444400000000001,0.117329,-0.008122,0.017436,0.0034479999999999997
3429,0.481687,-1.410639,-1.307321,0.07388,0.987202,-0.141328,-0.054504,-0.058512,0.10324000000000001,-0.009915,0.035991,0.019150999999999998
3430,0.494096,-1.410842,-1.293806,0.075533,0.9872350000000001,-0.140224,-0.058633000000000005,-0.046702,0.083968,-0.010942,-0.019019,0.028285
3431,0.5020979999999999,-1.412496,-1.284568,0.07586699999999999,0.987497,-0.138183,-0.056531,-0.063712,0.07332000000000001,-0.010131999999999999,-0.002176,0.01094
3432,0.5132359999999999,-1.412863,-1.272635,0.077223,0.987554,-0.137014,-0.059564,-0.018989,0.080718,0.001085,0.01185,0.000524
3433,0.527882,-1.413202,-1.257716,0.079053,0.987608,-0.135579,-0.076548,0.000245,0.080576,0.006823999999999999,0.014712000000000001,-0.0018260000000000001
3434,0.541796,-1.414621,-1.2432969999999999,0.080209,0.9878290000000001,-0.13326500000000002,-0.084147,-0.034857,0.074158,-0.010064,0.016855000000000002,0.005351
3435,0.549564,-1.415927,-1.23425,0.080568,0.988032,-0.13153800000000002,-0.07989,-0.061404999999999994,0.04965,-0.020311000000000003,0.008138,0.001838
3436,0.551478,-1.4172850000000001,-1.231062,0.08011599999999999,0.98824,-0.130241,-0.074431,-0.051764,0.031513,-0.011406,0.010554000000000001,-0.0037920000000000002
3437,0.557447,-1.4183860000000001,-1.2237149999999999,0.080317,0.988408,-0.12883699999999998,-0.07986599999999999,-0.077299,0.028303,0.002462,0.007121,0.005515
3438,0.566543,-1.419669,-1.2126700000000001,0.080804,0.9886020000000001,-0.12703,-0.078901,-0.099673,0.028339,0.0026309999999999997,-9.2e-05,0.013000999999999999
3439,0.577623,-1.421848,-1.19979,0.08103099999999999,0.988928,-0.124323,-0.084119,-0.075145,0.026133999999999998,-0.001426,0.01272,0.019144
3440,0.588074,-1.4238,-1.1879979999999999,0.08125399999999999,0.989216,-0.12186199999999998,-0.095761,-0.06440900000000001,0.015356999999999999,0.001021,0.018475,0.025289
3441,0.602051,-1.4269319999999999,-1.172453,0.081195,0.989669,-0.11816099999999999,-0.0979,-0.081377,-0.001727,-0.000644,0.013519999999999999,0.027249000000000002
3442,0.6141989999999999,-1.430258,-1.158986,0.08072599999999999,0.9901409999999999,-0.114475,-0.109405,-0.049298,-0.022144999999999998,0.002236,0.022249,0.023929
3443,0.627816,-1.433669,-1.145222,0.08029299999999999,0.990613,-0.110631,-0.136769,0.01904,-0.038446,0.0063,0.029498000000000003,0.018209
3444,0.6452100000000001,-1.437872,-1.1287719999999999,0.079702,0.991179,-0.10589100000000001,-0.167463,0.059688,-0.05366699999999999,0.004268,0.02907,0.029460000000000004
3445,0.658307,-1.442733,-1.116982,0.07813200000000001,0.9918110000000001,-0.101025,-0.20034200000000002,0.06740499999999999,-0.090226,-0.014641,0.038264,0.04527
3446,0.666335,-1.447662,-1.110268,0.075918,0.9924290000000001,-0.09655,-0.232127,0.070896,-0.13638599999999998,-0.035482,0.037295999999999996,0.061852
3447,0.674987,-1.455761,-1.103245,0.071725,0.993391,-0.089612,-0.258517,0.093527,-0.178263,-0.035851999999999995,0.022082,0.063717
3448,0.6810039999999999,-1.462644,-1.0998629999999998,0.067957,0.994157,-0.083864,-0.293259,0.163028,-0.21277800000000002,-0.021891,0.008223000000000001,0.037752
3449,0.689315,-1.471152,-1.0958290000000002,0.06327,0.9950399999999999,-0.076766,-0.31951999999999997,0.23988,-0.228017,-0.019782,-0.016524,0.007888
3450,0.702429,-1.478836,-1.087507,0.059329,0.995775,-0.070092,-0.31964899999999996,0.2334,-0.205577,-0.026569,-0.036134,-0.018699
3451,0.710335,-1.48594,-1.083747,0.055267,0.996402,-0.064256,-0.310233,0.198187,-0.19905799999999998,-0.015427000000000001,-0.023196,-0.042402999999999996
3452,0.7253569999999999,-1.4935200000000002,-1.071001,0.051213999999999996,0.997016,-0.057765,-0.32250500000000004,0.056637,-0.22139499999999998,-0.01618,-0.014823,-0.05609600000000001
3453,0.7072890000000001,-1.5009059999999999,-1.087378,0.045376,0.997559,-0.053083000000000005,-0.347938,-0.159461,-0.237323,-0.044263,-0.003922,-0.07737999999999999
3454,0.706529,-1.509427,-1.082681,0.039816000000000004,0.998117,-0.04665,-0.31332600000000005,-0.336239,-0.28171999999999997,-0.042654000000000004,-0.025689999999999998,-0.078106
3455,0.674197,-1.517575,-1.105809,0.033208999999999995,0.998584,-0.041557,-0.244675,-0.535507,-0.32585,-0.017858000000000002,-0.006442,-0.051461
3456,0.585229,-1.523907,-1.183371,0.025892000000000002,0.998901,-0.039072,-0.207369,-0.5664399999999999,-0.347983,0.006807,-0.007339,-0.05039
3457,0.491303,-1.531439,-1.266887,0.018562000000000002,0.9992260000000001,-0.034692,-0.250823,-0.5002489999999999,-0.346235,0.021232,-0.014163999999999998,-0.046377999999999996
3458,0.369708,-1.539631,-1.378968,0.01126,0.9995139999999999,-0.029056,-0.310423,-0.470204,-0.348826,0.080537,-0.017916,-0.004345
3459,0.22994499999999998,-1.5480209999999999,-1.509666,0.0051909999999999994,0.999741,-0.022175,-0.368014,-0.46255799999999997,-0.34603,0.07699299999999999,-0.013168000000000001,0.000843
3460,-0.118096,-1.556347,-1.848632,-0.001702,0.9998959999999999,-0.014346000000000001,-0.406407,-0.441191,-0.32816599999999996,0.09034,0.0014320000000000001,0.016406
3461,-0.9148430000000001,-1.5608600000000001,-2.637728,-0.007877,0.999951,-0.006063000000000001,-0.41041099999999997,-0.342269,-0.28772800000000004,0.08617000000000001,0.002949,-0.013499
3462,-1.718389,-1.557685,2.847127,-0.012971000000000002,0.999914,0.001928,-0.388743,-0.21685100000000002,-0.235395,0.07194600000000001,0.022883,-0.056494
3463,-2.06448,-1.551554,2.5043599999999997,-0.016941,0.999815,0.009117,-0.327836,-0.139524,-0.178453,0.06396900000000001,0.037767,-0.091804
3464,-2.208223,-1.5459040000000002,2.362429,-0.020002000000000002,0.99969,0.014813,-0.265804,-0.068517,-0.140722,0.045012,0.009831,-0.105984
3465,-2.214366,-1.5447799999999998,2.357935,-0.02081,0.999662,0.015609999999999999,-0.240508,-0.114514,-0.114844,0.045482999999999996,0.0032380000000000004,-0.11648499999999999
3466,-2.286162,-1.540637,2.2905,-0.022762,0.9995450000000001,0.019778,-0.176287,-0.291631,-0.10028200000000001,0.040005,0.013088999999999998,-0.135714
3467,-2.3195810000000003,-1.537291,2.265109,-0.024539,0.999439,0.022805000000000002,-0.12804100000000002,-0.47184899999999996,-0.095441,-0.001645,0.018811,-0.124901
3468,-2.341336,-1.53435,2.254557,-0.026144999999999998,0.9993360000000001,0.025379,-0.10835999999999998,-0.6018859999999999,-0.094068,0.000174,0.024575,-0.085026
3469,-2.365795,-1.5316040000000002,2.2439880000000003,-0.027438,0.999232,0.02797,-0.11124200000000001,-0.74684,-0.072538,0.027620999999999996,0.023076,-0.051087
3470,-2.3961200000000002,-1.529634,2.22937,-0.027913,0.9991530000000001,0.030236000000000002,-0.064664,-0.78128,-0.025167,0.093205,0.009056,-0.0747
3471,-2.397168,-1.5319639999999999,2.241654,-0.026304,0.999246,0.028553,0.227886,-0.5815670000000001,0.12724000000000002,0.129332,-0.007593000000000001,-0.075947
3472,-2.354637,-1.5413139999999999,2.292754,-0.020877,0.9995649999999999,0.020812,0.47561899999999996,-0.325473,0.338013,0.11647300000000001,-0.013572999999999998,-0.101073
3473,-2.210118,-1.5555889999999999,2.440687,-0.012203,0.999884,0.009073000000000001,0.664866,-0.09659,0.477911,0.104275,-0.017646000000000002,-0.224451
3474,-0.230127,-1.56437,-1.8614810000000002,-0.001465,0.9999790000000001,-0.006254,0.814194,-0.026075,0.56753,0.101364,0.093572,-0.172198
3475,0.427936,-1.5456290000000001,-1.2044489999999999,0.010443000000000001,0.999683,-0.022895,0.8242079999999999,0.101578,0.6037560000000001,0.093088,0.122524,-0.11724100000000001
3476,0.542039,-1.526628,-1.0912950000000001,0.022779,0.999025,-0.037826,0.689088,-0.031195,0.624347,0.083392,0.11785799999999999,-0.069245
3477,0.614413,-1.50984,-1.013535,0.035119,0.998143,-0.049777999999999996,0.5391020000000001,-0.402471,0.6280479999999999,0.070243,-0.025105000000000002,0.090412
3478,0.661742,-1.494478,-0.955787,0.046851,0.9970889999999999,-0.06015,0.489547,-0.527924,0.608634,0.063638,-0.059696000000000006,0.101395
3479,0.6924140000000001,-1.479495,-0.9172530000000001,0.058205999999999994,0.995835,-0.07017799999999999,0.467376,-0.262497,0.584638,0.060248,-0.083497,0.084109
3480,0.726288,-1.4663620000000002,-0.883491,0.069229,0.994552,-0.077938,0.328808,0.18137999999999999,0.52435,0.08081100000000001,-0.056472,0.006145
3481,0.771261,-1.457072,-0.8454459999999999,0.0791,0.99354,-0.08136900000000001,0.125403,0.415729,0.437171,0.070131,-0.018716999999999998,0.013269
3482,0.816489,-1.4503709999999999,-0.80686,0.087547,0.992758,-0.08226599999999999,0.067352,0.257449,0.376079,0.059746,0.016245,0.014868000000000001
3483,0.842,-1.443811,-0.782031,0.094474,0.9919479999999999,-0.084342,0.13861800000000002,-0.07921900000000001,0.324666,-0.035407,0.047053,0.019187
3484,0.847065,-1.437249,-0.773075,0.099775,0.9910959999999999,-0.08817,0.19056900000000002,-0.219743,0.256842,-0.09234400000000001,0.040063,5e-06
3485,0.813245,-1.434991,-0.803439,0.098363,0.990793,-0.093032,0.173352,-0.09260800000000001,0.179632,-0.10156699999999999,0.004264,-0.014421000000000002
3486,0.8144140000000001,-1.431343,-0.803412,0.101099,0.9902920000000001,-0.09539600000000001,0.09896100000000001,0.14016199999999998,0.10937999999999999,-0.041849000000000004,0.009876000000000001,0.001509
3487,0.818198,-1.428782,-0.8032630000000001,0.10330999999999999,0.989933,-0.096746,0.090637,0.171148,0.09325800000000001,0.039542,0.033627,0.014669
3488,0.818153,-1.425813,-0.804725,0.105451,0.9895079999999999,-0.09876,0.11540299999999999,-0.0015689999999999999,0.10754000000000001,0.052386,0.033807,0.028447000000000004
3489,0.816146,-1.422728,-0.805059,0.107475,0.989058,-0.101061,0.094648,-0.108029,0.108599,0.013084,0.023881,0.039095
3490,0.817174,-1.420358,-0.8021550000000001,0.10928800000000001,0.988705,-0.102555,0.047908,-0.074795,0.09648,-0.012348999999999999,0.008043999999999999,0.027832
3491,0.822702,-1.418683,-0.795504,0.111068,0.988453,-0.103076,0.005382,-0.041622,0.09614,-0.007217,0.001247,0.009906
3492,0.831408,-1.41736,-0.786151,0.112927,0.988252,-0.102986,-0.011583,-0.018127,0.095992,0.00391,-0.002885,-0.009411
3493,0.83906,-1.41609,-0.778039,0.11464500000000001,0.988057,-0.10295699999999999,0.003363,-0.026657999999999998,0.085425,0.009439,-0.0052380000000000005,-0.018686
3494,0.8416110000000001,-1.414703,-0.773996,0.11592899999999999,0.987842,-0.103577,0.038311000000000005,-0.105525,0.06440499999999999,0.019065000000000002,0.004483,-0.027145
3495,0.837123,-1.413129,-0.775605,0.116618,0.9875959999999999,-0.10513800000000001,0.071225,-0.16413699999999998,0.041208999999999996,0.015262999999999999,0.008787,-0.017741
3496,0.829089,-1.411834,-0.779986,0.11671199999999998,0.987392,-0.10693499999999999,0.061595000000000004,-0.19702,0.014478999999999999,0.009737,0.012562,0.004975
3497,0.8285299999999999,-1.412173,-0.776841,0.116406,0.9874459999999999,-0.10677400000000001,0.010597,-0.179673,-0.016878,0.0037409999999999995,0.025172999999999997,0.033135000000000005
3498,0.8244959999999999,-1.412943,-0.778251,0.115416,0.987567,-0.106727,-0.030507,-0.096321,-0.046113999999999995,0.014313999999999999,0.030118000000000002,0.041968
3499,0.837284,-1.414873,-0.764778,0.115355,0.987869,-0.10396500000000002,-0.038612,-0.016328,-0.063361,0.033357,0.021973,0.021598
3500,0.8355670000000001,-1.416336,-0.766999,0.114104,0.9880950000000001,-0.10319400000000001,-0.035138,0.042259,-0.065549,0.043809,0.010288,-0.00168
3501,0.842642,-1.416033,-0.761247,0.11505599999999999,0.9880479999999999,-0.102584,-0.037170999999999996,0.06782,-0.062385,0.038021,0.00095,-0.014116
3502,0.842808,-1.417438,-0.762408,0.11403599999999998,0.9882639999999999,-0.10164,-0.0383,0.060341,-0.055974,0.023767,-0.00958,-0.019912
3503,0.8405530000000001,-1.416824,-0.765822,0.114258,0.9881700000000001,-0.102302,-0.018074,0.059167,-0.046213,0.014616999999999998,-0.01414,-0.024163
3504,0.838735,-1.417409,-0.769174,0.113642,0.988259,-0.102123,0.010799,0.087774,-0.032161,0.015447,-0.025781000000000002,-0.021931
3505,0.834048,-1.415198,-0.776285,0.11478,0.9879190000000001,-0.104122,0.045038999999999996,0.14079,5.9999999999999995e-05,0.0256,-0.031086000000000003,-0.03136
3506,0.833952,-1.413712,-0.779827,0.11585799999999999,0.9876879999999999,-0.10512,0.084465,0.188354,0.059026999999999996,0.031924,-0.02968,-0.033689
3507,0.832835,-1.408454,-0.785259,0.11958099999999999,0.986851,-0.108742,0.103646,0.230702,0.10825,0.011645,-0.009404000000000001,-0.039008999999999995
3508,0.8391200000000001,-1.405282,-0.7834300000000001,0.12259,0.986334,-0.110079,0.090642,0.21147,0.133821,-0.008516,0.000925,-0.029477999999999997
3509,0.8445860000000001,-1.402298,-0.7809510000000001,0.125391,0.9858379999999999,-0.11136099999999999,0.084958,0.11356600000000001,0.11360999999999999,-0.066309,0.028918,-0.0032630000000000003
3510,0.827874,-1.40293,-0.7983,0.123053,0.985943,-0.11302000000000001,0.103879,-0.007709000000000001,0.055134,-0.089926,0.028582999999999997,0.017744
3511,0.818337,-1.40134,-0.806605,0.12311300000000001,0.985677,-0.11525899999999999,0.09956799999999999,-0.08730700000000001,-0.015297,-0.091085,0.031183999999999996,0.033167
3512,0.806597,-1.401257,-0.817038,0.12181099999999999,0.985663,-0.116753,0.040241000000000006,-0.059141,-0.08090900000000001,-0.078446,0.042124,0.037239999999999995
3513,0.790533,-1.4066239999999999,-0.8324540000000001,0.116158,0.986554,-0.114971,-0.031908,-0.020335,-0.132748,-0.050651999999999996,0.045734,0.025112
3514,0.783109,-1.409468,-0.840341,0.113322,0.987015,-0.11384200000000001,-0.06245800000000001,0.048023,-0.15120799999999998,-0.040583,0.042954,0.017758000000000003
3515,0.776551,-1.413124,-0.848989,0.110044,0.9875950000000001,-0.112008,-0.058976,0.125716,-0.136331,-0.009091,0.022979,0.0040219999999999995
3516,0.773637,-1.4155790000000001,-0.854541,0.108022,0.987978,-0.11059300000000001,-0.056996000000000005,0.12239000000000001,-0.105334,0.015452,0.006346,-0.013994999999999999
3517,0.773506,-1.417806,-0.8566450000000001,0.10647000000000001,0.9883200000000001,-0.10903299999999999,-0.07650599999999999,0.07974400000000001,-0.079778,0.010626,-0.004906000000000001,-0.031699
3518,0.767791,-1.418623,-0.863145,0.10528399999999999,0.9884440000000001,-0.10905899999999999,-0.084333,0.021091,-0.057325,-0.008086,-0.012232,-0.037487
3519,0.769163,-1.4203,-0.8613629999999999,0.104281,0.9886969999999999,-0.107723,-0.057997,-0.041899,-0.04531,-0.021959,-0.006901000000000001,-0.034947000000000006
3520,0.755356,-1.420515,-0.8738469999999999,0.10263699999999999,0.9887290000000001,-0.108997,-0.010093000000000001,-0.067629,-0.046012,-0.012672,-0.010061,-0.032818
3521,0.7482260000000001,-1.420892,-0.8797370000000001,0.101604,0.988785,-0.109453,0.029370999999999998,-0.064592,-0.040399000000000004,0.020664,-0.021638,-0.033247000000000006
3522,0.7460439999999999,-1.417615,-0.880868,0.103564,0.988291,-0.112054,0.048487999999999996,-0.055189999999999996,-0.01036,0.049924,-0.020105,-0.030982
3523,0.741919,-1.416652,-0.884418,0.103744,0.988143,-0.11318099999999999,0.056004,-0.00955,0.024885,0.059983,-0.007308,-0.0281
3524,0.741819,-1.415448,-0.885242,0.10453599999999999,0.987958,-0.114069,0.041336000000000005,0.065011,0.039643,0.041658,0.001666,-0.026295999999999996
3525,0.748089,-1.413038,-0.880959,0.106869,0.987582,-0.115156,0.020288,0.10987000000000001,0.031958999999999994,0.011997,0.005613,-0.005983
3526,0.751444,-1.412391,-0.87989,0.10769100000000001,0.9874799999999999,-0.115264,0.020345,0.11734800000000001,0.026608999999999997,0.012778,0.0073620000000000005,-0.000535
3527,0.753487,-1.41161,-0.880359,0.108454,0.9873569999999999,-0.115606,0.036425,0.129031,0.021365000000000002,0.010748,0.008325,-0.00062
3528,0.758579,-1.410064,-0.8778819999999999,0.11009100000000001,0.98711,-0.11615999999999999,0.032148,0.122672,0.017072999999999998,0.017824,0.014721000000000001,0.000147
3529,0.7603800000000001,-1.409559,-0.87855,0.110644,0.987029,-0.116323,0.013002000000000001,0.12809600000000002,0.009455,0.004484,0.020005000000000002,0.002188
3530,0.763841,-1.4102219999999999,-0.878026,0.11059300000000001,0.987136,-0.11546600000000001,-0.006011,0.15804100000000001,-0.003536,-0.02435,0.02089,0.012851
3531,0.766439,-1.410535,-0.878754,0.110678,0.987186,-0.11495599999999999,-0.008025,0.16558299999999998,-0.022788,-0.026815,0.017315999999999998,0.016995
3532,0.766861,-1.411196,-0.8815209999999999,0.110273,0.987291,-0.11443900000000001,-0.011173,0.152909,-0.047363,-0.024458,0.015639,0.018904
3533,0.76561,-1.413861,-0.885865,0.108307,0.987711,-0.11268,-0.023868,0.15623399999999998,-0.068823,-0.011017,0.0212,0.023798
3534,0.768944,-1.4179059999999999,-0.886022,0.105903,0.9883350000000001,-0.109446,-0.03971,0.175538,-0.087122,-0.011451000000000001,0.018943,0.021724
3535,0.769357,-1.421068,-0.8892610000000001,0.103774,0.9888120000000001,-0.10715699999999999,-0.054581,0.179893,-0.097916,-0.01277,0.017414,0.019892
3536,0.766162,-1.427502,-0.8961790000000001,0.099017,0.989751,-0.10290099999999999,-0.076888,0.189614,-0.11198,-0.027438,0.021953,0.015575
3537,0.760387,-1.4332040000000001,-0.905741,0.09452999999999999,0.990549,-0.099381,-0.099253,0.18548699999999999,-0.126025,-0.032198000000000004,0.020452,0.014633000000000002
3538,0.756792,-1.437901,-0.912701,0.090977,0.991182,-0.096336,-0.114258,0.157893,-0.138917,-0.031559,0.019743,0.012306000000000001
3539,0.747309,-1.443486,-0.9253100000000001,0.08629500000000001,0.991907,-0.09313300000000001,-0.126966,0.16545,-0.152909,-0.026007,0.019873,0.0009390000000000001
3540,0.736823,-1.449026,-0.939224,0.08162,0.9925950000000001,-0.089961,-0.148145,0.172031,-0.181912,-0.021744,0.012454999999999999,0.000407
3541,0.7264520000000001,-1.4555280000000002,-0.952626,0.076394,0.9933639999999999,-0.085977,-0.170551,0.134974,-0.21941300000000002,-0.021875,0.01248,0.008095999999999999
3542,0.71223,-1.462926,-0.9691219999999999,0.070359,0.994188,-0.08148999999999999,-0.185427,0.103251,-0.265414,-0.019395,0.008681,0.010429
3543,0.691653,-1.470644,-0.991892,0.06377200000000001,0.9949889999999999,-0.07700800000000001,-0.19372899999999998,0.109856,-0.311417,-0.011373000000000001,0.0050869999999999995,0.006741
3544,0.667223,-1.478246,-1.018915,0.057189,0.99572,-0.072599,-0.192433,0.131277,-0.341346,0.004731,0.002433,0.003095
3545,0.642113,-1.4845899999999999,-1.047491,0.051564,0.996287,-0.068951,-0.191077,0.189884,-0.346749,0.026485,-0.0068909999999999996,-0.010593
3546,0.6272,-1.4902739999999999,-1.066881,0.047206,0.9967600000000001,-0.065126,-0.203782,0.22078299999999998,-0.33725700000000003,0.047872000000000005,-0.010508,-0.005278
3547,0.622429,-1.496319,-1.076163,0.043381,0.9972280000000001,-0.060453999999999994,-0.24015100000000003,0.214459,-0.32254,0.048004000000000005,0.007197,-0.003786
3548,0.610639,-1.50322,-1.092224,0.038718,0.997718,-0.055322,-0.270108,0.202816,-0.315252,0.02752,0.012459999999999999,-0.010581
3549,0.586629,-1.51061,-1.120365,0.033297,0.998189,-0.050094,-0.287167,0.207128,-0.313239,0.011701999999999999,0.004572,-0.017976
3550,0.537342,-1.517304,-1.174226,0.027367000000000002,0.9985700000000001,-0.045931,-0.272039,0.239073,-0.322787,0.004065999999999999,-0.010014,-0.041714999999999995
3551,0.47086400000000006,-1.523832,-1.246167,0.021297999999999997,0.9988969999999999,-0.041837,-0.238785,0.283677,-0.317271,0.013966,-0.026882,-0.059283
3552,0.391824,-1.530581,-1.33064,0.015353,0.9991909999999999,-0.037157,-0.227314,0.24096199999999998,-0.301113,0.028332999999999997,-0.033554,-0.059721
3553,0.291985,-1.536988,-1.4338870000000001,0.009729999999999999,0.9994290000000001,-0.032371,-0.247164,0.11843800000000002,-0.27973000000000003,0.033956,-0.025185,-0.05393200000000001
3554,0.173353,-1.5421770000000001,-1.553501,0.004935,0.999591,-0.028183999999999997,-0.276508,0.006652,-0.271244,0.001168,0.003568,-0.032438999999999996
3555,-0.027168,-1.54836,-1.753513,-0.000609,0.999748,-0.022425,-0.291616,-0.041194,-0.280902,-0.015778999999999998,0.018379,-0.041479
3556,-0.355513,-1.551351,-2.081079,-0.006768000000000001,0.999811,-0.018228,-0.255296,-0.037038999999999996,-0.285997,-0.014563999999999999,0.021856999999999998,-0.053077
3557,-0.717022,-1.552117,-2.441827,-0.012274,0.999826,-0.014079,-0.17541500000000002,-0.044864,-0.262996,0.012121,-0.002252,-0.074422
3558,-0.833888,-1.5498180000000001,-2.5581009999999997,-0.015534000000000001,0.9997799999999999,-0.014096000000000001,-0.094427,-0.022956,-0.21758899999999998,0.053666,-0.006021,-0.08755800000000001
3559,-0.9922850000000001,-1.547726,-2.7162919999999997,-0.019313999999999998,0.999734,-0.012613,-0.06789400000000001,-0.010440000000000001,-0.173623,0.09187000000000001,0.003089,-0.090598
3560,-1.109117,-1.5459889999999998,-2.8328830000000003,-0.022208000000000002,0.999692,-0.011049,-0.084142,-0.02015,-0.128858,0.1043,0.017993000000000002,-0.06876900000000001
3561,-1.102151,-1.546715,-2.8259529999999997,-0.021483000000000002,0.99971,-0.010876,-0.079855,0.018045,-0.09361699999999999,0.082045,0.025452000000000002,-0.045078
3562,-1.169827,-1.545923,-2.894823,-0.022897999999999998,0.999691,-0.009706999999999999,-0.04238,0.083816,-0.057120000000000004,0.063989,0.012669,-0.033582
3563,-1.180816,-1.545425,-2.907944,-0.023465,0.9996780000000001,-0.009645,0.015153999999999999,0.111133,-0.011888,0.056302,0.001192,-0.051619000000000005
3564,-1.0413780000000001,-1.546089,-2.770616,-0.021324,0.9996950000000001,-0.012477,0.054340999999999993,0.099064,0.041817,0.056312,-0.0031739999999999997,-0.06955399999999999
3565,-0.9623889999999999,-1.546618,-2.693461,-0.019837,0.999708,-0.013817,0.07009,0.08923400000000001,0.08894099999999999,0.060639,0.00371,-0.070091
3566,-0.749351,-1.547288,-2.482416,-0.016012000000000002,0.999724,-0.01721,0.078597,0.10827300000000001,0.11568699999999998,0.049932,0.011019,-0.056597
3567,-0.623182,-1.547518,-2.35873,-0.013584,0.9997290000000001,-0.0189,0.084013,0.129547,0.118902,0.02866,0.009472,-0.041188999999999996
3568,-0.496734,-1.5473569999999999,-2.2343919999999997,-0.011169,0.999725,-0.020605000000000002,0.083802,0.083736,0.120028,0.018402,0.0028079999999999997,-0.030772000000000004
3569,-0.34654,-1.5461690000000001,-2.084899,-0.008364,0.999697,-0.02316,0.08455599999999999,0.011303,0.11799000000000001,0.006899,0.009916,-0.020784999999999998
3570,-0.241418,-1.545287,-1.9798689999999999,-0.006097999999999999,0.999675,-0.024766,0.076073,0.014563,0.10938099999999999,-0.0021260000000000003,0.011448999999999999,-0.021925
3571,-0.157885,-1.543512,-1.8972939999999998,-0.004289,0.9996280000000001,-0.026942,0.06468600000000001,0.06796100000000001,0.085732,-0.0043170000000000005,0.010504000000000001,-0.022481
3572,-0.10093200000000001,-1.542541,-1.841751,-0.0028469999999999997,0.9996010000000001,-0.028109,0.056247000000000005,0.065954,0.062175,-0.004004,0.017245,-0.022688
3573,-0.060083000000000004,-1.541056,-1.802413,-0.001786,0.999558,-0.029684,0.05322,0.09158200000000001,0.049302,-0.0017850000000000001,0.012726000000000001,-0.013682
3574,-0.017343,-1.53884,-1.762231,-0.000554,0.999489,-0.031945999999999995,0.052416,0.150171,0.050289999999999994,0.006412999999999999,0.007774,-0.019507
3575,0.051239,-1.536346,-1.696754,0.0017640000000000002,0.9994069999999999,-0.034397000000000004,0.055573000000000004,0.14693499999999998,0.057797,0.021521000000000002,0.013136000000000002,-0.020596
3576,0.12472899999999999,-1.533299,-1.625681,0.004664,0.9992969999999999,-0.037197,0.06604299999999999,0.10848,0.077136,0.023611,0.009156000000000001,-0.027622000000000004
3577,0.184091,-1.530262,-1.568463,0.007418000000000001,0.999179,-0.039838,0.087254,0.113595,0.111463,0.02191,0.003385,-0.034885
3578,0.249692,-1.5261930000000001,-1.505335,0.011018,0.9990049999999999,-0.043206,0.114901,0.132512,0.152226,0.030943000000000002,-0.011258,-0.052772
3579,0.310498,-1.522677,-1.447219,0.014696,0.998842,-0.0458,0.141405,0.137574,0.195134,0.037443000000000004,-0.006776999999999999,-0.054786
3580,0.38595,-1.516605,-1.374024,0.020390000000000002,0.998532,-0.05018,0.16663499999999998,0.10001399999999999,0.24236300000000002,0.032238,-0.006772,-0.039847
3581,0.44731400000000004,-1.51108,-1.314129,0.025814,0.998218,-0.053808,0.19298099999999999,0.06674,0.282114,0.023227,-0.003848,-0.019708
3582,0.505487,-1.504227,-1.256947,0.032212,0.997785,-0.058202,0.20454,0.049565,0.30465,0.011290999999999999,0.005938000000000001,-0.012140999999999999
3583,0.553685,-1.497496,-1.209516,0.038508,0.997315,-0.062292999999999994,0.20764000000000002,0.040977,0.31856999999999996,0.002843,0.0037380000000000004,-0.003549
3584,0.602229,-1.489905,-1.161832,0.045774,0.9967299999999999,-0.066589,0.214022,0.055791999999999994,0.337825,0.017474,-0.009502,-0.001603
3585,0.6474770000000001,-1.481584,-1.117695,0.053739,0.996023,-0.071062,0.20965999999999999,0.057844000000000007,0.361295,0.020037,-0.016485,-0.004529999999999999
3586,0.697588,-1.471853,-1.068371,0.063455,0.995109,-0.075706,0.21696700000000002,0.038577,0.378469,0.029944,-0.012519,-0.012353
3587,0.7209220000000001,-1.461898,-1.045727,0.07174,0.9940760000000001,-0.081643,0.276752,0.046891,0.378878,0.00225,-0.013500999999999999,-0.044822
3588,0.7347199999999999,-1.4522629999999999,-1.033024,0.079277,0.992983,-0.08774900000000001,0.32809099999999997,0.068047,0.371732,-0.011894,-0.017122,-0.050587
3589,0.733946,-1.4419110000000002,-1.034918,0.086089,0.991706,-0.095437,0.323847,0.051102,0.350358,-0.023131,-0.011068999999999999,-0.020194
3590,0.7422989999999999,-1.433039,-1.026907,0.09282699999999999,0.990526,-0.10119500000000001,0.26931700000000003,0.004501,0.329741,-0.022255,0.008145999999999999,0.028792
3591,0.75543,-1.426717,-1.013182,0.09844,0.9896389999999999,-0.104524,0.209463,-0.050555,0.29734499999999997,-0.02065,0.015199,0.053895000000000005
3592,0.762985,-1.420267,-1.004014,0.10363499999999999,0.988692,-0.10838800000000001,0.17968199999999998,-0.072651,0.25443699999999997,-0.03404,0.014375,0.0557
3593,0.769216,-1.416279,-0.997283,0.107051,0.988086,-0.110572,0.175976,0.01593,0.216906,-0.033122000000000006,0.017238999999999997,0.023826
3594,0.7732760000000001,-1.411437,-0.994346,0.11083900000000001,0.9873290000000001,-0.11356,0.14121,0.064191,0.16639500000000002,-0.014678,0.020529,0.0015300000000000001
3595,0.776515,-1.408474,-0.991619,0.113256,0.9868549999999999,-0.11528599999999999,0.085646,0.001709,0.12228900000000001,-0.020956,0.038689,0.01908
3596,0.77941,-1.406288,-0.9888040000000001,0.115105,0.986499,-0.11649200000000001,0.053986,0.031835,0.075027,-0.049309,0.040829000000000004,0.039054000000000005
3597,0.780048,-1.40689,-0.9904709999999999,0.11476199999999999,0.986597,-0.115997,0.048409,0.16734200000000002,0.025672000000000004,-0.042588,0.038961,0.036499000000000004
3598,0.782253,-1.406526,-0.992663,0.115271,0.9865379999999999,-0.115998,0.008329000000000001,0.231553,-0.013146000000000001,-0.027792,0.039158,0.035782999999999995
3599,0.7862,-1.407173,-0.99323,0.115276,0.9866440000000001,-0.11509100000000001,-0.036446,0.22006900000000001,-0.032672,-0.01031,0.034977999999999995,0.030327999999999997
3600,0.793013,-1.4095950000000002,-0.9908870000000001,0.114354,0.987035,-0.112626,-0.056647,0.228692,-0.040304,-0.020498,0.023538999999999997,0.019761
3601,0.797875,-1.411989,-0.990728,0.11320899999999999,0.987417,-0.110418,-0.061905999999999996,0.24151,-0.044633,-0.022251,0.012980000000000002,0.012182
3602,0.801241,-1.413905,-0.9921270000000001,0.112221,0.987718,-0.10872000000000001,-0.05128099999999999,0.23719099999999999,-0.039214,-0.011498,-0.002305,-0.01097
3603,0.8065399999999999,-1.414733,-0.991024,0.112205,0.9878469999999999,-0.10755799999999999,-0.025998,0.191193,-0.013341,-0.006828,-0.012978,-0.025483000000000002
3604,0.811417,-1.4149,-0.9893790000000001,0.11260899999999999,0.987873,-0.106896,-0.008163,0.14736,0.010341,-0.005721,-0.013125999999999999,-0.029594
3605,0.810105,-1.414007,-0.993174,0.113107,0.987734,-0.107652,0.00978,0.11741300000000002,0.024391,-0.005304,-0.010256,-0.028151999999999996
3606,0.812996,-1.4132870000000002,-0.992343,0.113935,0.9876209999999999,-0.107813,0.025649,0.097079,0.034142,-0.010953000000000001,0.002751,-0.009511
3607,0.813439,-1.412555,-0.9938600000000001,0.114508,0.987506,-0.108259,0.027788,0.108747,0.044822,-0.012365000000000001,0.005292,-0.00374
3608,0.818315,-1.4113360000000001,-0.9920629999999999,0.11591300000000002,0.9873129999999999,-0.10852300000000001,0.031276,0.188567,0.060767999999999996,-0.009025,0.0044009999999999995,-0.001997
3609,0.8208209999999999,-1.409149,-0.9942030000000001,0.11776400000000001,0.9869629999999999,-0.109703,0.030486000000000003,0.263083,0.074553,-0.0023769999999999998,0.011099,-0.014549000000000001
3610,0.826042,-1.407934,-0.9943110000000001,0.119217,0.9867670000000001,-0.1099,0.017728,0.26741,0.069116,-0.016815,0.023777,-0.013925
3611,0.829421,-1.407878,-0.9955780000000001,0.119628,0.986758,-0.10953299999999999,-0.017526,0.221867,0.033673,-0.031829,0.036328,-0.012843
3612,0.837233,-1.408342,-0.991606,0.12014000000000001,0.986833,-0.10828900000000001,-0.050584,0.180616,-0.01137,-0.07244099999999999,0.031874,0.00787
3613,0.835606,-1.411456,-0.996502,0.117684,0.987332,-0.106422,-0.069717,0.169075,-0.039269,-0.064339,0.018466,0.003471
3614,0.841716,-1.413167,-0.9934540000000001,0.11707200000000001,0.9876020000000001,-0.104576,-0.074061,0.142497,-0.04888,-0.054983000000000004,0.012123,0.001243
3615,0.841151,-1.414878,-0.9963,0.115753,0.987869,-0.10351600000000001,-0.068902,0.109429,-0.042394,-0.019622999999999998,-0.0028079999999999997,-0.018463
3616,0.8462120000000001,-1.4162350000000001,-0.993376,0.115271,0.988079,-0.10203999999999999,-0.059349,0.10935299999999999,-0.031645,-0.017356,-0.004635,-0.022442
3617,0.8515729999999999,-1.417492,-0.990044,0.114882,0.9882719999999999,-0.100602,-0.06261599999999999,0.096572,-0.029514999999999996,-0.019087,-0.004599,-0.020584
3618,0.852942,-1.419302,-0.9903639999999999,0.113673,0.988547,-0.099268,-0.061597000000000006,0.089099,-0.026295999999999996,-0.025355000000000003,0.005319,-0.00054
3619,0.8589969999999999,-1.420453,-0.986117,0.113409,0.98872,-0.097834,-0.06267400000000001,0.094399,-0.018833000000000003,-0.01113,0.008015000000000001,0.006586
3620,0.867008,-1.421758,-0.9798520000000001,0.113206,0.988914,-0.096087,-0.068085,0.086923,-0.009247,0.003936,0.004768,0.007174
3621,0.8751700000000001,-1.422591,-0.973259,0.113354,0.989038,-0.09463300000000001,-0.058575,0.08150299999999999,0.0057810000000000005,0.003513,-0.000909,-0.000597
3622,0.8815,-1.422791,-0.968565,0.113798,0.989067,-0.093787,-0.049039,0.090959,0.030404,-0.003935,0.004524,-0.010095
3623,0.889109,-1.422952,-0.962664,0.11438499999999999,0.9890909999999999,-0.092818,-0.065093,0.096273,0.047375,-0.012639,0.008666,-0.012605
3624,0.8946379999999999,-1.4230399999999999,-0.9591930000000001,0.114828,0.9891040000000001,-0.09212999999999999,-0.057551,0.124957,0.060207000000000004,-0.014363999999999998,-0.010375,-0.011126
3625,0.90466,-1.4224809999999999,-0.951702,0.11618099999999999,0.9890209999999999,-0.091317,-0.022402000000000002,0.137515,0.086073,-0.014771000000000001,-0.015892,-0.004753
3626,0.9174379999999999,-1.4219979999999999,-0.9417620000000001,0.117717,0.98895,-0.090115,0.002129,0.15121800000000002,0.10117999999999999,-0.0042380000000000004,-0.012418,0.013316999999999999
3627,0.9321,-1.4199899999999999,-0.9301510000000001,0.12062,0.98865,-0.089563,0.019190000000000002,0.15428599999999998,0.119434,0.011292,0.016263,0.003137
3628,0.9441709999999999,-1.417439,-0.9208959999999999,0.123735,0.9882639999999999,-0.08957899999999999,0.022261000000000003,0.136123,0.130162,0.013212999999999999,0.030032,-3.6e-05
3629,0.9613370000000001,-1.4152870000000002,-0.90638,0.126998,0.987933,-0.088659,-0.00968,0.140539,0.119253,0.006272,0.023069,0.0147
3630,0.980452,-1.414449,-0.8908799999999999,0.129357,0.9878030000000001,-0.086676,-0.040233,0.211019,0.102925,-0.003304,0.008551000000000001,0.011756
3631,0.998559,-1.41337,-0.87746,0.131801,0.987634,-0.084897,-0.044315,0.255762,0.106044,-0.003032,0.001364,0.007825
3632,1.016621,-1.411836,-0.8647950000000001,0.134601,0.987392,-0.0833,-0.035689,0.282339,0.11248,0.010846,-0.005383,-0.020613
3633,1.0295299999999998,-1.409713,-0.85754,0.137461,0.9870540000000001,-0.082635,-0.029261000000000002,0.296131,0.121053,0.0029809999999999997,0.015311000000000002,-0.027823
3634,1.047029,-1.408024,-0.8458870000000001,0.14032999999999998,0.9867819999999999,-0.081051,-0.047379000000000004,0.298333,0.11878699999999999,-0.000559,0.027623,-0.034824
3635,1.0666069999999999,-1.40667,-0.8317469999999999,0.143059,0.986562,-0.078933,-0.080572,0.26545100000000005,0.11218800000000001,-0.016686000000000003,0.019099,-0.045441
3636,1.070015,-1.406513,-0.832411,0.143463,0.9865360000000001,-0.07852,-0.10528599999999999,0.202775,0.089657,-0.038895,0.011877,-0.038362
3637,1.090131,-1.4064139999999998,-0.815416,0.1451,0.9865200000000001,-0.075663,-0.129943,0.144399,0.057513,-0.05164,0.013312000000000001,-0.040822000000000004
3638,1.109696,-1.407083,-0.79799,0.14596199999999998,0.9866290000000001,-0.072517,-0.148075,0.108393,0.020045,-0.048701999999999995,0.027226,-0.024361
3639,1.123045,-1.409274,-0.786215,0.144968,0.986984,-0.069626,-0.166187,0.089379,-0.00463,-0.031671,0.019288,-0.010834
3640,1.143823,-1.411086,-0.7669199999999999,0.144755,0.987273,-0.065858,-0.187462,0.084204,-0.024,-0.028314999999999996,0.00021400000000000002,0.004594
3641,1.166121,-1.414308,-0.745743,0.143262,0.9877809999999999,-0.061361,-0.206724,0.057694,-0.037989999999999996,-0.037488,0.000562,0.016577
3642,1.1899879999999998,-1.4168319999999999,-0.722355,0.142371,0.9881709999999999,-0.056998,-0.219579,0.030106,-0.054068,-0.046348,0.010608,0.023673
3643,1.216548,-1.4212790000000002,-0.695806,0.139712,0.988843,-0.051673000000000004,-0.227108,0.003556,-0.067978,-0.050143,0.018969,0.031455000000000004
3644,1.242271,-1.424259,-0.669489,0.138204,0.989283,-0.047111,-0.237839,-0.021925999999999998,-0.07977100000000001,-0.046987,0.026724,0.039146
3645,1.271495,-1.427453,-0.639116,0.13650199999999998,0.9897440000000001,-0.042121,-0.271084,-0.063343,-0.08315399999999999,-0.049222,0.021487,0.033194
3646,1.30535,-1.430649,-0.603182,0.134797,0.990195,-0.036646,-0.29899000000000003,-0.099469,-0.082235,-0.039048,0.024911000000000003,0.019694
3647,1.343741,-1.433804,-0.561998,0.13305899999999998,0.9906309999999999,-0.030742000000000002,-0.32047600000000004,-0.13454000000000002,-0.084476,-0.023257,0.026260000000000002,0.014200999999999998
3648,1.388332,-1.437568,-0.51399,0.130629,0.991138,-0.024103,-0.32697,-0.16536800000000001,-0.095166,-0.013166999999999998,0.025509,0.010553
3649,1.431853,-1.440779,-0.46674399999999994,0.128401,0.99156,-0.017956,-0.337505,-0.15778399999999998,-0.117682,-0.010709999999999999,0.0208,0.011242
3650,1.485406,-1.444726,-0.410009,0.125279,0.992064,-0.010724,-0.370344,-0.130935,-0.143584,-0.014683000000000002,-5.9e-05,0.010434
3651,1.5523120000000001,-1.449532,-0.340044,0.120946,0.992657,-0.002236,-0.41722200000000004,-0.131772,-0.15993800000000002,-0.020681,0.001423,0.008995999999999999
3652,1.624212,-1.452865,-0.26518400000000003,0.11749000000000001,0.9930540000000001,0.006282,-0.458633,-0.111293,-0.183754,-0.024213,0.004901,0.0074659999999999995
3653,1.720532,-1.4574719999999999,-0.166406,0.11181600000000001,0.9935860000000001,0.016869,-0.49149899999999996,-0.097197,-0.217121,-0.022705,0.018591,0.018684
3654,1.815479,-1.4600819999999999,-0.068629,0.107197,0.993877,0.026766,-0.521352,-0.12147899999999999,-0.246141,-0.016392,0.012379000000000001,0.017958000000000002
3655,1.920929,-1.46195,0.040258999999999996,0.10203999999999999,0.994082,0.037263,-0.555491,-0.148945,-0.274118,-0.01624,0.004194,0.013946
3656,2.039988,-1.4630670000000001,0.163266,0.095903,0.9942030000000001,0.048618,-0.574667,-0.164768,-0.296666,-0.008409,0.004592000000000001,0.0017670000000000001
3657,2.156973,-1.462536,0.284715,0.090012,0.9941459999999999,0.059771000000000005,-0.579054,-0.205177,-0.310531,-1.4999999999999999e-05,-0.01122,-0.020006
3658,2.2708060000000003,-1.460598,0.403775,0.084114,0.993934,0.070849,-0.572807,-0.239288,-0.310444,0.008904,-0.021217,-0.035403
3659,2.372635,-1.457659,0.511506,0.07850599999999999,0.993607,0.081131,-0.5547880000000001,-0.26598299999999997,-0.310284,0.017106,-0.022827,-0.059936
3660,2.4598310000000003,-1.454517,0.604866,0.07311000000000001,0.9932469999999999,0.09008300000000001,-0.522803,-0.27460300000000004,-0.313253,0.02154,-0.00875,-0.07976799999999999
3661,2.524286,-1.452308,0.6756489999999999,0.068425,0.9929879999999999,0.09639400000000001,-0.482282,-0.279014,-0.310825,0.029017,-0.012062,-0.084492
3662,2.591955,-1.448848,0.749977,0.063545,0.992574,0.103729,-0.470724,-0.30998600000000004,-0.30109,0.033897000000000004,0.002269,-0.074661
3663,2.652854,-1.444412,0.818116,0.059181,0.992024,0.11129100000000001,-0.504893,-0.33111599999999997,-0.315185,0.044655,0.040569,-0.030618
3664,2.729634,-1.4373690000000001,0.9021399999999999,0.053265999999999994,0.9911120000000001,0.121902,-0.589016,-0.329619,-0.349958,0.049059,0.046196,-0.018356
3665,2.8067830000000002,-1.427525,0.9873190000000001,0.046916,0.9897540000000001,0.134853,-0.728905,-0.383357,-0.37650300000000003,0.056737,0.041618,-0.011394
3666,2.880746,-1.413897,1.0708879999999998,0.040298,0.987717,0.15097,-0.892322,-0.45510100000000003,-0.408531,0.016907,0.101441,0.08215399999999999
3667,2.95174,-1.396785,1.151761,0.032673,0.9848979999999999,0.170023,-1.0272569999999999,-0.41169300000000003,-0.49071400000000004,0.007625,0.10898900000000002,0.077337
3668,3.01848,-1.3778139999999999,1.22634,0.023552,0.9814370000000001,0.190335,-1.039302,-0.288959,-0.5368890000000001,-0.0038369999999999997,0.106744,0.063601
3669,3.075232,-1.358396,1.289599,0.013978999999999998,0.9775280000000001,0.21034299999999997,-1.020902,-0.24104299999999998,-0.547505,0.002058,0.0509,0.039916
3670,3.124028,-1.338433,1.344068,0.004045,0.973125,0.230242,-1.023959,-0.21650100000000003,-0.5550350000000001,0.006362,0.026295,0.009824
3671,-3.117566,-1.3179290000000001,1.3903510000000001,-0.00601,0.968199,0.250109,-1.020346,-0.132326,-0.562595,0.022932,0.010561,-0.00757
3672,-3.08239,-1.297604,1.429186,-0.015964,0.9629139999999999,0.269334,-0.972366,-0.111299,-0.534513,0.062854,-0.040764999999999996,-0.033708
3673,-3.053716,-1.278678,1.461154,-0.025274,0.957636,0.28686999999999996,-0.8710379999999999,-0.089394,-0.5060600000000001,0.046896,-0.03155,-0.057622
3674,-3.027628,-1.26214,1.490105,-0.034545,0.952743,0.30180799999999997,-0.718318,-0.069627,-0.5199729999999999,0.011627,-0.026839,-0.064305
3675,-3.000079,-1.2486190000000001,1.520254,-0.044657999999999996,0.948548,0.31346799999999997,-0.546338,-0.06473,-0.561507,-0.013935,-0.043198,-0.074317
3676,-2.971149,-1.238443,1.552341,-0.055341999999999995,0.945277,0.32154099999999997,-0.355273,-0.085471,-0.601807,-0.011553,-0.045207,-0.0839
3677,-2.942295,-1.2317870000000002,1.585672,-0.065839,0.9430850000000001,0.32597,-0.14330299999999999,-0.156538,-0.595962,-0.007769,-0.078873,-0.097348
3678,-2.91478,-1.229296,1.619159,-0.07531,0.9422530000000001,0.326324,0.082455,-0.226719,-0.556936,0.00158,-0.08467899999999999,-0.098663
3679,-2.888318,-1.23129,1.652666,-0.08344700000000001,0.9429190000000001,0.322397,0.317786,-0.265075,-0.493287,0.00105,-0.10263299999999999,-0.093851
3680,-2.862652,-1.237818,1.6853759999999998,-0.08999700000000001,0.9450729999999999,0.314226,0.539339,-0.249189,-0.395619,0.004746,-0.12797999999999998,-0.09840499999999999
3681,-2.837308,-1.248785,1.716841,-0.094819,0.948601,0.301937,0.748156,-0.20561300000000002,-0.285258,0.015184,-0.12476400000000001,-0.089809
3682,-2.811746,-1.263809,1.7474580000000002,-0.09787799999999999,0.953248,0.285898,0.9217860000000001,-0.157653,-0.175148,0.031563,-0.067735,-0.074976
3683,-2.785373,-1.281908,1.7778009999999997,-0.09935,0.9585610000000001,0.267002,1.03783,-0.12220299999999999,-0.083584,0.0513,-0.024906,-0.069767
3684,-2.758851,-1.301766,1.808057,-0.099266,0.9640290000000001,0.246565,1.090737,-0.134448,0.002259,0.061073,-0.0036409999999999997,-0.055449
3685,-2.734051,-1.322419,1.836989,-0.097436,0.9693129999999999,0.225698,1.0923100000000001,-0.177394,0.084578,0.100534,0.05501,-0.037541000000000005
3686,-2.711952,-1.343149,1.864079,-0.09400800000000001,0.9742,0.205175,1.06192,-0.229739,0.147458,0.132247,0.061063,0.001475
3687,-2.6929689999999997,-1.3633600000000001,1.8886209999999999,-0.089326,0.978562,0.185571,0.999591,-0.259631,0.21756399999999998,0.14257999999999998,0.056747000000000006,0.032553
3688,-2.682586,-1.382317,1.904623,-0.083013,0.98229,0.167971,0.855133,-0.265877,0.306293,0.1565,0.056451999999999995,0.07577300000000001
3689,-2.69001,-1.39726,1.902942,-0.07535,0.98498,0.155358,0.526151,-0.311758,0.343579,0.09549099999999999,0.24118499999999998,0.19786800000000002
3690,-2.7172520000000002,-1.404239,1.882652,-0.068258,0.9861610000000001,0.151084,0.071625,-0.3866,0.273202,0.012594,0.368575,0.25940799999999997
3691,-2.7554060000000002,-1.402593,1.8530099999999998,-0.063057,0.9858870000000001,0.155082,-0.296371,-0.497716,0.141519,-0.046683999999999996,0.195128,0.258339
3692,-2.7977849999999997,-1.3965940000000001,1.820575,-0.058423,0.984865,0.16318,-0.406536,-0.497579,0.202706,0.058713,-0.001772,0.21383400000000002
3693,-2.8553490000000004,-1.389384,1.7714169999999998,-0.050942,0.98359,0.173078,-0.541454,-0.44555900000000004,0.36406700000000003,0.18224300000000002,-0.040993,0.14229
3694,-2.9277330000000004,-1.3786040000000002,1.705987,-0.040539,0.9815879999999999,0.18666,-0.739063,-0.36975,0.49184399999999995,0.210064,-0.026144,0.11918800000000002
3695,-2.991069,-1.365458,1.647173,-0.030576,0.978992,0.201593,-0.728349,-0.21282800000000002,0.400919,0.06054400000000001,-0.043918,0.08302899999999999
3696,-3.024643,-1.353641,1.613413,-0.02514,0.976514,0.213981,-0.561612,0.13041,0.20188599999999998,-0.032355,-0.036542000000000005,0.031777
3697,-3.028907,-1.345267,1.596638,-0.025146,0.974676,0.22220399999999998,-0.372091,0.888651,0.096484,-0.019868,-0.015524000000000001,-0.022604
3698,-3.007144,-1.344244,1.595962,-0.030108999999999997,0.974447,0.22259299999999999,-0.185753,1.149516,-0.032871,-0.025113,0.0050149999999999995,-0.186383
3699,-2.980958,-1.343742,1.6051739999999999,-0.036005,0.974334,0.22221,0.087274,0.564087,-0.12101300000000001,-0.132742,-0.083953,-0.223904
3700,-2.970678,-1.347538,1.616655,-0.037658,0.975181,0.21818200000000001,0.279406,-0.352769,-0.107813,-0.17154,-0.132743,-0.146344
3701,-2.963376,-1.3538860000000001,1.639089,-0.038152,0.976567,0.211804,0.394728,-0.9236840000000001,-0.225917,-0.157084,-0.091039,-0.128049
3702,-2.949969,-1.362013,1.675529,-0.039475,0.978284,0.203476,0.5083840000000001,-1.16219,-0.353004,-0.17868,-0.035275,-0.092285
3703,-2.9209330000000002,-1.370519,1.7267169999999998,-0.043543,0.9800120000000001,0.194117,0.5172180000000001,-0.955167,-0.450416,-0.15,-0.031891,-0.069621
3704,-2.878412,-1.379042,1.786419,-0.04958,0.981671,0.18401900000000002,0.598326,-0.727421,-0.46509700000000004,-0.08898500000000001,-0.020000999999999998,-0.04106
3705,-2.819426,-1.390987,1.860023,-0.056625,0.983878,0.16964100000000001,0.885791,-0.645239,-0.486695,0.192673,-0.0037600000000000003,-0.07081
3706,-2.736469,-1.408017,1.957887,-0.063874,0.9867809999999999,0.14894300000000002,1.2001700000000002,-0.701818,-0.463062,0.26239,-0.019358,-0.057253
3707,-2.631041,-1.4272200000000002,2.079855,-0.06991900000000001,0.989711,0.12483699999999999,1.264477,-0.7823060000000001,-0.370642,0.316013,-0.030864,-0.020161000000000002
3708,-2.52732,-1.442243,2.199652,-0.07389,0.991748,0.10476400000000001,0.90048,-0.688902,-0.23657199999999998,0.29590500000000003,0.14541300000000001,0.151507
3709,-2.46473,-1.45003,2.27356,-0.075458,0.992717,0.093914,0.434521,-0.452561,-0.061737,0.27605,0.18416300000000002,0.229069
3710,-2.435439,-1.45592,2.308983,-0.07438099999999999,0.993409,0.087213,0.355095,-0.193933,0.065564,0.24817899999999998,0.19706700000000002,0.272192
3711,-2.410084,-1.463135,2.33378,-0.071778,0.99421,0.079963,0.346841,0.21154,0.171809,0.092606,0.197913,0.23323899999999997
3712,-2.393613,-1.4700010000000001,2.338551,-0.068441,0.994924,0.073764,0.22975399999999999,0.811438,0.236452,0.052038,0.11916600000000001,0.12284500000000001
3713,-2.394694,-1.4762549999999999,2.318627,-0.06413200000000001,0.995534,0.069271,0.11026500000000002,0.8967360000000001,0.320966,0.086868,0.085673,0.06894299999999999
3714,-2.454196,-1.481698,2.247076,-0.05646,0.996033,0.068773,-0.092296,0.393921,0.49751999999999996,0.24348699999999998,0.059814,0.036086
3715,-2.598062,-1.485058,2.098337,-0.044286,0.9963270000000001,0.073293,-0.30761,0.168008,0.702472,0.21786999999999998,0.037838,0.030008999999999997
3716,-2.793745,-1.487075,1.89783,-0.028505000000000003,0.996497,0.07861599999999999,-0.208804,0.232017,0.860109,0.114336,-0.019538,-0.085574
3717,-2.9991060000000003,-1.491235,1.686511,-0.011286,0.9968370000000001,0.078671,0.125368,0.300032,0.8773110000000001,-0.032522,-0.040996,-0.13233699999999998
3718,3.0910889999999998,-1.4993610000000002,1.4831,0.0036030000000000003,0.99745,0.071285,0.517055,0.62855,0.701233,-0.22006399999999998,-0.054777,-0.178477
3719,2.919787,-1.5124309999999999,1.296777,0.012833,0.998297,0.056903999999999996,0.832534,0.719258,0.38819499999999996,-0.363541,-0.08290700000000001,-0.235508
3720,2.744852,-1.5296100000000001,1.11396,0.015911,0.999152,0.037975999999999996,1.0212940000000001,0.11280899999999999,0.035641,-0.455913,-0.104895,-0.218137
3721,2.507487,-1.550684,0.883757,0.011915,0.999798,0.016202,1.078284,-0.63372,-0.336882,-0.46175900000000003,-0.102673,-0.174969
3722,0.8431420000000001,-1.566919,-0.761238,0.0028940000000000003,0.999992,-0.002577,0.814307,-1.1243459999999998,-0.490853,-0.28934699999999997,-0.026711000000000002,-0.027299
3723,-0.385534,-1.5543559999999998,-1.965898,-0.006182,0.999865,-0.015233000000000002,0.551049,-1.201602,-0.390044,-0.024061000000000003,0.083784,0.096761
3724,-0.44021899999999997,-1.5431979999999998,-1.999511,-0.01176,0.999619,-0.024966,0.48399899999999996,-0.954008,-0.178253,0.117275,0.11415,0.155551
3725,-0.372365,-1.53399,-1.9164419999999998,-0.013387999999999999,0.999323,-0.034277999999999996,0.46544300000000005,-0.62976,0.0028,0.387915,0.05242,0.218619
3726,-0.278975,-1.5263520000000002,-1.815616,-0.012234,0.9990129999999999,-0.042711,0.396598,-0.170828,0.112826,0.287366,-0.027043,0.185625
3727,-0.171293,-1.5204870000000001,-1.7096740000000001,-0.008572,0.998735,-0.049551,0.307113,0.19766199999999998,0.21427800000000002,0.082027,-0.019319,0.08228099999999999
3728,-0.067869,-1.516277,-1.611836,-0.0036950000000000004,0.9985139999999999,-0.054367,0.19771,0.312004,0.21977600000000003,-0.043622,0.00852,-0.035248
3729,0.005841,-1.513276,-1.5433649999999999,0.000336,0.998346,-0.057488,0.14959,0.221825,0.168246,-0.112198,-0.011072,-0.119254
3730,0.048793,-1.509333,-1.503447,0.002996,0.9981120000000001,-0.061350999999999996,0.232719,0.12915,0.095238,-0.074987,-0.036686,-0.11562
3731,0.065886,-1.50306,-1.4881739999999999,0.004456,0.997707,-0.067538,0.352035,0.05537,0.060913999999999996,-0.041839999999999995,-0.047374,-0.098036
3732,0.077537,-1.495347,-1.47556,0.0058390000000000004,0.9971549999999999,-0.075151,0.386378,-0.112097,0.085938,-0.034006,-0.016015,-0.061308
3733,0.094139,-1.487809,-1.455608,0.007792,0.996559,-0.082524,0.35184099999999996,-0.166442,0.11995,-0.028376,-0.018591999999999997,-0.0036119999999999998
3734,0.11326300000000002,-1.481406,-1.433849,0.01009,0.996007,-0.088699,0.283802,-0.10551300000000001,0.12687400000000001,-0.016086000000000003,0.00445,0.031219
3735,0.137007,-1.4762790000000001,-1.407875,0.01289,0.9955370000000001,-0.09349199999999999,0.21096199999999998,-0.127801,0.169122,0.008487999999999999,0.039391,0.042253
3736,0.16965999999999998,-1.4719360000000001,-1.369197,0.016665,0.995117,-0.09728200000000001,0.183699,-0.422022,0.24408400000000002,-0.00722,0.032379000000000005,0.002861
3737,0.201844,-1.466564,-1.323668,0.020858,0.9945729999999999,-0.10193200000000001,0.252276,-0.787824,0.287761,-0.053588,-0.03626,-0.07716100000000001
3738,0.220615,-1.459171,-1.286745,0.024376,0.993776,-0.108694,0.359631,-0.9105700000000001,0.254485,-0.08333600000000001,-0.07890499999999999,-0.116022
3739,0.22612100000000002,-1.4502469999999998,-1.265732,0.026962,0.992743,-0.11719700000000001,0.42190900000000003,-0.647411,0.191558,-0.049194,-0.06252100000000001,-0.06099500000000001
3740,0.22516999999999998,-1.441366,-1.255978,0.028817000000000002,0.9916360000000001,-0.12581099999999998,0.41418900000000003,-0.510848,0.146464,0.024832,-0.004178,0.028261
3741,0.222956,-1.432667,-1.246312,0.030445,0.990475,-0.13428199999999998,0.400625,-0.651533,0.17539100000000002,0.03619,0.008197,0.05594400000000001
3742,0.226517,-1.425194,-1.229531,0.032585,0.989419,-0.14138199999999998,0.288643,-0.610789,0.206603,0.013451,0.015922,0.047264999999999995
3743,0.237038,-1.419859,-1.208841,0.035309,0.9886309999999999,-0.14615999999999998,0.197664,-0.43153400000000003,0.213216,-0.000336,0.027818,0.041394
3744,0.25162199999999996,-1.415244,-1.1856950000000002,0.038573,0.987926,-0.150047,0.17835499999999999,-0.43156000000000005,0.23658200000000001,-0.004378,-0.011318,0.00011399999999999999
3745,0.26563000000000003,-1.410598,-1.161816,0.041875,0.987196,-0.153919,0.1748,-0.510378,0.23665799999999998,-0.028737000000000002,-0.020399,0.004444
3746,0.273239,-1.406128,-1.142815,0.044235000000000003,0.9864729999999999,-0.157844,0.177895,-0.5858140000000001,0.18443299999999999,-0.058609,-0.008918,0.011085
3747,0.27070900000000003,-1.401599,-1.132853,0.04503,0.98572,-0.162259,0.203624,-0.628233,0.114165,-0.07007000000000001,0.033567,-0.022541
3748,0.259853,-1.3974440000000001,-1.131026,0.044318,0.9850120000000001,-0.166695,0.18468900000000002,-0.636415,0.045676999999999995,-0.055045000000000004,0.035389,-0.019936000000000002
3749,0.24478000000000003,-1.394425,-1.133218,0.042520999999999996,0.9844870000000001,-0.170228,0.13249,-0.655262,0.009017,-0.039454,0.034022000000000004,-0.005843
3750,0.22829899999999997,-1.39225,-1.136211,0.040194,0.9841030000000001,-0.172991,0.102618,-0.6710729999999999,-0.007195,0.016766999999999997,0.040708,0.059160000000000004
3751,0.210639,-1.390868,-1.140667,0.037418,0.983857,-0.175003,0.056925,-0.66014,-0.037438,0.005093,0.040756,0.062241
3752,0.190443,-1.3905299999999998,-1.148175,0.033939,0.9837959999999999,-0.17605,0.016738999999999997,-0.620426,-0.077294,-0.012927000000000001,0.038451,0.060067999999999996
3753,0.143725,-1.3930129999999998,-1.183451,0.025330000000000002,0.984238,-0.175025,-0.0018789999999999998,-0.5148,-0.102142,-0.044022000000000006,0.004058,0.013557
3754,0.12387999999999999,-1.3934950000000002,-1.1947450000000002,0.021793,0.984323,-0.175022,-0.014159,-0.394397,-0.098109,-0.031056,-0.0034270000000000004,0.008091
3755,0.106701,-1.393902,-1.204405,0.018741,0.984395,-0.17497200000000002,-0.002515,-0.39664099999999997,-0.07986499999999999,-0.018068999999999998,-0.006901999999999999,-0.0008550000000000001
3756,0.0751,-1.392331,-1.227065,0.013319,0.984117,-0.177019,0.032314999999999997,-0.468192,-0.065648,-0.039777999999999994,0.02281,-0.012998
3757,0.057737000000000004,-1.391618,-1.235113,0.010284,0.9839899999999999,-0.177924,0.044122,-0.45968100000000006,-0.073054,-0.04306,0.025606999999999998,-0.006157999999999999
3758,0.041069,-1.3909120000000001,-1.243722,0.007345999999999999,0.983864,-0.178765,0.032780000000000004,-0.37440999999999997,-0.075379,-0.040824,0.026924,-0.008079000000000001
3759,0.027308999999999996,-1.390501,-1.251044,0.004897,0.983791,-0.179253,0.019126,-0.306265,-0.055265999999999996,0.0105,0.017384,0.0017329999999999997
3760,0.017598,-1.390161,-1.255197,0.0031609999999999997,0.9837299999999999,-0.179627,0.014891999999999999,-0.269085,-0.025433,0.016751,0.015233000000000002,0.005036
3761,0.011954000000000001,-1.389722,-1.25571,0.002153,0.983651,-0.180074,0.027642,-0.246896,0.008811,0.008376,-0.003136,-0.00027
3762,0.002634,-1.388288,-1.259874,0.000478,0.983392,-0.181496,0.035003,-0.254447,0.025961,-0.012548,-0.007698999999999999,-0.006781999999999999
3763,-0.005667,-1.386694,-1.263217,-0.001037,0.983101,-0.183061,0.022328999999999998,-0.2214,0.03117,-0.013611000000000002,0.012581,-0.027708999999999998
3764,-0.0060799999999999995,-1.380056,-1.2603950000000002,-0.001153,0.981864,-0.189582,0.01738,-0.114951,0.055573000000000004,0.002282,-0.005607,-0.020257
3765,0.003136,-1.3790360000000002,-1.249627,0.000598,0.98167,-0.19058699999999998,0.028193,-0.05650499999999999,0.08228099999999999,0.003919,-0.012188,0.00020299999999999997
3766,0.010454000000000001,-1.37781,-1.240898,0.0020050000000000003,0.9814360000000001,-0.19178,0.082527,-0.07267799999999999,0.083749,-0.008657999999999999,-0.014806999999999999,0.002144
3767,0.015846000000000002,-1.375821,-1.2336610000000001,0.00307,0.9810530000000001,-0.193718,0.097496,-0.089676,0.059306,-0.048907,0.014369999999999999,0.015205000000000002
3768,0.0030329999999999997,-1.375182,-1.244029,0.00059,0.980928,-0.194368,0.07401100000000001,-0.118255,0.033533999999999994,-0.053507000000000006,0.053815999999999996,0.006868000000000001
3769,0.0018789999999999998,-1.374112,-1.242369,0.000367,0.98072,-0.195418,0.039905,-0.142509,0.00128,-0.054933,0.063042,0.009353
3770,-0.008964,-1.377066,-1.250841,-0.001726,0.9812930000000001,-0.19251300000000002,0.027569999999999997,-0.097481,-0.059758000000000006,-0.014891,0.049576,0.053521000000000006
3771,-0.018699,-1.376837,-1.2589569999999999,-0.003604,0.9812489999999999,-0.192712,-0.004321,-0.09514500000000001,-0.083485,0.017154,0.032895999999999995,0.057046000000000006
3772,-0.025977999999999998,-1.379815,-1.2636379999999998,-0.0049310000000000005,0.9818180000000001,-0.18975799999999998,-0.061316999999999997,-0.170675,-0.060285000000000005,0.011736,0.021004,0.034165
3773,-0.035171,-1.381332,-1.268716,-0.006622,0.9821049999999999,-0.188216,-0.081932,-0.226083,-0.038994,-0.011429,-0.007206000000000001,-0.0073409999999999994
3774,-0.042935,-1.3830120000000001,-1.272119,-0.008013,0.9824200000000001,-0.18650999999999998,-0.08408500000000001,-0.21442199999999997,-0.023001,-0.021818,-0.008345,-0.024015
3775,-0.057107000000000005,-1.381912,-1.281782,-0.010717,0.9822139999999999,-0.18745699999999998,-0.068194,-0.23368200000000003,-0.015388999999999998,-0.026347000000000002,-0.004965,-0.044645
3776,-0.064469,-1.38295,-1.283748,-0.012031,0.982409,-0.186356,-0.042844,-0.292352,-0.017273,-0.018655,-0.0051600000000000005,-0.04187
3777,-0.0761,-1.381393,-1.289293,-0.014313999999999999,0.982117,-0.187728,-0.019343,-0.30302199999999996,-0.033119,0.0005809999999999999,-0.004501,-0.028794999999999998
3778,-0.086292,-1.3816979999999999,-1.29413,-0.0162,0.982174,-0.187274,-0.022213,-0.246484,-0.050303,0.02563,0.010975,-0.000608
3779,-0.08640199999999999,-1.383182,-1.290441,-0.016094999999999998,0.982452,-0.18582,-0.027225,-0.180393,-0.056828,0.051587,0.026382999999999997,0.018462
3780,-0.09615499999999999,-1.383865,-1.2972709999999998,-0.017842,0.9825790000000001,-0.18498599999999998,-0.05149,-0.139812,-0.06242999999999999,0.047292,0.03329,0.012669
3781,-0.105399,-1.385146,-1.30436,-0.019419,0.982816,-0.183561,-0.077989,-0.095003,-0.056263,0.020091,0.028307,0.014174
3782,-0.11340499999999999,-1.38683,-1.311515,-0.020701,0.983126,-0.181756,-0.096842,-0.019293,-0.058628,0.004542,0.0017219999999999998,0.001428
3783,-0.118953,-1.388111,-1.3175700000000001,-0.021559000000000002,0.983359,-0.180387,-0.08699,0.02864,-0.066097,0.009718000000000001,-0.018363,-0.00809
3784,-0.127244,-1.389371,-1.3262180000000001,-0.022897,0.9835870000000001,-0.178973,-0.06154400000000001,-0.010847,-0.070142,0.011621,-0.011618,-0.006253
3785,-0.133269,-1.389716,-1.331383,-0.02393,0.98365,-0.17849500000000001,-0.028738999999999997,-0.06743400000000001,-0.066634,0.010822,-0.0033179999999999998,-0.015337
3786,-0.141602,-1.3899,-1.338813,-0.025391,0.983683,-0.178111,-0.015803,-0.035529000000000005,-0.064448,0.021958000000000002,-0.001795,-0.025365000000000002
3787,-0.14946700000000002,-1.390144,-1.346324,-0.026755,0.983727,-0.177668,-0.025371,-0.028038999999999998,-0.064525,0.038748000000000005,0.006324000000000001,-0.024679
3788,-0.142788,-1.390925,-1.338897,-0.025459,0.983867,-0.177083,-0.025588999999999997,-0.06218200000000001,-0.050589,0.050056,0.015125999999999999,-0.0019329999999999998
3789,-0.14921199999999998,-1.391456,-1.344829,-0.026518,0.9839620000000001,-0.176399,-0.041309,0.001786,-0.049713,0.033003,0.008714,0.0025399999999999997
3790,-0.139742,-1.392156,-1.336848,-0.02475,0.984086,-0.175959,-0.056886,0.084981,-0.061672000000000005,0.025818,0.008376,-0.012944999999999998
3791,-0.138245,-1.392384,-1.337852,-0.024456,0.9841270000000001,-0.175774,-0.039561,0.12546500000000002,-0.077622,0.034298,0.003193,-0.021522
3792,-0.125697,-1.391305,-1.328747,-0.022381,0.983935,-0.17712,-0.026532,0.16275699999999999,-0.090388,0.035321,-0.009127,-0.018787
3793,-0.122421,-1.391621,-1.329718,-0.021763,0.983991,-0.17688399999999999,-0.033746,0.212877,-0.09690800000000001,0.040592,0.0031609999999999997,-0.007518
3794,-0.11083699999999999,-1.392349,-1.323237,-0.019633,0.9841209999999999,-0.17641199999999999,-0.035733,0.24378699999999998,-0.09909,0.03921,0.010142,-0.001871
3795,-0.10144500000000001,-1.393694,-1.319615,-0.017842,0.984358,-0.175272,-0.035588,0.279995,-0.095924,0.032994,0.004136,0.019419
3796,-0.10014400000000001,-1.3950719999999999,-1.3247229999999999,-0.017478,0.9846,-0.17394500000000002,-0.026817,0.323681,-0.10553,0.03411,-0.00198,0.021983000000000003
3797,-0.099276,-1.396363,-1.331084,-0.017200999999999998,0.984825,-0.17269600000000002,-0.024547,0.358811,-0.101284,0.031208999999999997,-0.003639,0.025128
3798,-0.100869,-1.39906,-1.340119,-0.017209000000000002,0.98529,-0.170025,-0.033175,0.359827,-0.08105,-0.007006999999999999,0.012498,0.00999
3799,-0.10578299999999999,-1.3997190000000002,-1.351818,-0.017975,0.985402,-0.169292,-0.033414,0.319296,-0.068182,-0.013443,-0.000493,0.00375
3800,-0.10803499999999999,-1.4000219999999999,-1.3601239999999999,-0.018324,0.985453,-0.168955,-0.013278,0.28727600000000003,-0.070137,-0.016496,-0.0042829999999999995,-0.000723
3801,-0.116025,-1.3992149999999999,-1.373481,-0.019766,0.985316,-0.169593,0.012199,0.248875,-0.079526,-0.022989,-0.043269,-0.006462999999999999
3802,-0.117444,-1.398018,-1.379337,-0.020145,0.9851110000000001,-0.170735,0.061934,0.174067,-0.063059,-0.026775999999999998,-0.046512,-0.014963999999999998
3803,-0.12301500000000001,-1.397297,-1.388325,-0.021183,0.9849870000000001,-0.171325,0.040784,0.217809,-0.061127,-0.029552999999999996,0.08616499999999999,-0.034256
3804,-0.10747000000000001,-1.396595,-1.379293,-0.018591,0.984865,-0.172322,0.041286,0.36891999999999997,-0.021786,0.092093,-0.035311,0.030156
3805,-0.097304,-1.395972,-1.377472,-0.016898,0.984757,-0.17311300000000002,0.030626999999999998,0.41989399999999993,0.027212,0.099677,-0.024293000000000002,0.042253
3806,-0.085761,-1.39501,-1.373319,-0.014980000000000002,0.9845889999999999,-0.17424,0.05910599999999999,0.347356,0.027504,0.087001,-0.006135,0.04161
3807,-0.078949,-1.3938549999999998,-1.373264,-0.013881999999999999,0.9843870000000001,-0.17547100000000002,0.050825,0.35079499999999997,-0.025969,-0.043276999999999996,0.051440999999999994,-0.0018059999999999999
3808,-0.07702,-1.393298,-1.37986,-0.013586,0.9842879999999999,-0.176044,0.007845999999999999,0.46727399999999997,-0.07983,-0.045054000000000004,0.041362,0.015475999999999998
3809,-0.078953,-1.393242,-1.392226,-0.013930000000000001,0.9842790000000001,-0.176073,-0.010931,0.521832,-0.12062300000000001,-0.016007,0.014211000000000001,0.027437
3810,-0.084024,-1.393414,-1.407506,-0.014809000000000001,0.984309,-0.175832,-0.025963,0.482542,-0.13883800000000002,0.003746,0.010534,0.03188
3811,-0.09148300000000001,-1.393858,-1.424614,-0.01608,0.9843870000000001,-0.175281,-0.039837,0.46561,-0.154936,-0.007678,0.010043,0.011203
3812,-0.10129099999999999,-1.394328,-1.444233,-0.017752,0.9844700000000001,-0.174654,-0.038577999999999994,0.484875,-0.178453,-0.019205,0.010173999999999999,-0.004332
3813,-0.113201,-1.394578,-1.466532,-0.019803,0.9845139999999999,-0.17418599999999998,-0.033014,0.513709,-0.20088399999999998,-0.019382,0.011198999999999999,0.002555
3814,-0.12603399999999998,-1.394844,-1.490653,-0.022003,0.98456,-0.173657,-0.042318,0.5713010000000001,-0.209569,-0.013763,0.016888999999999998,0.007137999999999999
3815,-0.13733,-1.395271,-1.5143360000000001,-0.023906,0.984635,-0.172981,-0.048609,0.609617,-0.195775,0.011516,0.008941,0.008064
3816,-0.140979,-1.396216,-1.530304,-0.024406,0.9848,-0.171971,-0.038158,0.582864,-0.1743,0.012962000000000001,0.00458,0.003041
3817,-0.148081,-1.396464,-1.549045,-0.025591,0.984843,-0.171553,-0.036197,0.560422,-0.15823399999999999,0.003573,0.005651,-0.0019089999999999999
3818,-0.1606,-1.396188,-1.57307,-0.027780000000000003,0.9847950000000001,-0.171487,-0.030823000000000003,0.572108,-0.15500999999999998,-0.009406,0.000221,-0.006323
3819,-0.168207,-1.39595,-1.5925559999999999,-0.029123000000000003,0.9847530000000001,-0.171502,-0.026517000000000002,0.5891029999999999,-0.146457,-0.005255,0.004123,-0.0036079999999999997
3820,-0.173501,-1.395851,-1.610021,-0.030047000000000004,0.9847360000000001,-0.171441,-0.027574,0.596543,-0.14113299999999998,-0.002286,0.007421,-0.0044009999999999995
3821,-0.178636,-1.395915,-1.6269850000000001,-0.030916000000000003,0.9847469999999999,-0.171222,-0.023426,0.5709569999999999,-0.140003,-0.0022719999999999997,0.021066,-0.0005
3822,-0.184704,-1.3959409999999999,-1.644679,-0.03195,0.9847520000000001,-0.171007,-0.024455,0.5752390000000001,-0.14429,-0.004671,0.011815,-0.001219
3823,-0.19228900000000002,-1.395542,-1.6644889999999999,-0.033320999999999996,0.984682,-0.171145,-0.034901999999999996,0.6136689999999999,-0.155095,-0.008945999999999999,-0.010683,-0.005704
3824,-0.202552,-1.3956389999999999,-1.6874189999999998,-0.035056,0.984699,-0.170701,-0.041237,0.619056,-0.164762,-0.013222,0.0005610000000000001,0.0036630000000000005
3825,-0.2142,-1.395749,-1.711271,-0.037018999999999996,0.984718,-0.170175,-0.0414,0.5817760000000001,-0.165786,-0.018477,0.007958,0.0008939999999999999
3826,-0.228042,-1.3953360000000001,-1.7365810000000002,-0.039463,0.9846459999999999,-0.170042,-0.0383,0.556211,-0.168939,-0.025997000000000003,0.008548,-0.009264
3827,-0.24477600000000002,-1.394379,-1.7642509999999998,-0.042532,0.9844790000000001,-0.170273,-0.038432999999999995,0.5189560000000001,-0.176375,-0.038859,0.007648,-0.016632
3828,-0.266329,-1.3932149999999999,-1.795706,-0.046493,0.984274,-0.17042100000000002,-0.047139999999999994,0.470025,-0.18706099999999998,-0.044755,0.009028,-0.011906
3829,-0.289531,-1.392336,-1.8280669999999999,-0.050681,0.984118,-0.170126,-0.046183,0.433849,-0.198764,-0.031976,0.005658,-0.007028
3830,-0.30640100000000003,-1.391564,-1.85353,-0.053773,0.983981,-0.169971,-0.038868,0.4061,-0.19227,-0.008483,-0.009524,-0.018658
3831,-0.316803,-1.3903860000000001,-1.8724299999999998,-0.055899000000000004,0.98377,-0.170504,-0.049553,0.40923000000000004,-0.16889500000000002,-0.004099,0.010920000000000001,-0.0014320000000000001
3832,-0.32865500000000003,-1.3906100000000001,-1.892306,-0.05784500000000001,0.9838100000000001,-0.169621,-0.062672,0.368676,-0.139025,-0.012254000000000001,0.007462000000000001,0.004658
3833,-0.345507,-1.389941,-1.916132,-0.06091799999999999,0.98369,-0.169241,-0.06072,0.332432,-0.134697,-0.034404000000000004,0.000349,-0.013345
3834,-0.361126,-1.388624,-1.93862,-0.064011,0.983452,-0.169481,-0.06603300000000001,0.342016,-0.12941,-0.010742,0.007240000000000001,-0.016447999999999997
3835,-0.366411,-1.38883,-1.9512310000000002,-0.064833,0.98349,-0.168952,-0.06612799999999999,0.35360199999999997,-0.09631,0.005919,0.00705,-0.015405
3836,-0.36698800000000004,-1.38929,-1.9584759999999999,-0.06476799999999999,0.9835729999999999,-0.168491,-0.052689,0.29693800000000004,-0.056619,0.014536000000000002,0.000421,-0.010922
3837,-0.369958,-1.388358,-1.9662419999999998,-0.0656,0.9834040000000001,-0.169153,-0.034029000000000004,0.19983399999999998,-0.031798,-0.020719,-0.020575,-0.019049
3838,-0.373429,-1.387708,-1.9730159999999999,-0.06642,0.9832860000000001,-0.169519,-0.016097,0.151842,-0.03375,-0.028124,-0.007853,-0.021169999999999998
3839,-0.37813800000000003,-1.3865809999999998,-1.980661,-0.06762699999999999,0.98308,-0.170235,0.004208,0.140129,-0.052823,-0.032395,0.003431,-0.022926
3840,-0.390559,-1.385002,-1.9957209999999999,-0.070326,0.9827899999999999,-0.170816,0.018096,0.131609,-0.065539,-0.018632,0.016615,0.008371
3841,-0.395318,-1.384825,-2.002987,-0.07120599999999999,0.982757,-0.17064100000000001,0.014731000000000001,0.11874200000000001,-0.042046,-0.009589,0.022858,0.020097999999999998
3842,-0.393964,-1.384425,-2.00385,-0.071126,0.982683,-0.1711,0.012281,0.097249,0.007103,0.0032090000000000005,0.008711,0.030231
3843,-0.387928,-1.383478,-1.9984529999999998,-0.070444,0.982507,-0.172388,0.029589999999999998,-0.000103,0.094941,-0.023153999999999997,-0.019098,-0.028631999999999998
3844,-0.373377,-1.383382,-1.982448,-0.067962,0.982489,-0.173482,0.081224,-0.082554,0.156296,-0.047882999999999995,-0.012046,-0.045405
3845,-0.35441500000000004,-1.382307,-1.961126,-0.065027,0.9822879999999999,-0.17573,0.142992,-0.096661,0.167427,-0.073401,-0.00536,-0.0492
3846,-0.335925,-1.380488,-1.940402,-0.062355999999999995,0.9819459999999999,-0.178589,0.149547,-0.08912,0.140758,-0.078635,0.025592,-0.039581
3847,-0.323,-1.378588,-1.925861,-0.060635,0.981585,-0.181149,0.121225,-0.045087,0.07641,-0.063206,0.02461,-0.020281999999999998
3848,-0.31583,-1.3772870000000002,-1.918569,-0.05973099999999999,0.9813350000000001,-0.182793,0.056616999999999994,0.019218,0.035283999999999996,-0.042671,0.022067,-0.0015949999999999998
3849,-0.312008,-1.377218,-1.914478,-0.059052,0.9813219999999999,-0.183084,-0.004511,-0.04345,0.042414999999999994,-0.002471,0.0070810000000000005,0.02453
3850,-0.30880599999999997,-1.377992,-1.9087049999999999,-0.058235,0.9814709999999999,-0.182549,-0.024453,-0.170298,0.079826,-0.017861000000000002,0.000646,0.0061719999999999995
3851,-0.304262,-1.378836,-1.8995400000000002,-0.057157000000000006,0.981632,-0.18202000000000002,0.0007059999999999999,-0.24823699999999999,0.101466,-0.05871900000000001,0.0005,-0.040331
3852,-0.299029,-1.378901,-1.888537,-0.056184000000000005,0.9816450000000001,-0.182256,0.042136,-0.289919,0.099673,-0.074767,0.0005480000000000001,-0.080165
3853,-0.29290700000000003,-1.3784,-1.8766369999999999,-0.05521,0.981549,-0.183067,0.064603,-0.272966,0.10301199999999999,-0.03442,0.005664,-0.063347
3854,-0.286812,-1.377817,-1.8646209999999999,-0.054255,0.9814370000000001,-0.183949,0.054939,-0.288902,0.100829,0.033091,0.019494,-0.003322
3855,-0.281918,-1.377397,-1.85441,-0.053469,0.9813569999999999,-0.184609,0.040381,-0.226975,0.07821499999999999,0.058535000000000004,0.009046,0.046639
3856,-0.277319,-1.37753,-1.8466900000000002,-0.052583000000000005,0.981382,-0.184727,-0.0038079999999999998,-0.09364299999999999,0.073463,0.066301,0.00371,0.061894000000000005
3857,-0.27072199999999996,-1.378768,-1.839473,-0.051039,0.981619,-0.183899,-0.062154999999999995,0.001285,0.094298,0.043974,0.013222999999999999,0.049973000000000004
3858,-0.262496,-1.380959,-1.831057,-0.048966,0.982035,-0.18223599999999998,-0.086841,-0.017859,0.108037,0.0045320000000000004,0.010381999999999999,0.010055
3859,-0.255847,-1.382709,-1.8228659999999999,-0.047318,0.9823639999999999,-0.180894,-0.047612,-0.096729,0.083843,-0.024612000000000002,0.006818,-0.023665000000000002
3860,-0.251305,-1.383507,-1.8162080000000003,-0.046301,0.982513,-0.180348,-0.012256999999999999,-0.083987,0.063777,-0.068872,0.0012980000000000001,-0.054363
3861,-0.24660900000000002,-1.383956,-1.810668,-0.045346,0.9825959999999999,-0.180135,-0.008681999999999999,-0.013640000000000001,0.050893,-0.035463999999999996,0.014749000000000002,-0.021815
3862,-0.24161799999999997,-1.38435,-1.805306,-0.044354000000000005,0.982669,-0.179983,-0.005559000000000001,-0.024329,0.057338,-0.011554,0.02377,0.015844999999999998
3863,-0.23544,-1.384714,-1.798338,-0.043157999999999995,0.9827370000000001,-0.17990599999999998,-0.001382,-0.02973,0.07232999999999999,-0.008997,0.030081,0.026967
3864,-0.228108,-1.385268,-1.791103,-0.041714,0.9828389999999999,-0.17968800000000001,-0.02025,0.042783999999999996,0.06996799999999999,-0.005298,0.019419,0.016388
3865,-0.220664,-1.3861809999999999,-1.785616,-0.040179,0.983007,-0.179117,-0.037879,0.14091199999999998,0.054764,0.006915,0.016932,0.017832
3866,-0.21275,-1.387263,-1.7814299999999998,-0.038536,0.9832049999999999,-0.17839000000000002,-0.048173,0.21343,0.043917000000000005,0.007484,0.00912,0.024916999999999998
3867,-0.203841,-1.388026,-1.777348,-0.036793,0.983344,-0.177992,-0.009565,0.259098,0.045197,0.0043219999999999995,-0.029151,0.039381
3868,-0.197848,-1.3889610000000001,-1.77552,-0.035545,0.983513,-0.177307,-0.06831,0.177546,-0.022407,-0.030663,0.020957,0.0046229999999999995
3869,-0.204528,-1.3914360000000001,-1.7857560000000001,-0.036233999999999995,0.983958,-0.174682,-0.146176,0.15448900000000002,-0.049627,-0.028448,0.06015499999999999,0.006331
3870,-0.209352,-1.393153,-1.793675,-0.036725,0.9842629999999999,-0.172852,-0.07788300000000001,0.160629,-0.045952999999999994,-0.032779,-0.018458000000000002,0.038819
3871,-0.217725,-1.394441,-1.805807,-0.037897,0.98449,-0.1713,-0.0341,0.19128299999999998,-0.024326,-0.020880000000000003,-0.024727000000000002,0.008107
3872,-0.21817399999999998,-1.3951040000000001,-1.808385,-0.037833,0.984606,-0.170647,-0.040182,0.043157999999999995,-0.006018,-0.012231,-0.017748,-0.006386
3873,-0.219639,-1.395334,-1.809548,-0.038033,0.9846459999999999,-0.17037,-0.026724,-0.031528,0.011262000000000001,-0.004737,-0.013393,-0.006876
3874,-0.21915500000000002,-1.395594,-1.8081330000000002,-0.037895,0.984691,-0.170138,0.000904,-0.052941999999999996,0.014687,0.007195,-0.016124,-0.004514
3875,-0.219239,-1.3953950000000002,-1.806991,-0.037952,0.984657,-0.170326,0.014787999999999999,-0.061466,0.003045,0.022663,0.010461,0.0043560000000000005
3876,-0.212166,-1.3967450000000001,-1.799035,-0.036466000000000005,0.984891,-0.169291,0.001035,-0.042212,-0.004549,0.035429,0.035952,0.018351
3877,-0.212523,-1.396954,-1.7988650000000002,-0.036483999999999996,0.984927,-0.169077,-0.015987,-0.015585,0.011322,0.057479999999999996,0.021329,0.02154
3878,-0.193827,-1.399063,-1.780516,-0.032916,0.98529,-0.16769,-0.045779,0.015363,0.023902,0.065936,0.01944,0.012645
3879,-0.192117,-1.400356,-1.779023,-0.032386,0.98551,-0.166495,-0.069298,0.004793,0.023750999999999998,0.043937000000000004,0.030083999999999996,0.012931
3880,-0.190089,-1.402352,-1.77695,-0.031677,0.9858469999999999,-0.16463,-0.074562,-0.004674,-0.0019089999999999999,0.011795,0.004418,0.0076170000000000005
3881,-0.19422999999999999,-1.403817,-1.7813430000000001,-0.032079,0.9860909999999999,-0.163079,-0.07858899999999999,0.019958,-0.030811,-0.001902,0.005364,-0.002967
3882,-0.199705,-1.405086,-1.7874889999999999,-0.032723,0.986301,-0.161675,-0.078439,0.029557999999999997,-0.037285000000000006,-0.000678,0.008389,-0.004417
3883,-0.20525300000000002,-1.406619,-1.7933119999999998,-0.033312,0.986553,-0.16000999999999999,-0.086127,-0.008808,-0.026608,0.000231,0.006016,-0.011712
3884,-0.209657,-1.40721,-1.796827,-0.033895,0.98665,-0.15929200000000002,-0.073653,-0.069624,-0.013624,-0.001902,0.009551,-0.021830000000000002
3885,-0.214758,-1.4083370000000002,-1.8000919999999998,-0.03447,0.9868319999999999,-0.15803,-0.052454999999999995,-0.105896,-0.018771,0.000839,0.012786,-0.037328
3886,-0.21318499999999999,-1.408139,-1.796327,-0.034263,0.9868,-0.158276,-0.028962,-0.12718,-0.044213,0.028631999999999998,0.016923,-0.028141000000000003
3887,-0.224431,-1.408333,-1.8045490000000002,-0.035998,0.9868319999999999,-0.157693,-0.023742,-0.17929,-0.07081599999999999,0.065462,0.011917,-0.0035619999999999996
3888,-0.216621,-1.4097469999999999,-1.793031,-0.034464999999999996,0.98706,-0.156607,-0.036685,-0.214379,-0.075124,0.083491,0.010255,0.006613
3889,-0.230699,-1.410476,-1.802859,-0.036502,0.987176,-0.155405,-0.063447,-0.22391599999999998,-0.06461599999999999,0.064364,0.008277,-0.006247
3890,-0.24335500000000002,-1.411448,-1.8105369999999998,-0.038234,0.987331,-0.154,-0.052066999999999995,-0.27307800000000004,-0.034562999999999997,0.044536,-0.006374,-0.023826
3891,-0.25023,-1.411853,-1.811332,-0.039193,0.987395,-0.153346,-0.001341,-0.32779899999999995,0.019272,0.028024,-0.032286,-0.067937
3892,-0.250396,-1.411447,-1.803388,-0.039318,0.987331,-0.153727,0.059703,-0.455016,0.078614,0.019512,-0.021358000000000002,-0.067464
3893,-0.235639,-1.407489,-1.7778669999999999,-0.037957,0.9866950000000001,-0.15809,0.12291300000000001,-0.560998,0.153968,0.011926,-0.006379,-0.061698
3894,-0.22055300000000003,-1.405736,-1.750416,-0.035946,0.986408,-0.160332,0.14364100000000002,-0.627396,0.22363200000000003,0.002118,0.000118,-0.030098000000000003
3895,-0.20039400000000002,-1.403551,-1.716476,-0.033136,0.9860469999999999,-0.163136,0.18055,-0.683082,0.264554,0.009394,0.000739,-0.007640999999999999
3896,-0.175681,-1.400655,-1.677764,-0.029594,0.985561,-0.166716,0.229687,-0.658795,0.27555,0.017265,-0.004131,0.013182
3897,-0.151578,-1.396675,-1.6414009999999999,-0.026158999999999998,0.9848790000000001,-0.171257,0.246265,-0.535263,0.27123400000000003,0.049704000000000005,-0.003464,0.059333000000000004
3898,-0.128352,-1.39311,-1.608401,-0.022624000000000002,0.9842549999999999,-0.175299,0.196703,-0.42741,0.249385,0.050822000000000006,0.010725,0.061376
3899,-0.10953299999999999,-1.390468,-1.581201,-0.019606000000000002,0.983785,-0.178277,0.139476,-0.382306,0.208335,0.049254,0.02241,0.062875
3900,-0.095956,-1.388585,-1.56043,-0.017361,0.9834450000000001,-0.180371,0.099482,-0.311652,0.156691,-0.011768,0.032714,0.065335
3901,-0.087181,-1.387277,-1.546206,-0.01589,0.983208,-0.18179700000000001,0.06165,-0.239919,0.099719,-0.01324,0.032951,0.066761
3902,-0.08539400000000001,-1.386507,-1.539187,-0.015629,0.983067,-0.18258,0.034046,-0.272594,0.036543,-0.046749,0.032177,0.041864
3903,-0.091171,-1.38598,-1.5392350000000001,-0.016731,0.9829700000000001,-0.183002,0.02144,-0.28722800000000004,-0.022279,-0.05268099999999999,0.029725,0.016453
3904,-0.100714,-1.385478,-1.54386,-0.018526,0.982878,-0.183326,0.021886000000000003,-0.22105,-0.055475,-0.038999,0.028322000000000003,0.016913
3905,-0.109703,-1.384816,-1.5488540000000002,-0.020245,0.9827549999999999,-0.183798,0.031468,-0.209429,-0.0394,-0.017246,0.016771,0.009604000000000001
3906,-0.116506,-1.384213,-1.550732,-0.021563,0.9826440000000001,-0.184245,0.024674,-0.26705,-0.009463,-0.021299000000000002,-0.017373,-0.001546
3907,-0.120719,-1.3838139999999999,-1.54936,-0.022387,0.98257,-0.184542,0.017029,-0.276731,0.020406,-0.020918,-0.014018000000000001,-0.009337
3908,-0.121197,-1.383524,-1.544065,-0.022509,0.982516,-0.184813,0.026371,-0.29078699999999996,0.064286,-0.016111,0.014097,-0.019334
3909,-0.11626199999999999,-1.382994,-1.532902,-0.021657,0.982417,-0.18544000000000002,0.050579,-0.30496,0.124294,0.013418000000000001,-0.025431,-0.01268
3910,-0.104289,-1.381779,-1.514618,-0.01956,0.982189,-0.186873,0.09625700000000001,-0.290441,0.183347,0.012327,-0.02882,-0.00815
3911,-0.082203,-1.379035,-1.48719,-0.015649,0.98167,-0.189945,0.12628499999999998,-0.222504,0.21765500000000002,0.008813,-0.008586,-0.015026
3912,-0.063581,-1.376602,-1.464197,-0.012261,0.981203,-0.19258599999999998,0.143575,-0.189476,0.20171,0.01574,-0.002352,-0.019267
3913,-0.04849,-1.3739299999999999,-1.445522,-0.009481,0.980684,-0.195368,0.139773,-0.13281500000000002,0.154609,0.023198,-0.004045,0.000788
3914,-0.028717000000000003,-1.372527,-1.424652,-0.0056560000000000004,0.980409,-0.196892,0.112846,-0.00042800000000000005,0.105117,0.023661,0.037062,0.026955
3915,-0.019131,-1.3709,-1.416118,-0.0037990000000000003,0.980087,-0.19853099999999999,0.068618,0.09679600000000001,0.07263700000000001,0.006271,0.061524,0.031310000000000004
3916,-0.020222999999999998,-1.3729069999999999,-1.420292,-0.0039759999999999995,0.980484,-0.19655999999999998,0.017072999999999998,0.20691700000000002,0.017651,-0.027656,0.037337999999999996,0.041576
3917,-0.016323,-1.3728719999999999,-1.4218540000000002,-0.0032090000000000005,0.980477,-0.196608,-0.002531,0.305193,-0.032818,-0.05781,0.046974,0.026182999999999998
3918,-0.032543,-1.3737700000000002,-1.444921,-0.006369,0.9806530000000001,-0.19565,-0.024419,0.375756,-0.077936,-0.0738,0.028243,-0.000837
3919,-0.035526999999999996,-1.3748200000000002,-1.4556850000000001,-0.006917,0.980858,-0.194601,-0.073375,0.364363,-0.11672,-0.09098400000000001,0.034172,-0.006159
3920,-0.042769,-1.376269,-1.469808,-0.008265,0.981139,-0.193126,-0.079881,0.314425,-0.143407,-0.11026500000000002,0.041612,-0.011555
3921,-0.052523,-1.378015,-1.4862819999999999,-0.010058,0.981475,-0.191325,-0.11068599999999999,0.329506,-0.15859600000000001,-0.079679,0.047318,-0.013524000000000001
3922,-0.062605,-1.380631,-1.503169,-0.011826,0.981973,-0.18865099999999999,-0.155614,0.315764,-0.146074,-0.05853200000000001,0.021186,0.007987000000000001
3923,-0.07182100000000001,-1.3837059999999999,-1.518981,-0.013347,0.98255,-0.185521,-0.16203900000000002,0.320009,-0.13651,-0.044864999999999995,0.006037,0.021031
3924,-0.081104,-1.386249,-1.5351920000000001,-0.014865999999999999,0.9830190000000001,-0.182898,-0.122465,0.337998,-0.14053,-0.028758999999999996,0.000364,0.019034
3925,-0.089176,-1.388387,-1.549793,-0.016155000000000003,0.98341,-0.180678,-0.122834,0.287802,-0.108421,-0.029942,-0.001369,-0.007645999999999999
3926,-0.109176,-1.389651,-1.574233,-0.01963,0.9836379999999999,-0.179084,-0.1405,0.184411,-0.07850900000000001,-0.058677999999999994,-0.009288,-0.020196000000000002
3927,-0.11740899999999999,-1.392005,-1.585109,-0.020832,0.984059,-0.176616,-0.11309200000000001,0.097018,-0.092093,-0.078137,-0.018009999999999998,-0.02332
3928,-0.147895,-1.391091,-1.61771,-0.026338,0.9838959999999999,-0.176788,-0.023145,0.122457,-0.138509,-0.042906,-0.017679,-0.004944
3929,-0.165627,-1.390781,-1.6380620000000001,-0.029519,0.983841,-0.176594,-0.012121999999999999,0.124857,-0.21534699999999998,0.0016870000000000001,-0.012192,-0.003032
3930,-0.185912,-1.3902430000000001,-1.6598810000000002,-0.033193,0.9837440000000001,-0.17648,-0.09794299999999999,0.0037799999999999995,-0.231812,0.002889,0.087438,-0.013278
3931,-0.207497,-1.391357,-1.68291,-0.036768,0.983944,-0.17465,-0.091283,0.109028,-0.18383,-0.001119,0.015919,0.030713999999999998
3932,-0.22752199999999997,-1.394662,-1.707138,-0.039524000000000004,0.9845280000000001,-0.170709,-0.11536199999999999,0.22941999999999999,-0.167061,0.006855,0.001342,0.03985
3933,-0.244509,-1.396447,-1.728535,-0.041993,0.9848399999999999,-0.16830799999999999,-0.139103,0.165516,-0.153315,0.027543,-0.0060799999999999995,0.036716000000000006
3934,-0.25863,-1.400005,-1.745023,-0.043469,0.9854510000000001,-0.16430999999999998,-0.129951,0.069596,-0.14992,0.013302000000000001,-0.026969999999999997,0.020816
3935,-0.27813000000000004,-1.401231,-1.766009,-0.046333,0.985658,-0.162269,-0.09046799999999999,0.060978,-0.16031600000000001,-0.0037920000000000002,-0.021577000000000002,0.01905
3936,-0.303132,-1.402145,-1.7926549999999999,-0.050106,0.9858120000000001,-0.1602,-0.067984,0.071582,-0.167652,-0.015141,-0.016238,0.012648000000000001
3937,-0.322608,-1.402328,-1.8134029999999999,-0.053159000000000005,0.985843,-0.159023,-0.061818,0.028911000000000003,-0.15794,-0.010759999999999999,-0.005038,0.011822
3938,-0.344559,-1.403201,-1.835477,-0.056346,0.9859889999999999,-0.15700699999999998,-0.063218,-0.019125,-0.132252,0.001109,0.037143999999999996,0.01739
3939,-0.359902,-1.403542,-1.850714,-0.058629999999999995,0.9860459999999999,-0.155809,-0.05903200000000001,-0.007541,-0.102327,0.006384,0.017723,0.013506
3940,-0.372222,-1.403992,-1.863075,-0.060384,0.9861200000000001,-0.15466300000000002,-0.053832000000000005,-0.014044999999999998,-0.078782,0.008137,0.017649,0.012359
3941,-0.375835,-1.404025,-1.865839,-0.06093,0.9861260000000001,-0.15441300000000002,-0.020132,-0.07609400000000001,-0.042145999999999996,0.015581,-0.015362,-0.007788
3942,-0.37937,-1.403764,-1.867077,-0.061571,0.986082,-0.154436,0.026341000000000003,-0.139274,-7.900000000000001e-05,0.007478,-0.012891999999999999,-0.019118
3943,-0.378254,-1.403026,-1.862469,-0.06166699999999999,0.985959,-0.15518099999999999,0.060129999999999996,-0.185328,0.032262,-0.0008939999999999999,-0.000364,-0.015534000000000001
3944,-0.373253,-1.401217,-1.8535990000000002,-0.06154,0.985656,-0.157147,0.07499199999999999,-0.18650899999999998,0.048391,0.000688,-0.002502,-0.012134
3945,-0.359528,-1.400326,-1.8362889999999998,-0.059687,0.985505,-0.158799,0.063238,-0.17799600000000002,0.06112000000000001,0.021158,0.008605,0.008546
3946,-0.349392,-1.4007020000000001,-1.822153,-0.057948,0.985569,-0.159048,0.059849,-0.20679699999999998,0.07395499999999999,0.020197,0.015576,0.013815000000000001
3947,-0.339808,-1.401037,-1.8079619999999998,-0.056311,0.985625,-0.15928499999999998,0.068276,-0.23450700000000002,0.06977799999999999,0.018881000000000002,0.01204,0.016691
3948,-0.334156,-1.399608,-1.7977009999999998,-0.055871000000000004,0.985383,-0.160931,0.057801,-0.208835,0.052580999999999996,-0.0055,-0.00047400000000000003,-0.009479000000000001
3949,-0.332635,-1.398914,-1.7922919999999998,-0.05585,0.985265,-0.161662,0.027020999999999996,-0.186305,0.039518,-0.006086,0.010707,-0.00678
3950,-0.33124899999999996,-1.3986610000000002,-1.786531,-0.055707000000000007,0.9852209999999999,-0.161975,0.034225,-0.235371,0.049245,-0.002735,0.022088,-0.002759
3951,-0.333753,-1.397292,-1.7837509999999999,-0.05655399999999999,0.984986,-0.163109,0.044771,-0.259923,0.052552,-0.012614,0.009674,-0.01371
3952,-0.333509,-1.396,-1.778382,-0.056929999999999994,0.984762,-0.164325,0.04385,-0.241754,0.038633999999999995,-0.012969999999999999,0.002634,-0.018186
3953,-0.3334,-1.3947,-1.7735419999999997,-0.05733099999999999,0.984535,-0.16554100000000002,0.046024,-0.23005599999999998,0.041838,-0.011516,0.001732,-0.017687
3954,-0.32747,-1.393836,-1.762532,-0.056622000000000006,0.984383,-0.166683,0.052114,-0.265368,0.07611,0.008115,-0.007821,-0.000584
3955,-0.319894,-1.393402,-1.749048,-0.05549199999999999,0.9843069999999999,-0.16751300000000002,0.05397999999999999,-0.297444,0.10393800000000002,0.008099,-0.01014,-0.001295
3956,-0.309728,-1.3930850000000001,-1.732877,-0.053882000000000006,0.984251,-0.16836600000000002,0.06356200000000001,-0.277335,0.128549,0.006503,-0.009413,0.001953
3957,-0.301615,-1.392249,-1.7194369999999999,-0.052758000000000006,0.9841030000000001,-0.16958299999999998,0.079705,-0.23695,0.138222,-0.012153,0.0037049999999999995,0.0015220000000000001
3958,-0.292926,-1.391413,-1.7055900000000002,-0.051521000000000004,0.9839540000000001,-0.170823,0.077513,-0.25397,0.133954,-0.021844,0.006692,0.001984
3959,-0.294667,-1.390148,-1.7010880000000002,-0.052178999999999996,0.983727,-0.171923,0.062390999999999995,-0.310318,0.11896,-0.043173,0.011191,-0.005979
3960,-0.30027600000000004,-1.389054,-1.699902,-0.053461,0.9835299999999999,-0.172656,0.057104999999999996,-0.31344099999999997,0.10503299999999999,-0.042151,0.009908,0.000644
3961,-0.304185,-1.388256,-1.6972770000000001,-0.054371,0.9833860000000001,-0.17319500000000002,0.050747,-0.31232,0.09643600000000001,-0.031567000000000005,0.008924,0.003136
3962,-0.30583499999999997,-1.3879139999999999,-1.692062,-0.054758,0.983324,-0.173425,0.054927,-0.336816,0.091153,-0.017081,0.001082,0.009149
3963,-0.304557,-1.387537,-1.683618,-0.054647,0.9832549999999999,-0.173849,0.06447,-0.34645,0.094435,-0.007594,0.000662,0.00585
3964,-0.299172,-1.386832,-1.671462,-0.053914,0.983126,-0.174803,0.060387,-0.314537,0.103933,-0.004007999999999999,0.01402,-0.006181
3965,-0.294636,-1.385904,-1.6607560000000001,-0.053386,0.9829559999999999,-0.175919,0.05946,-0.285763,0.101751,-0.014180000000000002,0.027466,-0.014113999999999998
3966,-0.29394899999999996,-1.384582,-1.6546459999999998,-0.053640999999999994,0.982712,-0.177199,0.046952,-0.239835,0.082374,-0.028054000000000003,0.018844,-0.01288
3967,-0.293257,-1.384096,-1.649389,-0.053657,0.9826219999999999,-0.17769300000000002,0.025817000000000003,-0.208812,0.068298,-0.030862,0.013928999999999999,-0.004207
3968,-0.297319,-1.384207,-1.6491790000000002,-0.054346000000000005,0.982643,-0.17737,0.009909000000000001,-0.20230599999999999,0.05322,-0.022573,0.011727,0.004625
3969,-0.301926,-1.383756,-1.649257,-0.055294,0.982559,-0.17754,0.003437,-0.226751,0.044657,-0.027576,0.021057,-0.015423
3970,-0.308662,-1.3830040000000001,-1.6511360000000002,-0.056714,0.982419,-0.177868,0.008787999999999999,-0.232062,0.036150999999999996,-0.029819,-0.02525,-0.006321
3971,-0.31442800000000004,-1.382949,-1.653025,-0.057754999999999994,0.982408,-0.17759,-0.020666,-0.160499,0.014487,-0.013046,0.025251,-0.007759
3972,-0.31653600000000004,-1.383679,-1.652109,-0.05790599999999999,0.9825450000000001,-0.176786,-0.018402,-0.147751,0.013430000000000001,0.006911,0.009840999999999999,0.005215999999999999
3973,-0.317204,-1.3840270000000001,-1.649952,-0.057916999999999996,0.9826090000000001,-0.176422,-0.016268,-0.138209,0.023047,-0.002248,0.000225,-0.007386
3974,-0.320331,-1.383812,-1.650046,-0.058535000000000004,0.982569,-0.17644,-0.021668,-0.152042,0.024093,-0.01637,-0.000849,-0.010662999999999999
3975,-0.32326900000000003,-1.384232,-1.650153,-0.058922,0.9826469999999999,-0.175876,-0.029015,-0.12750699999999998,0.021873,-0.0025859999999999998,0.006214,-0.004345
3976,-0.322347,-1.384772,-1.6465580000000002,-0.058592,0.9827469999999999,-0.175428,-0.020605000000000002,-0.149928,0.027302,0.009856,0.005305,-0.006045
3977,-0.319497,-1.385169,-1.6399419999999998,-0.05796900000000001,0.982821,-0.175223,-0.016715,-0.209695,0.051976999999999995,0.009172,0.006575,-0.012062999999999999
3978,-0.316734,-1.385689,-1.63287,-0.057326,0.982916,-0.174897,-0.01671,-0.20438499999999998,0.056244,0.004164,0.010812,-0.005522999999999999
3979,-0.312121,-1.3866100000000001,-1.6247690000000001,-0.05624,0.983086,-0.174298,-0.001492,-0.150074,0.047737,0.021313,0.012001000000000001,0.005887
3980,-0.305191,-1.387251,-1.6162159999999999,-0.054841999999999995,0.983203,-0.174082,0.011837,-0.018086,0.06261699999999999,0.041382999999999996,-0.00635,0.036936000000000004
3981,-0.294696,-1.3871639999999998,-1.6072030000000002,-0.053037,0.983187,-0.17473,0.030476999999999997,0.120229,0.089276,0.058408,0.021100999999999998,0.082353
3982,-0.278949,-1.3876469999999999,-1.5939780000000001,-0.050148000000000005,0.983275,-0.175087,0.010095999999999999,0.146727,0.140374,0.073417,0.052537,0.088737
3983,-0.25852600000000003,-1.3877110000000001,-1.5770030000000002,-0.046546,0.9832870000000001,-0.176014,0.051886,0.19661099999999998,0.15021600000000002,0.085395,0.015447,0.01099
3984,-0.240879,-1.387592,-1.5604930000000001,-0.043461,0.983265,-0.176922,0.022313999999999997,-0.018431,0.13433699999999998,-0.039028,-0.00774,-0.057742999999999996
3985,-0.232927,-1.3889129999999998,-1.550853,-0.041753,0.983505,-0.17599800000000002,-0.074809,-0.080724,0.07925900000000001,-0.08806900000000001,-0.0074459999999999995,-0.049375
3986,-0.230544,-1.390468,-1.546643,-0.040983,0.983785,-0.17460699999999998,-0.055548,-0.10196000000000001,0.045238,-0.099566,-0.011968000000000001,-0.05561699999999999
3987,-0.230163,-1.391163,-1.5439610000000001,-0.040761,0.983909,-0.173958,-0.007423999999999999,-0.09778200000000001,0.024204,0.001637,0.025612,-0.011391
3988,-0.22791599999999998,-1.390925,-1.541881,-0.040423,0.983867,-0.174276,0.017991,0.086466,0.013463,0.017931,0.027226,-0.00059
3989,-0.22309099999999998,-1.391177,-1.539982,-0.039527,0.9839120000000001,-0.174228,-0.029738999999999998,0.16009,0.024786000000000002,0.036261,0.025778,0.005497
3990,-0.217823,-1.3926,-1.537342,-0.038306,0.984165,-0.173066,-0.080208,0.109048,0.045863,0.02056,0.015423,0.057374
3991,-0.213871,-1.394484,-1.534699,-0.037228,0.984497,-0.171404,-0.08154299999999999,0.04197,0.038462,0.0037649999999999997,0.008255,0.038027
3992,-0.21223000000000003,-1.396041,-1.533615,-0.036623,0.984769,-0.169966,-0.071898,0.031365,0.018247,-0.004606,-0.000196,-0.007326000000000001
3993,-0.211794,-1.396952,-1.533321,-0.036361000000000004,0.984927,-0.169105,-0.02299,-0.012457,0.012236,-0.022096,-0.002673,-0.011574
3994,-0.210392,-1.397139,-1.531427,-0.036085,0.984959,-0.168976,-0.000687,-0.026418,0.020955,-0.018221,-0.001241,-0.002365
3995,-0.20833000000000002,-1.39749,-1.529041,-0.035664999999999995,0.9850200000000001,-0.168711,-0.021933,0.001324,0.028249,-0.008584999999999999,0.001186,0.010874
3996,-0.203326,-1.398116,-1.523878,-0.034696,0.9851280000000001,-0.168284,-0.015858,-0.034000999999999997,0.065724,0.041135000000000005,0.011424,0.021098
3997,-0.196657,-1.398627,-1.515092,-0.033475,0.985215,-0.168018,-0.008831,-0.119299,0.078701,0.016583,0.004714,-0.002728
3998,-0.192153,-1.399082,-1.508858,-0.032632,0.985293,-0.167727,-0.015819999999999997,-0.049882,0.041176,-0.010535,0.007947,-0.013517
3999,-0.193049,-1.399892,-1.508634,-0.032629000000000005,0.985431,-0.166914,-0.019021,-0.068969,0.021949,0.0014089999999999999,0.007534000000000001,0.015928
4000,-0.191799,-1.40028,-1.505154,-0.032347,0.985497,-0.166579,-0.011917,-0.130857,0.041306,0.011672,0.008826,0.016692
4001,-0.189977,-1.400857,-1.5000440000000002,-0.031937,0.9855950000000001,-0.16608,-0.023873,-0.173452,0.047686,-0.001175,0.002869,0.002018
4002,-0.193427,-1.400986,-1.500216,-0.032485,0.985617,-0.16584300000000002,-0.01927,-0.14133800000000002,0.004947,-0.034685,0.011652,-0.010609
4003,-0.200156,-1.401324,-1.505028,-0.033533999999999994,0.9856739999999999,-0.165295,-0.029376999999999997,-0.080325,-0.05929500000000001,-0.045094999999999996,0.028669,0.0075650000000000005
4004,-0.213567,-1.403827,-1.5173940000000001,-0.035224,0.986093,-0.162419,-0.07927999999999999,-0.058713,-0.09278600000000001,0.023688999999999998,0.023916999999999997,0.075001
4005,-0.227827,-1.405566,-1.528777,-0.03715,0.9863799999999999,-0.16022999999999998,-0.108991,-0.22175100000000003,-0.054327999999999994,0.034158999999999995,0.011651,0.058514
4006,-0.240256,-1.40741,-1.535253,-0.038705,0.986682,-0.15798800000000002,-0.09996000000000001,-0.317782,-0.023163999999999997,0.004052,0.001324,0.016035
4007,-0.251646,-1.4089690000000001,-1.542709,-0.040119,0.986934,-0.156047,-0.082893,-0.11424000000000001,-0.056420000000000005,-0.07488600000000001,0.012135,-0.044606
4008,-0.263387,-1.409719,-1.553347,-0.041756,0.9870549999999999,-0.154851,-0.039955000000000004,-0.075958,-0.07646599999999999,-0.010948000000000001,0.000997,-0.004695
4009,-0.274067,-1.409986,-1.560704,-0.043336,0.9870979999999999,-0.154142,-0.028014999999999998,-0.22530999999999998,-0.033462,0.014466,-0.012046,0.006314999999999999
4010,-0.28019,-1.410369,-1.560817,-0.044174,0.987159,-0.15351099999999998,-0.007455,-0.340663,0.024513,0.033829000000000005,-0.0111,0.00251
4011,-0.282103,-1.410389,-1.555726,-0.044462,0.9871620000000001,-0.153407,0.014953999999999999,-0.323761,0.040672,0.010954,-0.0052439999999999995,-0.035039
4012,-0.28265100000000004,-1.410095,-1.5511139999999999,-0.044627,0.987115,-0.153661,0.028298,-0.21828499999999998,0.025674000000000002,0.010341,0.011434999999999999,-0.005137
4013,-0.282879,-1.409606,-1.5477969999999999,-0.044797000000000003,0.987037,-0.154115,0.031854,-0.150077,0.01493,0.034848000000000004,0.016305,0.012818000000000001
4014,-0.281846,-1.409116,-1.5438379999999998,-0.044772,0.986958,-0.154625,0.028548,-0.158647,0.029873,0.049274,0.004985,0.031349
4015,-0.280438,-1.4090790000000002,-1.538398,-0.044565,0.986952,-0.154723,0.004784,-0.20869200000000002,0.044726,0.0198,0.008501,0.013152
4016,-0.280287,-1.4093120000000001,-1.5350489999999999,-0.044478,0.9869899999999999,-0.15450899999999998,-0.004252000000000001,-0.111604,0.015696,-0.012865000000000001,0.014856999999999999,-0.013261000000000002
4017,-0.28197300000000003,-1.4092360000000002,-1.535684,-0.044759,0.986978,-0.154506,0.007968000000000001,-0.034822000000000006,-0.015295,0.004918,0.012977,-0.007222
4018,-0.28473699999999996,-1.408928,-1.537655,-0.045272,0.986928,-0.154674,0.010054,-0.047604,-0.017401,0.022063,0.012492,0.013286000000000001
4019,-0.281344,-1.409901,-1.5333860000000001,-0.04448,0.987084,-0.15390299999999998,-0.000675,-0.047618,-0.004654,0.025025,0.005531,0.012546
4020,-0.281368,-1.409904,-1.532433,-0.044482,0.987085,-0.153899,0.005649,-0.046647,0.013549,0.021915,0.000739,0.0008529999999999999
4021,-0.27120700000000003,-1.410061,-1.521772,-0.042875,0.98711,-0.154194,0.010061,-0.01152,0.016743,0.010725,0.003628,-0.006023
4022,-0.26454099999999997,-1.409713,-1.5156319999999999,-0.041936,0.9870540000000001,-0.154808,0.013563999999999998,0.036483,-0.002519,0.010717,0.012397,-0.0019760000000000003
4023,-0.255753,-1.4110049999999998,-1.507356,-0.040251,0.987261,-0.153937,0.023061,0.007712999999999999,-0.00882,0.024092,0.009627,0.017904
4024,-0.247583,-1.4119899999999999,-1.499574,-0.038754000000000004,0.987417,-0.153317,0.012466,0.029039,-0.004644,0.017787999999999998,0.004786,0.010373
4025,-0.241963,-1.412126,-1.495296,-0.037859,0.9874379999999999,-0.15340299999999998,-0.006479,0.07708200000000001,-0.01445,0.010272,0.011677,-0.006525
4026,-0.23677600000000001,-1.411958,-1.491792,-0.037101999999999996,0.9874120000000001,-0.153758,-0.011807,0.0718,-0.020886000000000002,0.015038,0.018448,-0.010366
4027,-0.23400900000000002,-1.412101,-1.4904700000000002,-0.036644,0.987434,-0.153723,0.001024,0.07814700000000001,-0.020803,0.009498999999999999,0.009956,-0.000314
4028,-0.23395100000000002,-1.411904,-1.4928350000000001,-0.036680000000000004,0.987403,-0.15391400000000002,-0.009265,0.14006,-0.043386,0.009138,0.01252,-0.004533
4029,-0.232471,-1.412355,-1.4946,-0.03635,0.987474,-0.15353499999999998,-0.018743,0.158242,-0.053087,0.014362,0.013212,0.000429
4030,-0.23623200000000003,-1.412598,-1.50183,-0.036871,0.987513,-0.15316400000000002,-0.031445,0.18384,-0.050004,0.019384000000000002,0.009146,0.002132
4031,-0.22923400000000002,-1.413966,-1.499449,-0.035491,0.987727,-0.152103,-0.021615000000000002,0.241306,-0.043595,0.024856,0.009313,0.011706999999999999
4032,-0.223573,-1.413945,-1.499775,-0.034634,0.9877239999999999,-0.15232,0.021524,0.33281700000000003,-0.05515900000000001,0.030452999999999997,-0.036461,0.005958
4033,-0.22128699999999998,-1.413553,-1.504106,-0.034371,0.987663,-0.152778,0.01505,0.29139699999999996,-0.080787,0.013465999999999999,0.026208,0.004875
4034,-0.218627,-1.41363,-1.5064959999999998,-0.033947000000000005,0.987675,-0.152794,-0.035604000000000004,0.220029,-0.038318,0.014369999999999999,0.025524,-0.022239
4035,-0.221795,-1.413837,-1.5145899999999999,-0.034386,0.987707,-0.15248599999999998,-0.006361,0.279588,-0.045606,-0.012199,-0.014273,0.004034
4036,-0.22344,-1.413202,-1.523408,-0.034776,0.987608,-0.153042,0.022001,0.389328,-0.074391,-0.005782,0.00519,-0.002613
4037,-0.224593,-1.4126450000000002,-1.532493,-0.035075,0.9875200000000001,-0.15353699999999998,0.00704,0.386176,-0.07235499999999999,-0.001302,0.017606999999999998,0.00014099999999999998
4038,-0.22059499999999999,-1.414267,-1.536447,-0.034111,0.9877739999999999,-0.152113,-0.003619,0.401081,-0.06069600000000001,0.007911,0.0064730000000000005,0.024031
4039,-0.22132800000000002,-1.4147459999999998,-1.545747,-0.034118,0.987849,-0.151626,-0.020488,0.43845500000000004,-0.068339,-0.001023,0.013112,0.017501
4040,-0.224127,-1.415214,-1.557525,-0.03444,0.9879209999999999,-0.15108,-0.022532,0.448093,-0.079049,-0.008147,0.017877,0.013736000000000002
4041,-0.23540999999999998,-1.414456,-1.578033,-0.036317,0.9878040000000001,-0.151409,-0.041509,0.463214,-0.114455,-0.014738999999999999,0.012639,-0.013325
4042,-0.243006,-1.414358,-1.5952549999999999,-0.037489,0.9877879999999999,-0.151223,-0.037135,0.47814700000000004,-0.12299000000000002,-0.006745999999999999,0.016697999999999998,-0.012442
4043,-0.248725,-1.4142780000000001,-1.610953,-0.038373000000000004,0.987776,-0.151083,-0.029662,0.495101,-0.10693699999999999,-0.005054,0.012376999999999999,-0.007807
4044,-0.25784,-1.414417,-1.630119,-0.039713,0.987798,-0.150594,-0.037183999999999995,0.490836,-0.099509,-0.016805,0.004085,0.00040199999999999996
4045,-0.26454099999999997,-1.414175,-1.6464900000000002,-0.040784,0.9877600000000001,-0.150555,-0.036149,0.47701000000000005,-0.105895,-0.018741,0.00252,-0.013781999999999999
4046,-0.272113,-1.413465,-1.66419,-0.042111,0.987649,-0.150918,-0.027412,0.5142939999999999,-0.11336099999999999,-0.025226,0.000465,-0.023459
4047,-0.284192,-1.411904,-1.686768,-0.044363,0.987403,-0.15187799999999999,-0.017769,0.5174770000000001,-0.11864300000000001,-0.014719,-0.007087,-0.006737000000000001
4048,-0.291323,-1.411243,-1.703659,-0.045633,0.987298,-0.15218299999999998,-0.002049,0.452449,-0.12058699999999999,-0.013465000000000001,-0.00451,-0.001
4049,-0.301245,-1.4100030000000001,-1.722337,-0.047504000000000005,0.987101,-0.152892,0.003147,0.427903,-0.114113,-0.021085,0.000753,-0.006807
4050,-0.308558,-1.408177,-1.738548,-0.049168,0.986807,-0.154257,0.00856,0.448112,-0.110899,-0.017025,0.003779,-0.022851
4051,-0.313765,-1.406221,-1.7530560000000002,-0.050566,0.9864879999999999,-0.155835,-0.010607,0.466246,-0.10037599999999999,-0.017075999999999997,0.008034,-0.025088
4052,-0.316654,-1.405756,-1.76545,-0.051158999999999996,0.9864120000000001,-0.156124,-0.025619,0.46516899999999994,-0.084457,-0.013005000000000001,0.014946000000000001,-0.012866999999999998
4053,-0.319046,-1.405409,-1.776951,-0.051639,0.986355,-0.156326,-0.022562,0.43638299999999997,-0.081195,-0.015484,0.008732,-0.006027
4054,-0.324771,-1.404965,-1.790525,-0.052673000000000005,0.986281,-0.156443,-0.009038,0.353269,-0.087405,-0.024246,0.00557,-0.00044800000000000005
4055,-0.34269299999999997,-1.402691,-1.8151540000000002,-0.056222,0.9859040000000001,-0.157586,-0.007888,0.348032,-0.110899,-0.038093,0.006711,-0.022223
4056,-0.355403,-1.401173,-1.835957,-0.058740999999999995,0.985648,-0.15826199999999999,-0.033063999999999996,0.422771,-0.131471,-0.019063999999999998,0.000787,-0.010134
4057,-0.361527,-1.4010209999999998,-1.8506220000000002,-0.059762,0.9856229999999999,-0.158039,-0.035414,0.398183,-0.107955,0.001397,0.0052369999999999995,-0.000545
4058,-0.358702,-1.401224,-1.8551630000000001,-0.059245000000000006,0.985657,-0.15802,-0.035815,0.341593,-0.074767,0.021159,0.000625,-0.006912000000000001
4059,-0.357605,-1.400827,-1.861232,-0.059209000000000005,0.98559,-0.158451,-0.028322000000000003,0.360687,-0.060851999999999996,-0.00294,-0.005228,-0.013256
4060,-0.361201,-1.399738,-1.8724029999999998,-0.060157,0.985405,-0.15924100000000002,-0.026047000000000004,0.386267,-0.066213,-0.021661,-0.005181,-0.019577
4061,-0.36743400000000004,-1.398762,-1.886486,-0.06149400000000001,0.985238,-0.159761,-0.024955,0.386284,-0.071551,-0.024855000000000002,0.001395,-0.007963
4062,-0.37451599999999996,-1.398456,-1.9006040000000002,-0.062734,0.985186,-0.159601,-0.01778,0.320215,-0.072487,-0.020655,0.009855,0.001734
4063,-0.382581,-1.3975600000000001,-1.914133,-0.064349,0.985032,-0.15991,-0.013838,0.248823,-0.071302,-0.026593000000000002,0.008834,-0.012988
4064,-0.391585,-1.3964459999999999,-1.928434,-0.066205,0.9848389999999999,-0.160338,-0.024338,0.279778,-0.077829,-0.02663,0.0038079999999999998,-0.009156999999999998
4065,-0.39738,-1.396075,-1.9404240000000001,-0.067274,0.984775,-0.160288,-0.0317,0.309605,-0.071511,-0.009706000000000001,0.003018,-0.002172
4066,-0.400121,-1.396267,-1.9488830000000001,-0.06763999999999999,0.984808,-0.15993,-0.026697000000000002,0.256242,-0.051111000000000004,-0.00252,0.004922999999999999,0.0022760000000000002
4067,-0.403296,-1.39606,-1.956764,-0.068227,0.984772,-0.159901,-0.025802999999999996,0.225316,-0.043588999999999996,-0.016612000000000002,0.0071400000000000005,-0.0065569999999999995
4068,-0.408531,-1.395683,-1.9664110000000001,-0.069211,0.984707,-0.159882,-0.02585,0.21466300000000002,-0.043579,-0.020496,0.010319,-0.008636
4069,-0.415382,-1.39531,-1.976851,-0.070453,0.984642,-0.15974100000000002,-0.016551,0.14963900000000002,-0.041297,-0.025783999999999998,0.011071,-0.000675
4070,-0.422472,-1.394419,-1.986391,-0.071943,0.9844860000000001,-0.160038,-0.013498,0.117665,-0.04017,-0.026688999999999997,0.0030329999999999997,-0.012875
4071,-0.427043,-1.393791,-1.993527,-0.07293,0.984375,-0.160269,-0.016654,0.130447,-0.037006,0.001794,-0.003998,-0.005746
4072,-0.426543,-1.394036,-1.995624,-0.07275,0.984419,-0.16008599999999998,-0.02108,0.11758900000000001,-0.014587000000000001,0.011806,-0.00015,-0.0013369999999999999
4073,-0.42418599999999995,-1.394525,-1.994818,-0.072175,0.984504,-0.15981900000000002,-0.007647,0.046066,0.011237,0.009186,0.0066,0.011
4074,-0.42373999999999995,-1.394457,-1.994761,-0.072131,0.984492,-0.159912,-0.0035039999999999997,0.021537,0.014500999999999998,-0.016172,0.00295,-0.007233
4075,-0.42222200000000004,-1.394525,-1.994025,-0.07186000000000001,0.984504,-0.15996,0.000936,0.049262,0.003814,-0.028497,0.004204,-0.009306
4076,-0.42365,-1.394094,-1.996241,-0.072263,0.9844290000000001,-0.160244,0.002979,0.030076,0.00492,-0.008409999999999999,0.009086,-0.003208
4077,-0.422892,-1.39429,-1.995312,-0.072062,0.9844629999999999,-0.16012200000000001,0.006954000000000001,-0.029616000000000003,0.010365000000000001,0.000331,0.006778,0.002682
4078,-0.42201400000000006,-1.394257,-1.993596,-0.071935,0.9844569999999999,-0.160215,0.004772,-0.038139,0.012497,-0.0018260000000000001,0.003732,-0.0007650000000000001
4079,-0.422296,-1.394149,-1.9934669999999999,-0.072024,0.9844379999999999,-0.16029200000000002,0.0006580000000000001,-0.004035,0.012424,-0.006345,0.0055060000000000005,-0.000642
4080,-0.421076,-1.394847,-1.9921959999999999,-0.071548,0.984561,-0.159753,0.002762,-0.008312,0.014582,0.004973,0.009137000000000001,0.010537000000000001
4081,-0.42038000000000003,-1.395181,-1.990965,-0.071302,0.984619,-0.159502,0.006913,-0.033894,0.014643999999999999,2.8000000000000003e-05,0.0121,0.010775
4082,-0.42069700000000004,-1.395397,-1.9904369999999998,-0.071266,0.984657,-0.15928599999999998,0.004764,-0.040264999999999995,0.011432,-0.00483,0.007576,0.009505
4083,-0.42737600000000003,-1.394854,-1.99635,-0.07255,0.984562,-0.15929300000000002,0.0048259999999999996,-0.030661,0.007144,-0.015280000000000002,-0.00098,0.008490000000000001
4084,-0.428291,-1.394835,-1.9960040000000001,-0.072703,0.984559,-0.159244,0.016288,-0.08293500000000001,0.015836000000000003,-0.008489,0.00296,0.008685
4085,-0.4288,-1.394875,-1.9942330000000001,-0.072768,0.9845659999999999,-0.159171,0.015013999999999998,-0.124493,0.020153,-0.004671,0.007712999999999999,0.008749
4086,-0.433618,-1.3952719999999998,-1.9962240000000002,-0.07337,0.984635,-0.15846400000000002,0.021468,-0.141592,0.02134,-0.012461,0.016311000000000003,0.015672
4087,-0.433654,-1.39527,-1.9934319999999999,-0.073376,0.984635,-0.158462,0.031098,-0.128868,0.0278,-0.004413,0.012588,0.012115
4088,-0.432192,-1.3952200000000001,-1.989652,-0.073165,0.984626,-0.158614,0.019443000000000002,-0.10965699999999999,0.028762,-6.2e-05,0.008584,0.004577
4089,-0.42574300000000004,-1.395946,-1.980922,-0.07184600000000001,0.9847530000000001,-0.158432,0.016151,-0.117153,0.041569999999999996,0.013434999999999999,0.001713,0.0052179999999999995
4090,-0.42061099999999996,-1.396307,-1.9733900000000002,-0.070886,0.984815,-0.158474,0.021422999999999998,-0.117227,0.055495,0.013116999999999998,0.007372,0.004864
4091,-0.415055,-1.396582,-1.965153,-0.069895,0.9848629999999999,-0.158617,0.024508000000000002,-0.139621,0.05875,0.009364,0.0044859999999999995,0.00609
4092,-0.41240200000000005,-1.3963510000000001,-1.959426,-0.069565,0.984823,-0.15900999999999998,0.022397999999999998,-0.149141,0.043792000000000005,-0.0059960000000000005,0.016352000000000002,-0.006364
4093,-0.41175,-1.396196,-1.9559669999999998,-0.069523,0.9847959999999999,-0.159196,0.008716,-0.126646,0.024439,-0.0073349999999999995,0.01554,-0.005385
4094,-0.41307,-1.39665,-1.954967,-0.06955399999999999,0.984875,-0.158695,-0.005029,-0.111632,0.011506,0.004292,0.010227,0.0069
4095,-0.415469,-1.397162,-1.9548990000000002,-0.069731,0.9849629999999999,-0.158066,-0.01256,-0.132882,0.0040030000000000005,-0.000826,0.0051340000000000005,0.00496
4096,-0.420437,-1.3974209999999998,-1.957006,-0.070411,0.985008,-0.15748499999999999,-0.016799,-0.139207,-0.008838,-0.00657,0.005882,0.001998
4097,-0.428432,-1.397253,-1.9627400000000002,-0.07173600000000001,0.984979,-0.157067,-0.021908,-0.103975,-0.023875,-0.010341,0.007970999999999999,-0.0053170000000000005
4098,-0.435312,-1.397399,-1.9673029999999998,-0.072755,0.9850040000000001,-0.15643900000000002,-0.021999,-0.13376400000000002,-0.033451999999999996,0.000321,0.005383,0.000281
4099,-0.44208500000000006,-1.397486,-1.9713349999999998,-0.073776,0.9850190000000001,-0.155866,-0.018798,-0.136958,-0.03663,0.00563,0.003201,-0.002078
4100,-0.447967,-1.397606,-1.9747400000000002,-0.07464,0.9850399999999999,-0.15532200000000002,-0.014506999999999999,-0.12421900000000001,-0.029138,0.00387,0.002814,0.001102
4101,-0.45249700000000004,-1.39775,-1.976573,-0.075281,0.985065,-0.154855,-0.000801,-0.149877,-0.018327,0.007166,0.004727,8.499999999999999e-05
4102,-0.45464099999999996,-1.397569,-1.9755580000000001,-0.075691,0.985034,-0.154854,0.008705,-0.157422,-0.0043630000000000006,0.006554000000000001,-0.001696,-0.003166
4103,-0.452597,-1.397469,-1.9705830000000002,-0.075417,0.985016,-0.155096,0.018284,-0.143683,0.014916,0.018182,0.002059,-0.007287999999999999
4104,-0.443773,-1.397505,-1.958793,-0.074031,0.985023,-0.155724,0.030866,-0.16089900000000001,0.047076,0.027644,0.005731,-0.009391
4105,-0.43175699999999995,-1.397453,-1.943179,-0.072176,0.985014,-0.156648,0.041325,-0.182343,0.072818,0.025987,0.002764,-0.011
4106,-0.41990500000000003,-1.39749,-1.9277990000000003,-0.070299,0.9850200000000001,-0.15746,0.046713,-0.164277,0.07924400000000001,0.018267,0.007564,-0.005046
4107,-0.408337,-1.397348,-1.913012,-0.06852899999999999,0.9849959999999999,-0.158391,0.052125,-0.15043399999999998,0.076062,0.017305,0.006734,-0.0047409999999999996
4108,-0.397056,-1.397022,-1.898895,-0.066862,0.9849389999999999,-0.15945,0.054379,-0.126993,0.07284500000000001,0.016812999999999998,0.007142,-0.005436
4109,-0.383917,-1.396739,-1.883507,-0.06486499999999999,0.9848899999999999,-0.160573,0.047041,-0.100326,0.070626,0.024308,0.004229999999999999,-0.005595
4110,-0.370485,-1.39675,-1.868195,-0.062699,0.984892,-0.16142,0.041769,-0.085397,0.071642,0.025559000000000002,0.012163,-0.00162
4111,-0.359698,-1.396702,-1.855552,-0.060971000000000004,0.984884,-0.162131,0.040701999999999995,-0.094942,0.062035,0.013836000000000001,0.010554000000000001,-0.004281
4112,-0.352087,-1.39616,-1.846383,-0.05991900000000001,0.9847899999999999,-0.163091,0.03136,-0.055420000000000004,0.04376,0.005384000000000001,0.0035520000000000005,-0.008479
4113,-0.34589899999999996,-1.396123,-1.839723,-0.058921,0.984783,-0.163494,0.023084,-0.008476000000000001,0.032961000000000004,0.010093000000000001,0.011371,0.003261
4114,-0.339375,-1.396201,-1.832797,-0.057828,0.9847969999999999,-0.163802,0.013396000000000002,-0.028678,0.031853,0.011746,0.009252,-0.000123
4115,-0.335556,-1.396342,-1.8281479999999999,-0.05715599999999999,0.984821,-0.16389,0.005909,-0.0414,0.023272,0.0032920000000000002,0.013607,-0.001515
4116,-0.333779,-1.3961459999999999,-1.825926,-0.056928,0.9847870000000001,-0.16417400000000001,0.008244,-0.007277,0.012563,-0.001895,0.013580000000000002,-0.009501
4117,-0.332164,-1.396013,-1.824457,-0.056705,0.984764,-0.16439,0.011555,0.01403,0.009354000000000001,0.001621,0.008934000000000001,-0.013696000000000002
4118,-0.326788,-1.39598,-1.819325,-0.05583099999999999,0.984758,-0.164722,0.006164,0.006571,0.014669,0.014724000000000001,0.000669,-0.002224
4119,-0.323792,-1.396097,-1.816356,-0.055300999999999996,0.9847790000000001,-0.16477999999999998,-0.000276,0.001255,0.017836,0.007693000000000001,0.002221,-0.001418
4120,-0.321529,-1.396304,-1.8142740000000002,-0.054863,0.984815,-0.164711,-0.000204,0.014051,0.014615000000000001,0.002449,0.0071129999999999995,0.0023420000000000003
4121,-0.320473,-1.396611,-1.8134290000000002,-0.054594000000000004,0.9848680000000001,-0.164482,0.003005,0.012988,0.011434,-0.002398,0.013300999999999999,0.002281
4122,-0.321175,-1.396525,-1.8146200000000001,-0.054736,0.9848530000000001,-0.164524,-0.006443000000000001,0.034377,-0.0014789999999999998,-0.013775999999999998,0.00912,-0.005139
4123,-0.321761,-1.396683,-1.8161759999999998,-0.054783000000000005,0.9848809999999999,-0.164345,-0.01061,0.054640999999999995,-0.0036710000000000002,-0.006984000000000001,0.006102000000000001,0.00074
4124,-0.322088,-1.39693,-1.8174860000000002,-0.05476,0.984923,-0.164095,-0.011754,0.038662,-0.00259,-0.0025670000000000003,0.006913,0.00021600000000000002
4125,-0.323897,-1.39688,-1.819579,-0.055072,0.984915,-0.164043,-0.009778,0.0035,-0.002532,-0.010067,0.007547,-0.004002
4126,-0.3271,-1.3968559999999999,-1.822861,-0.055604999999999995,0.9849100000000001,-0.163888,-0.007562,0.014175,-0.010009,-0.017713,0.007520999999999999,-0.0026309999999999997
4127,-0.330907,-1.396614,-1.8273830000000002,-0.056305999999999995,0.9848690000000001,-0.163901,-0.01059,0.045108999999999996,-0.017549000000000002,-0.010634000000000001,0.010126999999999999,-0.005579
4128,-0.334652,-1.3966100000000001,-1.831832,-0.056921000000000006,0.9848680000000001,-0.163693,-0.019216,0.023837999999999998,-0.018652000000000002,-0.01037,0.004726,-8e-05
4129,-0.338723,-1.396639,-1.836039,-0.057578,0.984873,-0.163433,-0.013996000000000001,-0.0017469999999999999,-0.018583000000000002,-0.013909999999999999,-0.001017,-0.003529
4130,-0.34271,-1.396463,-1.839984,-0.058287,0.984842,-0.163365,-0.004385,-0.0038950000000000005,-0.022787,-0.009370999999999999,0.004873,-0.005168
4131,-0.34594400000000003,-1.396275,-1.843315,-0.058878,0.9848100000000001,-0.16335,-0.009675,0.009956,-0.018569,-0.0006320000000000001,0.009285,-0.00034700000000000003
4132,-0.346975,-1.396335,-1.8446669999999998,-0.059026,0.98482,-0.163234,-0.005432,0.019469,-0.003597,-0.0004980000000000001,0.004834000000000001,-0.002385
4133,-0.34613299999999997,-1.396403,-1.844282,-0.058865,0.9848319999999999,-0.16322,-0.000136,0.020477000000000002,0.006053,0.000714,0.0029,-0.001529
4134,-0.34792199999999995,-1.3958760000000001,-1.846195,-0.059335,0.98474,-0.163603,0.000851,0.003425,0.007148000000000001,-0.01348,0.003159,-0.005358
4135,-0.34862,-1.395728,-1.8468060000000002,-0.059498,0.984715,-0.163697,-0.002364,-0.004004,0.002861,-0.011836,0.0045579999999999996,-0.005752
4136,-0.349121,-1.395583,-1.847286,-0.059628999999999995,0.9846889999999999,-0.163802,0.003009,0.003438,0.00182,-0.0074329999999999995,0.005286,-0.004777
4137,-0.349958,-1.395633,-1.848139,-0.05975,0.984698,-0.163706,-0.001153,-0.001916,0.0050420000000000005,-0.004246,0.01518,0.0070599999999999994
4138,-0.351165,-1.395779,-1.84916,-0.059897000000000006,0.9847239999999999,-0.163498,-0.008636,-0.008269,0.0017929999999999999,-0.009789,0.009676,0.0017399999999999998
4139,-0.353652,-1.3958840000000001,-1.851484,-0.060267999999999995,0.984742,-0.163252,-0.011793000000000001,-0.007157999999999999,-0.006776999999999999,-0.012226,0.009963,-0.001344
4140,-0.358642,-1.395518,-1.856384,-0.061209000000000006,0.984678,-0.163287,-0.011720999999999999,0.001393,-0.014266999999999998,-0.008341,0.007815,-0.005796
4141,-0.36188899999999996,-1.395736,-1.859833,-0.061662,0.984716,-0.16288699999999998,-0.020184,0.008914,-0.022882,-0.003386,0.007287999999999999,0.002425
4142,-0.366278,-1.396009,-1.8641189999999999,-0.062280999999999996,0.984764,-0.162364,-0.020304,-0.021961,-0.027116,-0.003057,0.005852,0.002269
4143,-0.373699,-1.3961860000000001,-1.8708220000000002,-0.06342,0.9847940000000001,-0.161734,-0.020357,-0.037923,-0.03137,-0.008647,0.01342,-0.001871
4144,-0.378465,-1.3963510000000001,-1.875244,-0.06412999999999999,0.984823,-0.16128,-0.021304,-0.007044,-0.027144,-0.0036950000000000004,0.010584,-0.00041799999999999997
4145,-0.381171,-1.396586,-1.8780970000000001,-0.06448,0.984864,-0.16089,-0.019142,0.005706,-0.020736,0.004543999999999999,0.002792,-0.0007
4146,-0.37729,-1.396484,-1.874222,-0.06389199999999999,0.9848459999999999,-0.161233,-0.010749,-0.011427,-0.005697,0.014103000000000001,-5.9e-05,-0.010856000000000001
4147,-0.37532,-1.3965370000000001,-1.8721759999999998,-0.063555,0.9848549999999999,-0.16130999999999998,-0.002209,0.00021899999999999998,0.005031,0.013522,-0.0018989999999999999,-0.007422
4148,-0.371798,-1.396698,-1.868857,-0.062929,0.984883,-0.161385,-0.005375,0.00981,0.007134000000000001,0.020495,0.001918,-0.006248
4149,-0.367322,-1.397494,-1.864702,-0.061925,0.9850209999999999,-0.160933,-0.011611,0.016212999999999998,0.004978,0.006825,0.010402,0.0006389999999999999
4150,-0.367329,-1.397841,-1.86532,-0.061803,0.985081,-0.160614,-0.014659,0.039702,-0.005755,0.002477,0.007107,0.002716
4151,-0.36799499999999996,-1.398118,-1.867131,-0.061812,0.9851280000000001,-0.16031800000000002,-0.01772,0.06423999999999999,-0.012217,-0.000154,0.01005,-6e-06
4152,-0.367844,-1.398682,-1.8683580000000002,-0.061588,0.985225,-0.15980899999999998,-0.024127000000000003,0.063198,-0.01226,0.003925,0.006749,-0.000668
4153,-0.368132,-1.398899,-1.869836,-0.06155700000000001,0.9852620000000001,-0.159591,-0.01885,0.055701,-0.006872,0.0021079999999999996,0.005903,-0.006318
4154,-0.367971,-1.399039,-1.8709080000000002,-0.061482,0.9852860000000001,-0.159473,-0.024163999999999998,0.063164,-0.003714,-0.005306,0.007039,-0.013653
4155,-0.368799,-1.3991959999999999,-1.872952,-0.061558,0.9853129999999999,-0.159277,-0.029536,0.054661,-0.0037409999999999995,-0.002971,0.009911,-0.007379000000000001
4156,-0.370203,-1.399704,-1.875107,-0.061600999999999996,0.985399,-0.158725,-0.032866,0.024849,-0.004795000000000001,-0.005797,0.009656999999999999,-0.0035369999999999998
4157,-0.376234,-1.399818,-1.8813220000000002,-0.062515,0.985419,-0.158246,-0.032927,0.005695,-0.010114,-0.015671,0.006494,-0.006305
4158,-0.38201199999999996,-1.3999780000000002,-1.887258,-0.06337000000000001,0.9854459999999999,-0.157735,-0.029586,0.013169,-0.016502,-0.01236,0.003796,-0.003993
4159,-0.385767,-1.400251,-1.89156,-0.06386,0.985492,-0.157247,-0.027332,0.032366000000000006,-0.023989,-0.00601,0.0014,-0.002589
4160,-0.3885,-1.400562,-1.89497,-0.064174,0.9855450000000001,-0.156789,-0.026309,0.027019,-0.019702,0.000926,0.0038350000000000003,0.000188
4161,-0.39148099999999997,-1.400791,-1.8983029999999999,-0.064555,0.985584,-0.156388,-0.024294,0.012051000000000001,-0.007918999999999999,-0.0056359999999999995,0.0060539999999999995,-0.004455
4162,-0.393354,-1.400981,-1.90042,-0.064776,0.9856159999999999,-0.156093,-0.021122,0.014137,0.000646,-0.010754999999999999,0.0041,-0.006626000000000001
4163,-0.39574299999999996,-1.400919,-1.9031770000000001,-0.06517200000000001,0.985606,-0.155995,-0.015768,0.01944,0.001743,-0.011381,0.000662,-0.003246
4164,-0.396133,-1.40085,-1.9038169999999999,-0.065259,0.9855940000000001,-0.156033,0.000149,0.008697,0.010413,-0.004733,-0.000883,-0.0025210000000000002
4165,-0.395962,-1.400714,-1.903545,-0.06528400000000001,0.9855709999999999,-0.156167,0.008555,-0.009484999999999999,0.021176,-0.009987000000000001,0.0039770000000000005,0.000634
4166,-0.394963,-1.400874,-1.902111,-0.065067,0.985598,-0.156086,0.008542000000000001,-0.018028,0.030802,-0.00703,0.008909,0.005406
4167,-0.394372,-1.401274,-1.901173,-0.064824,0.985665,-0.15576099999999998,0.001097,-0.011615,0.031809,-0.007823,0.013419,0.007644
4168,-0.392975,-1.401706,-1.899519,-0.064443,0.9857379999999999,-0.15545799999999999,-0.001038,-0.007363,0.036061,-0.006953,0.009882,0.00316
4169,-0.391554,-1.401764,-1.897902,-0.0642,0.985748,-0.155496,0.003244,-0.003121,0.037152,-0.011696999999999999,-0.003616,4e-05
4170,-0.390293,-1.401986,-1.8965330000000002,-0.063921,0.985785,-0.155375,0.0032670000000000004,8.3e-05,0.03501,-0.009566,0.002191,0.004526
4171,-0.389621,-1.402181,-1.895643,-0.063743,0.9858180000000001,-0.15523900000000002,0.004257,-0.011661,0.040371,-0.016747,0.010138,0.0042380000000000004
4172,-0.390111,-1.402168,-1.895456,-0.063824,0.985816,-0.15522,-0.000121,-0.038269,0.038236,-0.021854,0.013681,-0.003959000000000001
4173,-0.391024,-1.402075,-1.8953830000000003,-0.064001,0.9858,-0.155247,0.004151,-0.041463,0.033993999999999996,-0.019906999999999998,0.012459999999999999,-0.004772
4174,-0.390406,-1.4019,-1.894049,-0.063971,0.985771,-0.155446,0.00324,-0.025431,0.027555,-0.009973000000000001,0.002449,-0.0028179999999999998
4175,-0.389217,-1.402242,-1.892339,-0.063658,0.985828,-0.155211,0.00112,-0.025411000000000003,0.024336,-0.0011,-0.00156,0.008452
4176,-0.388123,-1.402722,-1.890524,-0.063309,0.985909,-0.154842,0.00321,-0.036067,0.023296,-0.00027400000000000005,-8e-06,0.00909
4177,-0.38717199999999996,-1.403245,-1.888816,-0.062967,0.9859959999999999,-0.154424,-0.002131,-0.033931,0.02646,-0.0016079999999999998,0.010967,0.007558
4178,-0.385427,-1.403586,-1.8866080000000003,-0.062571,0.9860530000000001,-0.154223,-0.003116,-0.012634999999999999,0.02963,-0.016271,-0.000335,0.006075
4179,-0.387824,-1.403879,-1.888768,-0.062831,0.986102,-0.153804,-0.012609,-0.0040149999999999995,0.013528,-0.012256999999999999,0.001615,0.009059999999999999
4180,-0.389015,-1.404072,-1.8895849999999998,-0.062942,0.9861340000000001,-0.153553,0.001174,-0.029605000000000003,0.007247,-0.011017,0.003597,0.007237
4181,-0.390094,-1.404053,-1.8895119999999999,-0.063115,0.986131,-0.153503,0.008440000000000001,-0.065884,0.015889,-0.011821,0.002853,0.003478
4182,-0.39182100000000003,-1.4037950000000001,-1.8898150000000002,-0.06347699999999999,0.986088,-0.153629,0.00632,-0.066949,0.025488999999999998,-0.005492,0.001736,-0.0007440000000000001
4183,-0.38943,-1.4038629999999999,-1.8862150000000002,-0.063084,0.986099,-0.153718,0.009568,-0.049941,0.031899000000000004,-0.005886,0.0017239999999999998,-0.000655
4184,-0.38548000000000004,-1.403939,-1.881344,-0.062448000000000004,0.9861120000000001,-0.153896,0.017041,-0.044657999999999996,0.036217,0.005884,0.0027949999999999997,0.0012619999999999999
4185,-0.379416,-1.403836,-1.874022,-0.061551,0.986095,-0.154366,0.026494999999999998,-0.070287,0.043795,0.005872,0.004842,-0.004462
4186,-0.373962,-1.4035959999999998,-1.8669639999999998,-0.060795,0.9860549999999999,-0.154921,0.027519,-0.075634,0.048082,0.003239,0.00421,-0.004503
4187,-0.368116,-1.403497,-1.859668,-0.059924,0.986038,-0.155364,0.026494999999999998,-0.064982,0.04913,0.0037560000000000002,0.003677,0.00024300000000000002
4188,-0.36256900000000003,-1.403622,-1.852718,-0.05901699999999999,0.986059,-0.155579,0.023288999999999997,-0.06815800000000001,0.046975,-5e-05,0.012506999999999999,0.004639
4189,-0.358238,-1.403783,-1.8467790000000002,-0.058287,0.986086,-0.155684,0.020073,-0.075586,0.04269,0.002577,0.012739,0.00952
4190,-0.354284,-1.403942,-1.841647,-0.057616999999999995,0.9861120000000001,-0.15576700000000002,0.010686,-0.041423,0.036176,0.002365,0.015002000000000001,0.004582
4191,-0.349525,-1.404347,-1.836253,-0.056738,0.9861790000000001,-0.155664,0.0033130000000000004,-0.029639999999999996,0.026497000000000003,0.004492,0.005444,0.003839
4192,-0.347903,-1.404596,-1.833964,-0.056402,0.9862209999999999,-0.155524,-0.0030399999999999997,-0.030636,0.014704,0.002553,0.0072180000000000005,0.003532
4193,-0.347512,-1.40475,-1.833141,-0.056289,0.986246,-0.155405,-0.00825,-0.010347,0.007164,-0.002625,0.011801,-0.0032869999999999996
4194,-0.347283,-1.4049690000000001,-1.8330520000000001,-0.056179999999999994,0.986282,-0.15521400000000002,-0.017721999999999998,0.012081999999999999,0.000659,-0.001773,0.010666,-0.002944
4195,-0.34892199999999995,-1.4052149999999999,-1.834828,-0.056352,0.986323,-0.154894,-0.018808000000000002,-0.002785,-0.010012,-0.003341,0.009313,-0.0036299999999999995
4196,-0.35399,-1.405137,-1.839575,-0.057162,0.98631,-0.154678,-0.017779,-0.019799,-0.01853,-0.013364,0.012515,-0.006439
4197,-0.359178,-1.405042,-1.844512,-0.057997,0.986294,-0.15446700000000002,-0.020888,-0.005913,-0.024980000000000002,-0.005647999999999999,0.004535,-0.004881
4198,-0.361503,-1.405314,-1.8469830000000003,-0.058261,0.986339,-0.154081,-0.021897,0.0058130000000000005,-0.026069,0.010454999999999999,0.002293,-0.001894
4199,-0.360095,-1.40586,-1.845494,-0.057853999999999996,0.9864290000000001,-0.153659,-0.014509000000000001,-0.019823,-0.014223,0.01838,0.0050420000000000005,0.0004
4200,-0.358151,-1.4061709999999998,-1.8430849999999999,-0.057448,0.9864799999999999,-0.15348399999999998,-0.015613,-0.024097,-0.00995,0.013304,0.000321,-0.003529
4201,-0.358663,-1.406354,-1.8435650000000001,-0.057463,0.98651,-0.153285,-0.016536000000000002,0.011048,-0.006795999999999999,0.002699,0.008317,-0.007939
4202,-0.353552,-1.406387,-1.839158,-0.056667999999999996,0.9865149999999999,-0.15354600000000002,-0.007913,0.03656,-0.000357,0.014431,0.011729999999999999,-0.009829000000000001
4203,-0.350173,-1.406568,-1.836344,-0.056087,0.9865450000000001,-0.153569,-0.000579,0.019438999999999998,0.012536,0.015804,0.00488,-0.0045579999999999996
4204,-0.345246,-1.4064780000000001,-1.8316599999999998,-0.05536,0.9865299999999999,-0.153927,0.020706,0.011890999999999999,0.016968,0.017457,-0.019642,0.0009880000000000002
4205,-0.340019,-1.406185,-1.826527,-0.054651,0.986482,-0.15448800000000001,0.003646,0.005593,0.008313,0.011225,0.019332,-0.014549000000000001
4206,-0.337338,-1.406448,-1.824495,-0.054151,0.986525,-0.154389,-0.019666,0.033337,0.016659,0.008603,0.018602,-0.013183000000000002
4207,-0.334459,-1.407063,-1.8224799999999999,-0.053507000000000006,0.986626,-0.15397,-0.00352,0.054629,0.006063000000000001,0.009134,-0.0028309999999999997,0.008371
4208,-0.333642,-1.40735,-1.8229259999999998,-0.053288,0.9866719999999999,-0.153747,0.0072,0.062065999999999996,0.0018559999999999998,-0.002803,0.0074069999999999995,0.007415000000000001
4209,-0.33373600000000003,-1.407186,-1.8240599999999998,-0.053355999999999994,0.9866459999999999,-0.153894,0.0028940000000000003,0.048253,-0.0034990000000000004,-0.010472,0.006564,0.000177
4210,-0.33713699999999996,-1.406666,-1.828471,-0.054049,0.986561,-0.154196,0.0008380000000000001,0.05469500000000001,-0.014205,-0.012709,-0.000919,-0.0050149999999999995
4211,-0.34120100000000003,-1.406204,-1.8334830000000002,-0.054827,0.9864850000000001,-0.15440399999999999,0.0061530000000000005,0.041927,-0.022699,-0.010541,0.010676999999999999,-0.004211
4212,-0.344941,-1.405753,-1.8378400000000001,-0.05555499999999999,0.986411,-0.154618,0.009301,0.027014999999999997,-0.025863999999999998,-0.006624,0.010156,-0.001159
4213,-0.347121,-1.405413,-1.840711,-0.05600599999999999,0.986355,-0.15481099999999998,0.00722,0.036618,-0.028027,0.000174,0.008975,-0.001591
4214,-0.346947,-1.405094,-1.84135,-0.056086000000000004,0.986303,-0.155117,0.00514,0.035538,-0.020581,0.007945,0.007562999999999999,-0.004902
4215,-0.34532199999999996,-1.404931,-1.8403200000000002,-0.055888,0.986276,-0.155359,0.007168000000000001,0.025889,-0.006667,0.006374,0.0008150000000000001,-0.0026
4216,-0.34324499999999997,-1.4048200000000002,-1.8388630000000001,-0.055602,0.9862569999999999,-0.155578,0.009297,0.035426,0.004019,0.004012,0.00271,-0.000489
4217,-0.339892,-1.40475,-1.8364029999999998,-0.05510399999999999,0.986246,-0.155829,0.009326000000000001,0.050306000000000003,0.012546,0.003453,0.004599,-0.000909
4218,-0.335972,-1.4047690000000002,-1.833519,-0.054486,0.9862489999999999,-0.156026,0.010374,0.051346,0.017894,0.0006219999999999999,0.006213000000000001,0.002065
4219,-0.333843,-1.404641,-1.832212,-0.05419500000000001,0.9862280000000001,-0.15625999999999998,0.017784,0.038537,0.017961,-0.007359,0.004907,0.000697
4220,-0.33350799999999997,-1.404183,-1.832582,-0.054291,0.986152,-0.15670599999999998,0.019937,0.040669,0.015835,-0.013855000000000001,0.009895999999999999,-0.001451
4221,-0.333305,-1.4038959999999998,-1.8331689999999998,-0.054351,0.9861040000000001,-0.15698399999999998,0.015688,0.041761,0.012598,-0.011139,0.015391,0.0031149999999999997
4222,-0.333742,-1.4039270000000001,-1.8342939999999999,-0.05441,0.986109,-0.156932,0.009356999999999999,0.034388999999999996,0.005046,-0.00806,0.015934999999999998,0.005076
4223,-0.333822,-1.4038540000000002,-1.8351560000000002,-0.054446,0.9860969999999999,-0.156995,0.005185,0.047221,-0.003546,-0.007718000000000001,0.006409999999999999,0.005018
4224,-0.33623000000000003,-1.403872,-1.838554,-0.05481799999999999,0.9861,-0.15684700000000001,-0.001188,0.04833,-0.008934000000000001,-0.008154999999999999,0.009078,0.002397
4225,-0.337621,-1.403826,-1.840732,-0.055050999999999996,0.986093,-0.156813,-0.000155,0.037686000000000004,-0.012118,-0.006335,0.0074069999999999995,0.002333
4226,-0.339753,-1.403742,-1.843707,-0.055413,0.986079,-0.156774,-0.0032939999999999996,0.04518,-0.01856,-0.00225,0.005987,0.0016989999999999998
4227,-0.341859,-1.403817,-1.846914,-0.055718,0.9860909999999999,-0.15658699999999998,-0.007499,0.057982000000000006,-0.019674,-0.005515,0.006508,0.0017870000000000002
4228,-0.344507,-1.4039,-1.8506919999999998,-0.056104999999999995,0.9861049999999999,-0.156362,-0.011781,0.05268,-0.021834,-0.006883,0.006235,0.0032090000000000005
4229,-0.34749800000000003,-1.403977,-1.854732,-0.056547,0.986118,-0.156122,-0.013938999999999998,0.049483,-0.019709,-0.008685,0.008999,-0.000357
4230,-0.354516,-1.403667,-1.8626,-0.057747,0.986066,-0.156007,-0.016076,0.039935000000000005,-0.012272,-0.017891,0.0029170000000000003,-0.003081
4231,-0.35666,-1.403649,-1.865473,-0.058088,0.9860629999999999,-0.1559,-0.008641,0.035635,-0.009011,-0.012179,0.0038350000000000003,-0.004744
4232,-0.357743,-1.403468,-1.867344,-0.058319,0.9860329999999999,-0.156005,0.002062,0.039872000000000005,-0.012147,-0.005554,-0.0010019999999999999,-0.0037240000000000003
4233,-0.357935,-1.403,-1.8682869999999998,-0.058511,0.9859549999999999,-0.156426,0.009473,0.032368,-0.006745,-0.002281,0.004081,-0.003059
4234,-0.357213,-1.40275,-1.868068,-0.058484,0.9859129999999999,-0.156699,0.008320000000000001,0.024868,0.005007,-0.003848,0.005862,-0.004312
4235,-0.354978,-1.4026370000000001,-1.866414,-0.058172,0.9858950000000001,-0.156933,0.005072,0.033325,0.024201,-0.006189,0.006156,-0.003757
4236,-0.350488,-1.4025450000000002,-1.8625650000000002,-0.057498,0.9858790000000001,-0.157278,0.012535,0.033295,0.025322,0.0034969999999999997,0.005896,-0.001963
4237,-0.34682199999999996,-1.402436,-1.859414,-0.056958,0.9858610000000001,-0.157589,0.014669,0.02586,0.017869,0.0008359999999999999,0.007639,-0.00182
4238,-0.344117,-1.402231,-1.8572650000000002,-0.056599000000000003,0.985827,-0.157932,0.016916999999999998,0.030208999999999996,0.011403,-0.0014449999999999999,0.004896,-0.0010949999999999998
4239,-0.343684,-1.401732,-1.857414,-0.056696,0.985743,-0.15842,0.006292,0.030284,0.001714,-0.006475,0.009588,-0.0061920000000000005
4240,-0.343713,-1.401501,-1.858039,-0.056777999999999995,0.9857040000000001,-0.158633,0.002034,0.031369,0.000614,-0.009048,0.003127,-0.005811
4241,-0.344353,-1.401325,-1.859459,-0.056938,0.9856739999999999,-0.15875999999999998,-0.003232,0.043118000000000004,-0.002644,-0.012184,0.0034159999999999998,-0.005806
4242,-0.348432,-1.400669,-1.8641990000000002,-0.057805999999999996,0.985563,-0.159135,0.000993,0.030333,-0.005804999999999999,-0.015604,0.00432,-0.005691
4243,-0.35233400000000004,-1.400212,-1.868556,-0.058582,0.9854860000000001,-0.159329,0.000974,0.022889,-0.009003,-0.016385,0.006992,-0.003909
4244,-0.354296,-1.400004,-1.8710069999999999,-0.058965,0.98545,-0.159407,0.001003,0.026097000000000002,-0.012212,-0.009791,0.0054399999999999995,-0.000429
4245,-0.35729,-1.400038,-1.8743169999999998,-0.059431,0.985456,-0.159199,0.0009109999999999999,0.007979,-0.010054,-0.006487000000000001,0.0029620000000000002,0.006229
4246,-0.357767,-1.400066,-1.874869,-0.059497,0.985461,-0.159144,0.001984,0.004804999999999999,0.0005639999999999999,-0.000424,2.8000000000000003e-05,0.004802000000000001
4247,-0.356362,-1.399989,-1.873621,-0.0593,0.985448,-0.159299,0.004099,0.010086,0.010186,0.0015609999999999999,0.004573,-0.003283
4248,-0.353952,-1.399661,-1.871275,-0.059028,0.985392,-0.159745,0.009343,-0.000624,0.01985,-0.004006,0.002584,-0.007293000000000001
4249,-0.35192199999999996,-1.399377,-1.868898,-0.0588,0.985344,-0.160126,0.015615,-0.021981,0.027398000000000002,-0.009743,0.004296,-0.007522
4250,-0.35299200000000003,-1.398576,-1.8693220000000002,-0.059244000000000005,0.9852069999999999,-0.160804,0.018774000000000002,-0.024153,0.034897000000000004,-0.015203999999999999,0.003258,-0.004998
4251,-0.349976,-1.398461,-1.866012,-0.058798,0.985187,-0.161089,0.012483,-0.010239,0.024153,0.001379,0.017254,-0.0008380000000000001
4252,-0.347033,-1.398583,-1.862623,-0.05828200000000001,0.985208,-0.161147,0.014521000000000001,-0.030491000000000004,0.025262,-5.2000000000000004e-05,0.000266,0.005752
4253,-0.346352,-1.398554,-1.861219,-0.058182000000000005,0.985203,-0.161214,0.011343,-0.026215,0.024165,-0.008651,0.007396,0.001576
4254,-0.346078,-1.398659,-1.8605990000000001,-0.058102999999999995,0.9852209999999999,-0.161133,0.004032,-0.013345,0.01441,-0.005693999999999999,0.009362,0.004944
4255,-0.34552,-1.398833,-1.8596840000000001,-0.05795499999999999,0.985251,-0.161004,-0.003436,-0.017563,0.010091,-0.0027140000000000003,0.010294,0.00364
4256,-0.346459,-1.399084,-1.860208,-0.058022000000000004,0.985294,-0.160717,-0.007709000000000001,-0.019674,0.008995,-0.006645,0.008923,-0.001438
4257,-0.347882,-1.3989989999999999,-1.861232,-0.058279,0.9852790000000001,-0.16071300000000002,-0.00556,-0.016486,0.009004,-0.010813,0.002193,-0.0038079999999999998
4258,-0.349274,-1.398872,-1.8622330000000002,-0.058546,0.9852569999999999,-0.160749,-0.001292,-0.020745,0.004765,-0.007281,0.005419,-0.004458
4259,-0.349945,-1.3987379999999998,-1.8622130000000001,-0.058699,0.985234,-0.160834,0.000717,-0.042082999999999995,0.011215000000000001,-0.00551,0.008723,-0.004815
4260,-0.34907699999999997,-1.398841,-1.8603459999999998,-0.058524,0.985252,-0.16078900000000002,0.001707,-0.049582,0.020846,-0.000436,0.012337,-0.000466
4261,-0.346538,-1.398927,-1.85703,-0.058087,0.985267,-0.160858,0.001756,-0.031501999999999995,0.028301,0.0005769999999999999,0.010919,-0.0053560000000000005
4262,-0.34364,-1.399062,-1.8533119999999998,-0.057576,0.98529,-0.1609,0.001732,-0.048538,0.029314,0.001393,0.004609,-0.002278
4263,-0.341269,-1.399002,-1.849679,-0.057214,0.9852799999999999,-0.161092,0.007005,-0.063466,0.028301999999999997,-0.001883,0.006725,-0.006037
4264,-0.337959,-1.399029,-1.845257,-0.056672,0.985284,-0.16125499999999998,0.0038619999999999995,-0.048549,0.030398,0.004151,0.0076359999999999996,-0.002502
4265,-0.333257,-1.3993,-1.8396709999999998,-0.055826,0.9853299999999999,-0.161268,0.000671,-0.041102,0.035708,0.007776000000000001,0.006537,-0.001253
4266,-0.327839,-1.3996,-1.8333490000000001,-0.054855999999999995,0.985382,-0.16128800000000001,0.0017050000000000001,-0.046439999999999995,0.037860000000000005,0.009049,0.005875,-0.001645
4267,-0.32300500000000004,-1.399794,-1.82752,-0.054015,0.9854149999999999,-0.16137,0.000628,-0.047506,0.038923,0.0036609999999999998,0.003996,-0.004218
4268,-0.319483,-1.399918,-1.8230259999999998,-0.053408000000000004,0.9854360000000001,-0.161443,-0.000414,-0.045357999999999996,0.035709,0.000567,0.004265,-0.008723
4269,-0.315634,-1.399996,-1.8182580000000002,-0.052762,0.985449,-0.161575,0.007069,-0.042187999999999996,0.035757,0.001829,0.004282,-0.002182
4270,-0.31200300000000003,-1.400169,-1.8138400000000001,-0.052123,0.9854780000000001,-0.161603,0.0060539999999999995,-0.03365,0.032535,0.0031579999999999998,0.0059770000000000005,0.001797
4271,-0.307958,-1.400607,-1.8090990000000002,-0.051338,0.985553,-0.161401,0.013607,-0.033668000000000003,0.024002000000000002,0.011925,-0.016925,0.015115
4272,-0.305275,-1.400706,-1.8054240000000001,-0.050876,0.985569,-0.161445,0.015596,-0.063511,0.026189999999999998,-0.010801,0.026729000000000003,0.0044469999999999996
4273,-0.30556,-1.401093,-1.804561,-0.050807,0.985635,-0.16106700000000002,-0.032293,-0.044139,0.018353,-0.007055,0.03971,-0.010762
4274,-0.306237,-1.401646,-1.804314,-0.050751,0.985728,-0.16051300000000002,-0.020509,-0.03671,0.015221,-0.00238,-0.017299000000000002,0.010092
4275,-0.306293,-1.401945,-1.8039169999999998,-0.050672,0.985778,-0.16022899999999998,-0.000105,-0.019685,0.002523,0.002896,-0.001968,0.00787
4276,-0.307729,-1.402081,-1.8044689999999999,-0.050861,0.985801,-0.160028,0.0050219999999999996,-0.059144,0.009018,-0.007183,0.0062640000000000005,0.002908
4277,-0.309356,-1.4019030000000001,-1.804847,-0.051175,0.985771,-0.16011199999999998,0.007214,-0.054857,0.000481,-0.011035,0.0045850000000000005,-0.001509
4278,-0.312109,-1.401758,-1.8068119999999999,-0.051659000000000004,0.9857469999999999,-0.160107,0.004162,-0.034637,-0.004963,-0.005363000000000001,0.015747999999999998,-6.500000000000001e-05
4279,-0.313216,-1.401794,-1.80715,-0.051825,0.9857530000000001,-0.16001500000000002,0.000918,-0.041030000000000004,-0.001773,0.000113,0.016002000000000002,0.001766
4280,-0.312972,-1.402036,-1.8061080000000003,-0.051713,0.9857940000000001,-0.159802,-0.002288,-0.0389,0.001408,0.005937,0.012894,0.000759
4281,-0.311904,-1.4022219999999999,-1.804395,-0.051486000000000004,0.985825,-0.159681,-0.007579000000000001,-0.029294,0.001359,0.007876000000000001,0.013472999999999999,-0.0038009999999999997
4282,-0.311822,-1.402449,-1.803852,-0.051404,0.9858629999999999,-0.159473,-0.015004,-0.023924,-0.002972,0.008343999999999999,0.013343,-0.0052
4283,-0.31273,-1.402682,-1.804239,-0.051477999999999996,0.9859020000000001,-0.159207,-0.012865000000000001,-0.029232,-0.009359000000000001,0.0065260000000000006,0.014037,-0.0037719999999999997
4284,-0.31253600000000004,-1.403131,-1.803598,-0.051311,0.985977,-0.158796,-0.022405,-0.023837999999999998,-0.017976,0.008602,0.009476,-0.0018789999999999998
4285,-0.31524,-1.4036680000000001,-1.806071,-0.051576,0.986067,-0.158154,-0.036177999999999995,-0.009911,-0.025567,0.011385,0.009722,-0.000766
4286,-0.317839,-1.404304,-1.8087520000000001,-0.051791,0.9861719999999999,-0.157423,-0.036076,0.004928,-0.026718000000000002,0.013415,0.008777,-0.001924
4287,-0.31518,-1.404285,-1.806439,-0.051378,0.9861690000000001,-0.157579,-0.027519,0.011281999999999999,-0.024527,0.011675,-0.00451,-0.011183
4288,-0.316631,-1.404334,-1.808175,-0.051592,0.9861770000000001,-0.157458,-0.017941,0.012289,-0.018052000000000002,0.007647,-0.003786,-0.012676999999999999
4289,-0.314752,-1.4039709999999999,-1.806877,-0.05140700000000001,0.986117,-0.157895,-0.007208,0.037771,-0.006258,0.009491,0.001035,-0.012988
4290,-0.309185,-1.403691,-1.802568,-0.050611,0.9860700000000001,-0.158442,0.004621,0.071764,0.007670000000000001,0.012708,-0.0010539999999999998,-0.009573
4291,-0.30330999999999997,-1.403575,-1.7983900000000002,-0.049713,0.986051,-0.15884600000000001,0.008912999999999999,0.089808,0.020497,0.013733,-0.000455,-0.007704000000000001
4292,-0.29570599999999997,-1.4035950000000001,-1.792666,-0.048498,0.9860540000000001,-0.1592,0.007845999999999999,0.096178,0.026892000000000003,0.005163,0.012846999999999999,0.0018059999999999999
4293,-0.290313,-1.403867,-1.7892720000000002,-0.047562,0.9861,-0.159202,0.003655,0.10580999999999999,0.019372999999999998,0.003571,0.008636,0.0029980000000000002
4294,-0.286513,-1.404223,-1.787796,-0.046858,0.986159,-0.159045,-0.0025510000000000003,0.123998,-0.0010630000000000001,0.003553,0.010454000000000001,0.005557
4295,-0.285408,-1.404631,-1.789534,-0.046569,0.986226,-0.15871,-0.014086000000000001,0.151804,-0.018269999999999998,-0.001588,0.017924000000000002,0.012852
4296,-0.290085,-1.405367,-1.7975130000000001,-0.047103,0.986348,-0.157795,-0.021384,0.17108099999999998,-0.037575,-0.015350999999999998,0.016597,0.0136
4297,-0.299377,-1.405815,-1.8102150000000001,-0.048437,0.9864209999999999,-0.15692899999999999,-0.025591,0.16902899999999998,-0.053628999999999996,-0.023691999999999998,0.012129000000000001,0.007393
4298,-0.308199,-1.405979,-1.8222599999999998,-0.04977,0.986448,-0.156342,-0.032001999999999996,0.15525,-0.06540800000000001,-0.030354000000000003,0.015886,0.0017699999999999999
4299,-0.322088,-1.406048,-1.839504,-0.051914999999999996,0.98646,-0.15557,-0.041485,0.177671,-0.06978,-0.028437999999999998,0.009558,0.002799
4300,-0.334546,-1.4065450000000002,-1.855788,-0.053688,0.986541,-0.154449,-0.048897,0.187296,-0.07305199999999999,-0.020836,0.004517,0.00891
4301,-0.348182,-1.406985,-1.8728049999999998,-0.055640999999999996,0.986613,-0.153293,-0.04799,0.147895,-0.077271,-0.024147,0.004567,0.006031
4302,-0.364604,-1.406938,-1.891459,-0.058166999999999996,0.986605,-0.152403,-0.045037,0.09138099999999999,-0.075126,-0.033935,0.004713,0.00037999999999999997
4303,-0.37845700000000004,-1.406631,-1.9069939999999999,-0.060385,0.986555,-0.151864,-0.038717,0.082798,-0.065461,-0.022272,0.002443,-0.006156
4304,-0.386602,-1.406606,-1.917023,-0.061628999999999996,0.9865510000000001,-0.15139,-0.033382,0.091267,-0.056889999999999996,-0.0037549999999999997,0.00965,-0.0018690000000000002
4305,-0.39066599999999996,-1.407047,-1.9228419999999997,-0.062077999999999994,0.9866229999999999,-0.15073599999999998,-0.027116,0.073089,-0.045071,0.009649,0.012140999999999999,0.002298
4306,-0.394429,-1.4073069999999999,-1.927798,-0.062546,0.986665,-0.150264,-0.027255,0.049623,-0.037564,0.0027170000000000002,0.0023940000000000003,-0.00047699999999999994
4307,-0.398433,-1.4075950000000002,-1.93315,-0.063037,0.986712,-0.149751,-0.034613,0.07627300000000001,-0.035513,-0.00137,0.004667,-0.001952
4308,-0.403922,-1.407973,-1.940343,-0.063712,0.986773,-0.14906,-0.035661,0.081598,-0.034460000000000005,-0.007684000000000001,0.010037,0.0008210000000000001
4309,-0.41119300000000003,-1.408252,-1.948934,-0.064684,0.986819,-0.14834,-0.028332,0.055984000000000006,-0.029037,-0.016585,0.0021190000000000002,0.002695
4310,-0.419325,-1.408021,-1.958007,-0.065981,0.9867809999999999,-0.148018,-0.018813,0.044161,-0.019448,-0.024763,-0.002467,-0.002602
4311,-0.424987,-1.407475,-1.9642709999999999,-0.06704,0.986693,-0.14813199999999999,-0.008287000000000001,0.020654,-0.010801999999999999,-0.01461,0.004869,-0.01268
4312,-0.42435600000000007,-1.407086,-1.9637930000000001,-0.067104,0.9866290000000001,-0.148524,0.008606,0.004522,0.012837000000000001,-0.009022,-0.000271,-0.015156999999999999
4313,-0.420864,-1.406847,-1.9605009999999998,-0.066682,0.98659,-0.148973,0.006483,0.017269999999999997,0.023488,-0.001144,-1.8e-05,-0.012740000000000001
4314,-0.41431899999999994,-1.407196,-1.9543259999999998,-0.065567,0.9866469999999999,-0.149091,0.004335,0.018326,0.027745999999999996,0.012024,0.008424,0.011564
4315,-0.41114300000000004,-1.407352,-1.951603,-0.06503099999999999,0.9866729999999999,-0.14915699999999998,0.00123,0.032216,0.020229,0.011488,0.008399,0.01163
4316,-0.40560799999999997,-1.407858,-1.947059,-0.06400800000000001,0.9867549999999999,-0.149056,-0.005023,0.057835000000000004,0.012676999999999999,0.013500999999999999,0.008270999999999999,-0.000297
4317,-0.399927,-1.4082139999999999,-1.942984,-0.063023,0.9868129999999999,-0.149094,-0.01018,0.091963,0.007258,0.012912999999999999,0.004414,-0.003479
4318,-0.395899,-1.408504,-1.94114,-0.062312,0.986859,-0.149083,-0.014346000000000001,0.114349,0.007201000000000001,0.003474,0.008944,-0.007015
4319,-0.39445,-1.408432,-1.941918,-0.062123000000000005,0.986848,-0.149238,-0.015437000000000001,0.107955,0.009235,-0.010997,0.011809,-0.011864
4320,-0.393924,-1.407808,-1.9436930000000001,-0.062280999999999996,0.9867469999999999,-0.14984,-0.009966,0.131397,0.0028309999999999997,-0.01264,0.00895,-0.020998
4321,-0.39108000000000004,-1.407626,-1.944248,-0.061923,0.986717,-0.15018199999999998,-0.011802,0.190024,-0.004734,0.0049310000000000005,0.014946000000000001,-0.012872999999999999
4322,-0.383836,-1.408417,-1.941227,-0.060541,0.9868450000000001,-0.149903,-0.015964,0.21347600000000003,-0.004790999999999999,0.023934999999999998,0.000749,0.008561
4323,-0.37450900000000004,-1.409646,-1.936409,-0.058697000000000006,0.987043,-0.149333,-0.013789,0.2273,-0.000516,0.028377,-0.005598,0.012934000000000001
4324,-0.366715,-1.410376,-1.93375,-0.057273000000000004,0.98716,-0.14911300000000002,-0.012536,0.274147,0.004776,0.026663,0.011268,0.0107
4325,-0.35462,-1.4117879999999998,-1.9277,-0.054980999999999995,0.9873850000000001,-0.14848699999999998,-0.011318,0.309294,0.0058119999999999995,0.029819,0.012034999999999999,0.018299
4326,-0.344225,-1.413326,-1.92365,-0.052922000000000004,0.987627,-0.14762,-0.008048999999999999,0.31145900000000004,-0.004932,0.022999000000000002,0.019712,0.024009
4327,-0.34058,-1.413402,-1.9261540000000001,-0.052358,0.9876389999999999,-0.147742,-0.011192,0.306217,-0.023107,0.016041999999999997,0.01642,0.02114
4328,-0.338027,-1.41352,-1.930023,-0.051941999999999995,0.987658,-0.147765,-0.018559,0.323308,-0.028520999999999998,0.004136,0.007063,0.009887
4329,-0.338627,-1.413653,-1.93687,-0.051987,0.9876780000000001,-0.14761,-0.022956,0.296683,-0.026382999999999997,-0.027374000000000002,0.00251,-0.00359
4330,-0.342621,-1.413462,-1.946005,-0.05264,0.987649,-0.147579,-0.015776,0.23486300000000002,-0.02412,-0.038501,-0.0038079999999999998,-0.004719
4331,-0.341366,-1.413404,-1.948761,-0.052474,0.9876389999999999,-0.147699,0.0031550000000000003,0.18044200000000002,-0.017509,-0.053346000000000005,-0.006484,-0.007345
4332,-0.346271,-1.412595,-1.9564970000000002,-0.053469,0.9875120000000001,-0.14819100000000002,0.017774,0.12069200000000001,-0.006652,-0.048688999999999996,-0.008569,-0.002718
4333,-0.343727,-1.412082,-1.955091,-0.053262000000000004,0.987431,-0.148803,0.03325,0.01725,0.007476000000000001,-0.048026,-0.001698,-0.001603
4334,-0.34077199999999996,-1.411481,-1.951329,-0.053020000000000005,0.9873360000000001,-0.149519,0.03924,-0.064914,0.023561000000000002,-0.045979,0.0021809999999999998,0.0030039999999999997
4335,-0.344238,-1.410739,-1.9527439999999998,-0.053786,0.987218,-0.150025,0.034689,-0.11501800000000001,0.036409,-0.036256000000000004,0.008433,0.0035399999999999997
4336,-0.34086,-1.410395,-1.946129,-0.053391999999999995,0.9871629999999999,-0.150526,0.034325,-0.184307,0.048246,-0.029005,0.010578,-0.000674
4337,-0.343475,-1.408989,-1.9443110000000001,-0.054252999999999996,0.9869379999999999,-0.151692,0.039469,-0.22163200000000002,0.053666,-0.022728,0.00673,-0.016794999999999997
4338,-0.344273,-1.407606,-1.9409150000000002,-0.054835,0.986714,-0.152934,0.025833,-0.18424400000000002,0.039633,-0.013937,0.00558,-0.016561000000000003
4339,-0.343864,-1.407081,-1.937284,-0.054947,0.9866290000000001,-0.153444,0.007884,-0.150062,0.031986,-0.012528000000000001,0.00829,-0.017759999999999998
4340,-0.344819,-1.406433,-1.93507,-0.055309000000000004,0.9865229999999999,-0.15399200000000002,0.00037,-0.156444,0.036212,-0.008549,0.0043219999999999995,-0.007858
4341,-0.346254,-1.406204,-1.9332630000000002,-0.055607000000000004,0.9864850000000001,-0.15412599999999999,-0.002815,-0.15642,0.032984,-0.010616,0.009212,-0.009372
4342,-0.347973,-1.405773,-1.9317819999999999,-0.056017,0.9864149999999999,-0.15442899999999998,-0.002738,-0.156493,0.025461,-0.009718000000000001,0.006581999999999999,-0.014882
4343,-0.348274,-1.405557,-1.929132,-0.056136,0.9863790000000001,-0.154613,-0.007956,-0.136212,0.020057,-0.000627,0.013147999999999998,-0.011005
4344,-0.34671599999999997,-1.406283,-1.925059,-0.055652,0.986498,-0.154027,-0.010047,-0.12131199999999999,0.025366,0.009845,0.014768,0.006307
4345,-0.344492,-1.407019,-1.9203729999999999,-0.055064,0.986618,-0.15346700000000002,-0.000509,-0.121401,0.039320999999999995,0.0028940000000000003,0.003204,0.004877
4346,-0.341482,-1.407354,-1.9150189999999998,-0.054491,0.9866729999999999,-0.15332,0.005887,-0.106573,0.05537,-0.002089,-0.001169,0.001663
4347,-0.336133,-1.4074520000000001,-1.907713,-0.053638,0.9866889999999999,-0.15351800000000002,0.014465,-0.082162,0.070353,-0.005398,0.002584,-0.00293
4348,-0.330311,-1.407459,-1.9003430000000001,-0.052740999999999996,0.98669,-0.15382200000000001,0.015576,-0.067273,0.075682,-0.010154999999999999,0.003926,-0.001696
4349,-0.325444,-1.407628,-1.893893,-0.051939,0.986718,-0.153918,0.01768,-0.075794,0.07356900000000001,-0.011935,0.020332,0.0018800000000000002
4350,-0.317108,-1.407988,-1.8839700000000001,-0.050543,0.986776,-0.15400899999999998,0.024133,-0.06728200000000001,0.070399,0.00733,0.022334,0.002947
4351,-0.307214,-1.4085299999999998,-1.8729200000000001,-0.048855,0.986864,-0.15399100000000002,0.013588,-0.046974,0.062824,0.013363,0.006437999999999999,0.007751000000000001
4352,-0.298827,-1.409137,-1.863657,-0.047385000000000004,0.9869620000000001,-0.15382300000000002,0.00412,-0.03515,0.044585,0.011726,0.006019,0.005492
4353,-0.29339299999999996,-1.409942,-1.857925,-0.046319,0.9870909999999999,-0.153318,-0.006292,0.000131,0.022036,0.011377,0.013290999999999999,0.009412
4354,-0.288648,-1.4108370000000001,-1.8539,-0.045339,0.9872340000000001,-0.15268800000000002,-0.018784,0.054564,0.006926000000000001,0.015203,0.015604,0.005975
4355,-0.284102,-1.411402,-1.850982,-0.044488,0.987324,-0.152358,-0.023912,0.085535,-0.008102,0.013315,0.0063289999999999996,-0.004304
4356,-0.282353,-1.411748,-1.851157,-0.044127,0.9873780000000001,-0.152107,-0.030202,0.098388,-0.019912,0.008329999999999999,0.0051140000000000005,-0.007546
4357,-0.2837,-1.412113,-1.8549810000000002,-0.044231,0.9874360000000001,-0.151702,-0.03422,0.13576,-0.038147,0.007183,0.008948000000000001,-0.007370999999999999
4358,-0.284304,-1.412279,-1.8590830000000003,-0.044275999999999996,0.9874620000000001,-0.151518,-0.033936,0.18694000000000002,-0.049960000000000004,0.008556,0.001734,-0.011461
4359,-0.284877,-1.4123620000000001,-1.863678,-0.04434,0.987476,-0.15141300000000002,-0.029629000000000003,0.19226500000000002,-0.05314,0.009886,0.008695,-0.009475
4360,-0.286892,-1.412504,-1.869619,-0.044606,0.987498,-0.15119000000000002,-0.028551999999999998,0.197575,-0.049934,0.007984999999999999,0.015522999999999999,-0.010248
4361,-0.286925,-1.412894,-1.874598,-0.044501,0.987559,-0.150818,-0.044223,0.270073,-0.051204,0.009254,0.009633,-0.004547
4362,-0.288199,-1.4135719999999998,-1.881822,-0.044502999999999994,0.9876659999999999,-0.15012,-0.051562000000000004,0.294618,-0.055559000000000004,0.005639,0.00043200000000000004,-0.000897
4363,-0.291573,-1.414004,-1.89087,-0.044887,0.987733,-0.14956,-0.039902999999999994,0.267984,-0.065057,-5e-05,-0.008012,-0.002448
4364,-0.29825100000000004,-1.413653,-1.902887,-0.045987,0.9876780000000001,-0.149588,-0.035595,0.262698,-0.078909,-0.012348,0.003426,-0.016931
4365,-0.30740100000000004,-1.413219,-1.9175849999999999,-0.047483,0.98761,-0.14957,-0.040822000000000004,0.27660300000000004,-0.08857899999999999,-0.015597,0.008438,-0.01077
4366,-0.31764499999999996,-1.4131879999999999,-1.933334,-0.049023000000000004,0.987605,-0.149105,-0.047281000000000004,0.26065900000000003,-0.09181,-0.012546999999999999,0.0045969999999999995,-0.00275
4367,-0.32706799999999997,-1.41344,-1.947711,-0.050345,0.9876450000000001,-0.1484,-0.048491,0.231888,-0.088578,-0.010217,0.017711,-0.001288
4368,-0.335784,-1.413874,-1.96124,-0.051495000000000006,0.987713,-0.147551,-0.059175,0.23827800000000002,-0.07904800000000001,-0.002445,0.016132,-0.003008
4369,-0.34392399999999995,-1.41459,-1.974327,-0.052455999999999996,0.987825,-0.14646199999999998,-0.070934,0.238298,-0.073789,-0.007633,-0.0005200000000000001,-0.000252
4370,-0.35504600000000003,-1.414954,-1.9899099999999998,-0.053957000000000005,0.9878809999999999,-0.145532,-0.059342,0.20205499999999998,-0.077937,-0.015898,-0.0028350000000000003,-0.0032409999999999995
4371,-0.368944,-1.414922,-2.007498,-0.055986,0.987876,-0.144797,-0.04986,0.169023,-0.084241,-0.025786,0.015328,-0.003686
4372,-0.381319,-1.415143,-2.023111,-0.05769199999999999,0.9879100000000001,-0.14389100000000002,-0.05741,0.14987899999999998,-0.085339,-0.021669,0.011601,-0.0010220000000000001
4373,-0.393878,-1.415553,-2.0387060000000004,-0.059338999999999996,0.987974,-0.142781,-0.063854,0.14031400000000002,-0.085373,-0.016787,0.009981,0.000676
4374,-0.407674,-1.4164709999999998,-2.055241,-0.060944000000000005,0.988115,-0.14111600000000002,-0.068234,0.126437,-0.07470399999999999,-0.0046689999999999995,0.001493,0.008853
4375,-0.41776499999999994,-1.417291,-2.067914,-0.062036,0.988241,-0.139753,-0.07155,0.122102,-0.053358,-0.009009,7.099999999999999e-05,0.004377000000000001
4376,-0.42605699999999996,-1.4179979999999999,-2.0785240000000003,-0.062904,0.988349,-0.138598,-0.058935,0.101732,-0.031881,-0.017022,-0.000449,-0.000241
4377,-0.44452700000000006,-1.417284,-2.098273,-0.065756,0.98824,-0.13805,-0.042142,0.051557000000000006,-0.019957,-0.040811,0.001155,-0.0071530000000000005
4378,-0.456962,-1.416968,-2.1112740000000003,-0.067605,0.988192,-0.13750199999999999,-0.029469,0.022749000000000002,-0.019837,-0.034522000000000004,0.006071,-0.0032
4379,-0.46795600000000004,-1.417025,-2.122281,-0.069087,0.988201,-0.136699,-0.027436000000000002,-0.011522,-0.016654,-0.024037,0.005009,0.006084
4380,-0.47670799999999997,-1.417298,-2.130334,-0.07015700000000001,0.988242,-0.13585,-0.020128,-0.045641,-0.015493,-0.012728,-0.00109,0.007889
4381,-0.48116000000000003,-1.417757,-2.133843,-0.070552,0.9883120000000001,-0.135134,-0.022305000000000002,-0.044611000000000005,-0.004828,-0.004598,0.00151,0.009249
4382,-0.48251099999999997,-1.418715,-2.134729,-0.07029500000000001,0.988458,-0.1342,-0.031831,-0.010556999999999999,0.012155,0.008145999999999999,0.010794,0.006529999999999999
4383,-0.481833,-1.41987,-2.133886,-0.069675,0.988632,-0.133236,-0.036148,-0.011646,0.021741,0.005344,0.00563,0.004604
4384,-0.480959,-1.42075,-2.132859,-0.069156,0.988764,-0.132526,-0.031827,-0.0031260000000000003,0.018556,0.006091,0.001363,0.00014
4385,-0.477947,-1.4214200000000001,-2.13004,-0.068452,0.988864,-0.132145,-0.027478,0.014969,0.018563999999999997,0.009934,0.006634999999999999,-0.00436
4386,-0.47495299999999996,-1.422075,-2.127259,-0.067759,0.9889610000000001,-0.131773,-0.023267,0.005354,0.021811,0.0021920000000000004,-0.003778,-0.004122
4387,-0.473999,-1.422476,-2.126204,-0.067453,0.9890209999999999,-0.131485,-0.022216,-0.007522,0.020702,-0.004187,-0.001533,-0.003327
4388,-0.47331599999999996,-1.423008,-2.125354,-0.067123,0.989099,-0.13106199999999998,-0.017939,-0.0064670000000000005,0.019662,-9.2e-05,0.009054000000000001,-0.000865
4389,-0.472466,-1.423376,-2.124219,-0.066846,0.9891530000000001,-0.130795,-0.013743,-0.023522,0.018645,-0.003635,0.003721,-0.0052829999999999995
4390,-0.472865,-1.4235389999999999,-2.123504,-0.066825,0.9891770000000001,-0.130625,-0.0053950000000000005,-0.073585,0.010221,-0.000436,0.008839,-0.000814
4391,-0.47200299999999995,-1.424138,-2.121107,-0.06644299999999999,0.989265,-0.130155,-0.0043100000000000005,-0.07145,0.008091,0.014334,0.014733000000000001,0.008757
4392,-0.46980600000000006,-1.4253879999999999,-2.117944,-0.065597,0.989447,-0.129198,-0.016994,-0.039468,0.013305,0.019912,0.003168,0.018083000000000002
4393,-0.46659300000000004,-1.4268809999999998,-2.113946,-0.06451699999999999,0.989662,-0.128089,-0.017054,-0.044824,0.020791999999999998,0.020312,-0.005653,0.014426
4394,-0.46300699999999995,-1.427612,-2.109115,-0.063733,0.989767,-0.127671,-0.002291,-0.070493,0.033748,0.003187,0.010508,0.001176
4395,-0.46157299999999996,-1.428025,-2.106146,-0.063368,0.989825,-0.127397,0.004105,-0.07052,0.03486,-0.007219,0.0211,0.004045
4396,-0.4585,-1.4286969999999999,-2.102,-0.062682,0.9899209999999999,-0.126994,0.009615,-0.035368000000000004,0.030581999999999998,0.006789,0.003915,0.013866
4397,-0.453329,-1.429654,-2.096523,-0.061610000000000005,0.9900559999999999,-0.126466,0.00656,-0.005516,0.02732,0.01475,0.001552,0.018861000000000003
4398,-0.448143,-1.430512,-2.091014,-0.060585,0.9901760000000001,-0.12601700000000002,0.002157,-0.025779000000000003,0.036930000000000004,0.008156,-0.00455,0.0106
4399,-0.442921,-1.430675,-2.085028,-0.05985700000000001,0.9901989999999999,-0.126187,0.013800999999999999,-0.036511,0.046639,-0.003833,-0.005626,-0.002949
4400,-0.436643,-1.430483,-2.077875,-0.059144,0.9901719999999999,-0.12673199999999998,0.027608999999999998,-0.042981,0.054221000000000005,-0.016372,0.003968,-0.0025859999999999998
4401,-0.43352700000000005,-1.4302489999999999,-2.073491,-0.058846,0.990139,-0.127126,0.037076,-0.064354,0.062858,-0.021079,0.005893,0.009145
4402,-0.427109,-1.4301629999999999,-2.0655040000000002,-0.058064,0.9901280000000001,-0.127578,0.0487,-0.076164,0.075771,-0.021465,0.0075379999999999996,0.016890000000000002
4403,-0.42029700000000003,-1.4302780000000002,-2.056502,-0.057147,0.990144,-0.127867,0.05485399999999999,-0.117783,0.088685,-0.012784,0.012313,0.014097
4404,-0.411146,-1.43018,-2.044193,-0.056014,0.99013,-0.128473,0.050327,-0.165744,0.098327,-0.026597000000000003,0.001371,0.012018000000000001
4405,-0.41038,-1.429989,-2.0393950000000003,-0.055991,0.9901030000000001,-0.12869,0.050148000000000005,-0.199854,0.10370599999999999,-0.038629000000000004,0.012933000000000002,0.010236
4406,-0.403648,-1.4296,-2.028146,-0.055274000000000004,0.9900479999999999,-0.129418,0.06284400000000001,-0.22121300000000002,0.105955,-0.033608,0.012759,0.0054859999999999996
4407,-0.396671,-1.428971,-2.016537,-0.054611,0.9899600000000001,-0.130374,0.07245,-0.215937,0.110286,-0.019089,0.0021969999999999997,0.0036810000000000002
4408,-0.383769,-1.4286299999999998,-1.999297,-0.05305,0.9899110000000001,-0.131381,0.069268,-0.203177,0.11879200000000001,0.001995,0.005816,0.008745999999999999
4409,-0.366385,-1.429001,-1.9776080000000003,-0.050627,0.989964,-0.131941,0.07134700000000001,-0.207475,0.12629200000000002,0.011595000000000001,0.019481000000000002,0.011686
4410,-0.348326,-1.429194,-1.95543,-0.048171,0.989991,-0.132654,0.051181,-0.18609,0.12398800000000001,0.008056,0.007064,0.000559
4411,-0.333355,-1.429194,-1.93707,-0.04618,0.989991,-0.13336099999999998,0.036461,-0.14871099999999998,0.11315599999999999,0.002647,0.004072999999999999,-0.00345
4412,-0.32016300000000003,-1.4289209999999999,-1.920875,-0.044502,0.9899530000000001,-0.134214,0.036543,-0.14757699999999999,0.096063,-0.001626,0.000617,-0.007006
4413,-0.309357,-1.4284059999999998,-1.906765,-0.043204,0.98988,-0.13517300000000002,0.047198000000000004,-0.16142,0.08547300000000001,0.0028899999999999998,0.0020329999999999997,-0.01038
4414,-0.299681,-1.427966,-1.893933,-0.042022000000000004,0.9898170000000001,-0.136001,0.047333,-0.14008099999999998,0.076901,0.003616,0.004171,-0.012162000000000001
4415,-0.288402,-1.4272610000000001,-1.8803740000000002,-0.040684,0.989716,-0.13713499999999998,0.043306,-0.087863,0.075738,0.004399,0.004439,-0.015453
4416,-0.270894,-1.426044,-1.861591,-0.038599,0.989542,-0.138986,0.045600999999999996,-0.045288999999999996,0.08317999999999999,0.013026,-0.003015,-0.020041
4417,-0.256999,-1.42527,-1.846959,-0.036858999999999996,0.9894299999999999,-0.140251,0.045689,-0.026114,0.083156,0.006449,0.001888,-0.016869
4418,-0.243588,-1.4244809999999999,-1.8331380000000002,-0.035163,0.9893149999999999,-0.14149,0.05223,-0.004793,0.073561,0.007377,0.014941999999999999,-0.012929
4419,-0.227158,-1.42359,-1.8168060000000001,-0.033033,0.989185,-0.14290799999999998,0.042769,0.012341,0.059588999999999996,0.0066040000000000005,0.005978,-0.008887
4420,-0.217486,-1.423067,-1.8076880000000002,-0.031761000000000005,0.989108,-0.143726,0.027036,0.048414,0.052913,0.003761,-0.003176,-0.006115
4421,-0.207594,-1.422719,-1.7993720000000002,-0.030407999999999998,0.989057,-0.144369,0.02087,0.103817,0.056004,0.000837,-0.004102000000000001,-0.004908
4422,-0.189146,-1.4218879999999998,-1.7835299999999998,-0.027894,0.988934,-0.145713,0.02315,0.141073,0.061316999999999997,0.019014,0.011143,-0.01629
4423,-0.173735,-1.421408,-1.771045,-0.025727999999999997,0.9888620000000001,-0.146593,0.022132,0.153852,0.063431,0.019303999999999998,0.020293000000000002,-0.017821
4424,-0.160184,-1.421022,-1.7606979999999999,-0.0238,0.9888049999999999,-0.147304,0.016947,0.170979,0.047351,0.012629999999999999,0.021769999999999998,-0.016117
4425,-0.153281,-1.419776,-1.7576319999999999,-0.022969999999999997,0.988618,-0.14868199999999998,0.017271,0.2084,0.013121,-0.0067079999999999996,-0.002885,-0.008315000000000001
4426,-0.149176,-1.4193440000000002,-1.7577909999999999,-0.022423,0.988553,-0.149199,0.02163,0.209527,-0.006078,-0.003333,0.0025210000000000002,-0.002382
4427,-0.14432,-1.419011,-1.756893,-0.021746,0.988503,-0.149631,0.021519,0.187148,-0.003913000000000001,0.008364,0.010322,0.0026739999999999997
4428,-0.129628,-1.419786,-1.745927,-0.019446,0.98862,-0.149174,0.017218999999999998,0.181608,0.014174,0.020408000000000003,0.0050479999999999995,0.012195999999999999
4429,-0.121226,-1.419902,-1.7411349999999999,-0.018178,0.9886370000000001,-0.14922,0.010717,0.181541,0.036562,0.007543000000000001,0.0045579999999999996,0.010563
4430,-0.111371,-1.419741,-1.7346840000000001,-0.016725,0.988613,-0.149549,0.027618,0.168601,0.061265,-0.017837000000000002,0.007908,0.0012029999999999999
4431,-0.10697100000000001,-1.418442,-1.733055,-0.016204,0.988416,-0.150899,0.049804,0.136496,0.07854900000000001,-0.035661,-0.002592,-0.014613999999999999
4432,-0.09914400000000001,-1.4168889999999998,-1.7272439999999998,-0.015174000000000002,0.98818,-0.152548,0.06453500000000001,0.09382,0.08190800000000001,-0.039391,-0.010518000000000001,-0.019495
4433,-0.092303,-1.415238,-1.721259,-0.014280000000000001,0.987925,-0.154273,0.077012,0.028763999999999998,0.089553,-0.019701,0.004522,-0.002008
4434,-0.084026,-1.4138899999999999,-1.7127709999999998,-0.013115,0.987715,-0.155712,0.085312,-0.010731999999999998,0.102478,-0.016991,0.009218,0.001873
4435,-0.072736,-1.412506,-1.7009560000000001,-0.011455,0.987498,-0.15721300000000002,0.07888099999999999,-0.014979,0.104574,-0.017765,0.013097,0.004762
4436,-0.067334,-1.411365,-1.694996,-0.010681999999999999,0.987318,-0.158397,0.067239,-0.017213,0.098027,-0.017883,0.016176,-0.0007830000000000001
4437,-0.059039999999999995,-1.410483,-1.6860419999999998,-0.009419,0.9871770000000001,-0.15935,0.045921,-0.024549,0.086136,-0.010143000000000001,0.034231,-0.001188
4438,-0.053598,-1.410076,-1.6800169999999999,-0.008573,0.9871120000000001,-0.1598,0.017249,-0.023268,0.057089999999999995,-0.013491,0.025751,-0.00144
4439,-0.055857000000000004,-1.410184,-1.6812529999999999,-0.008928,0.98713,-0.159673,-0.005194,-0.060359,0.028136,-0.026869,0.006004,0.003026
4440,-0.06225700000000001,-1.4100700000000002,-1.6861080000000002,-0.009956999999999999,0.9871110000000001,-0.159725,-0.011545999999999999,-0.071966,0.005671,-0.024619,0.008723,-0.012012
4441,-0.065928,-1.409764,-1.688484,-0.010563,0.9870620000000001,-0.15998900000000002,-0.013572999999999998,-0.061253999999999996,-0.007176999999999999,-0.000362,0.023207,-0.01799
4442,-0.066915,-1.409791,-1.688063,-0.010719,0.987067,-0.159952,-0.021159999999999998,-0.079371,0.0013390000000000001,0.0013650000000000001,0.002283,-0.008765
4443,-0.072099,-1.410099,-1.6914040000000001,-0.011526,0.987116,-0.159591,-0.031952,-0.09429900000000001,0.014099,-0.022928,-0.003595,-0.004944
4444,-0.080682,-1.410454,-1.697614,-0.012866999999999998,0.987173,-0.159137,-0.029893,-0.123205,0.017248,-0.035259,0.0049689999999999995,-0.007520000000000001
4445,-0.08962300000000001,-1.410635,-1.7036,-0.014274,0.987202,-0.15883699999999998,-0.028921,-0.153002,0.008743,-0.028207,0.013912,-0.012366
4446,-0.0986,-1.4107399999999999,-1.709124,-0.015688999999999998,0.987218,-0.1586,-0.030044,-0.182758,-0.008320999999999999,-0.019101,0.004527000000000001,-0.012206999999999999
4447,-0.108383,-1.411125,-1.7145869999999999,-0.017197999999999998,0.9872799999999999,-0.15805999999999998,-0.027006,-0.233842,-0.023191,-0.008131000000000001,-0.000723,0.001017
4448,-0.11514500000000001,-1.4119329999999999,-1.716541,-0.018175,0.987408,-0.157148,-0.027045999999999997,-0.240242,-0.021044999999999998,0.012376999999999999,0.0047799999999999995,0.009153
4449,-0.115869,-1.413038,-1.712918,-0.018163,0.987582,-0.156051,-0.038738999999999996,-0.210454,-0.000866,0.02361,0.003431,0.007781999999999999
4450,-0.11696600000000001,-1.413991,-1.709672,-0.018224,0.9877309999999999,-0.155096,-0.043184,-0.235,0.014091,0.005666,-0.001266,-0.001871
4451,-0.12336,-1.414308,-1.7104700000000002,-0.019177,0.9877809999999999,-0.154666,-0.023196,-0.305348,0.006842,-0.011844,0.005231,-0.010740000000000001
4452,-0.134358,-1.414083,-1.7146290000000002,-0.020907,0.9877459999999999,-0.154666,-0.0072959999999999995,-0.356496,-0.013415,-0.013868,0.008623,-0.010754999999999999
4453,-0.145817,-1.414165,-1.718491,-0.022666,0.987758,-0.154336,-0.007421,-0.394803,-0.02405,0.001258,0.00713,0.0032890000000000003
4454,-0.155721,-1.414592,-1.720248,-0.024128,0.987825,-0.15368800000000002,-0.005436,-0.415101,-0.011191,0.018512,0.000594,0.021287
4455,-0.155377,-1.415676,-1.711911,-0.023909,0.987993,-0.15263800000000002,0.013749,-0.390777,0.01669,0.03961,0.00302,0.027424
4456,-0.157699,-1.4153440000000002,-1.706794,-0.024315,0.987942,-0.15290499999999999,0.027614,-0.360061,0.048794,0.047432,0.005146,0.029889
4457,-0.156096,-1.414814,-1.6981669999999998,-0.024151,0.987859,-0.153462,0.041493,-0.33782,0.069159,0.045651,-0.015844,0.028081000000000002
4458,-0.15171700000000002,-1.4139540000000002,-1.687168,-0.023608,0.987725,-0.154407,0.06288200000000001,-0.313444,0.082096,0.046603,-0.000573,0.018451
4459,-0.139626,-1.4134120000000001,-1.669114,-0.021813,0.987641,-0.15521,0.068354,-0.287875,0.076763,0.047097,0.009231,0.017347
4460,-0.134287,-1.412379,-1.6578330000000001,-0.021121,0.9874780000000001,-0.156335,0.058700999999999996,-0.294302,0.083996,0.064837,0.022059,0.017145
4461,-0.125694,-1.411329,-1.643362,-0.019906999999999998,0.9873120000000001,-0.15754,0.075718,-0.273188,0.117202,0.043222000000000003,0.004204,0.014122
4462,-0.108447,-1.410205,-1.621218,-0.017307,0.987133,-0.158962,0.098304,-0.21368800000000002,0.136514,0.016437,-0.008572,0.007427
4463,-0.090759,-1.408409,-1.599321,-0.014653,0.986844,-0.16101,0.111101,-0.198882,0.152609,0.019459999999999998,-0.002042,-0.004121
4464,-0.06752000000000001,-1.4053870000000002,-1.571774,-0.011109,0.986351,-0.16427999999999998,0.11528499999999998,-0.2064,0.164402,0.014252,-0.003761,-0.021724
4465,-0.051659000000000004,-1.403319,-1.551959,-0.008608,0.986008,-0.166473,0.10911400000000002,-0.167977,0.15149100000000001,0.002367,0.007109999999999999,-0.017411000000000003
4466,-0.038633,-1.401373,-1.536065,-0.006513,0.985682,-0.168489,0.09779600000000001,-0.113454,0.11288599999999999,0.014400999999999999,0.016897,-0.003508
4467,-0.026958,-1.3995469999999999,-1.522256,-0.004593,0.9853729999999999,-0.170352,0.104465,-0.098383,0.068049,0.015992,-0.00038700000000000003,0.00281
4468,-0.023528,-1.397619,-1.517174,-0.004054,0.985042,-0.172265,0.089838,-0.067303,0.024944,0.001567,0.002186,-0.001975
4469,-0.024768000000000002,-1.39615,-1.517125,-0.004303,0.9847879999999999,-0.173707,0.065506,-0.063851,-0.017959,-0.012573,0.014037,0.0014039999999999999
4470,-0.034999,-1.395936,-1.52645,-0.0060869999999999995,0.984751,-0.17386300000000002,0.040206,-0.033781,-0.056632,-0.0038,0.031225,0.008428
4471,-0.042172,-1.395609,-1.53338,-0.007348,0.9846940000000001,-0.174137,0.02228,-0.007005,-0.077088,0.007318000000000001,0.026475,0.0067480000000000005
4472,-0.047172000000000006,-1.395724,-1.539303,-0.008213,0.984714,-0.173986,-0.000828,0.070854,-0.080552,0.0219,0.025143000000000002,0.006628
4473,-0.03951,-1.396779,-1.534541,-0.0068390000000000005,0.9848969999999999,-0.173006,-0.013278,0.150791,-0.079666,0.023639,0.005887,0.004182
4474,-0.043047,-1.397124,-1.541274,-0.007436,0.984957,-0.17264100000000002,-0.017580000000000002,0.147593,-0.075418,0.013875,-0.001146,0.002169
4475,-0.048208,-1.3973280000000001,-1.549556,-0.008317,0.984992,-0.172399,-0.011169,0.153946,-0.071109,0.002656,-0.0038060000000000004,0.000524
4476,-0.05529,-1.3970280000000002,-1.559663,-0.009554,0.9849399999999999,-0.172631,-0.010232999999999999,0.135756,-0.07028200000000001,-0.023481000000000002,0.004913,-0.025795
4477,-0.06462799999999999,-1.396443,-1.571207,-0.011203,0.9848389999999999,-0.17310999999999999,-0.009365,0.09525499999999999,-0.065953,-0.024426,0.006952,-0.026673000000000002
4478,-0.071259,-1.3964379999999998,-1.580059,-0.012351,0.9848379999999999,-0.173036,-0.0027719999999999997,0.119806,-0.084098,-0.010979000000000001,0.014994,-0.022292
4479,-0.079537,-1.3963709999999998,-1.591299,-0.013789,0.984826,-0.172994,-0.002571,0.14438800000000002,-0.104424,0.009501,0.021169999999999998,-0.011713
4480,-0.085088,-1.396339,-1.5998940000000001,-0.014750999999999998,0.984821,-0.172947,-0.010111,0.14329,-0.089519,0.016003,0.006314,-0.0018579999999999998
4481,-0.091134,-1.396677,-1.609457,-0.015766,0.9848790000000001,-0.172522,-0.033443,0.186997,-0.07692,0.005558,0.005706,-0.000131
4482,-0.099288,-1.3972719999999998,-1.6218219999999999,-0.017113999999999997,0.984982,-0.17180399999999998,-0.048292,0.20834499999999997,-0.074916,-0.017447,0.009479000000000001,-0.004922999999999999
4483,-0.115916,-1.397434,-1.642159,-0.01995,0.98501,-0.17133800000000002,-0.048406,0.166863,-0.090892,-0.037239999999999995,0.005667,-0.01192
4484,-0.137932,-1.396572,-1.6671650000000002,-0.023834,0.9848610000000001,-0.171698,-0.035572,0.141379,-0.122822,-0.040695,0.0051140000000000005,-0.025476
4485,-0.15726800000000002,-1.396033,-1.689157,-0.027232,0.984768,-0.171729,-0.035608,0.10951500000000002,-0.146285,-0.03922,-0.0010789999999999999,-0.019494
4486,-0.172648,-1.396253,-1.706432,-0.029833,0.984806,-0.171077,-0.034738,0.066896,-0.14515699999999998,-0.038816,-0.002537,-0.000523
4487,-0.194063,-1.396523,-1.7290009999999998,-0.033438,0.9848530000000001,-0.17013699999999998,-0.038093,0.039185000000000005,-0.138738,-0.033502,0.0034439999999999996,0.017275
4488,-0.210221,-1.3968610000000001,-1.745754,-0.036113,0.9849110000000001,-0.16925,-0.047876,0.00086,-0.136621,-0.030461000000000002,0.011854,0.017943
4489,-0.23256100000000002,-1.397599,-1.7678150000000001,-0.039717,0.9850389999999999,-0.167693,-0.051241999999999996,-0.033226,-0.134466,-0.03296,0.027229000000000003,0.014556
4490,-0.248729,-1.397989,-1.783467,-0.042329000000000006,0.9851059999999999,-0.166657,-0.051337,-0.040737999999999996,-0.120571,-0.037429000000000004,0.020814,0.014343999999999999
4491,-0.270313,-1.39854,-1.8040990000000001,-0.045771,0.985201,-0.165181,-0.055774000000000004,-0.06633700000000001,-0.108821,-0.034948,0.010985,0.006154
4492,-0.294329,-1.398759,-1.8263099999999999,-0.049662,0.985238,-0.163828,-0.050689,-0.10583499999999998,-0.092717,-0.025335,0.003913000000000001,0.000941
4493,-0.31159899999999996,-1.398388,-1.841416,-0.052596000000000004,0.985174,-0.163295,-0.043335000000000005,-0.114451,-0.075565,-0.011155,-0.010153,-0.009465000000000001
4494,-0.320311,-1.3983450000000002,-1.848038,-0.054029999999999995,0.985167,-0.16287000000000001,-0.030674,-0.11143,-0.05773300000000001,0.011198,-0.010206999999999999,-0.004686999999999999
4495,-0.32361799999999996,-1.398699,-1.849243,-0.054457000000000005,0.9852280000000001,-0.16236,-0.019025,-0.115791,-0.042688,0.017728999999999998,0.00371,-0.001093
4496,-0.326633,-1.39931,-1.8499150000000002,-0.054752999999999996,0.985332,-0.161625,-0.020179,-0.12859600000000002,-0.036268,0.015736,0.013066,0.003635
4497,-0.330941,-1.3996549999999999,-1.851768,-0.055338,0.985391,-0.16106600000000001,-0.01484,-0.124366,-0.033030000000000004,0.007609,0.012717000000000001,-0.004477
4498,-0.33409099999999997,-1.399625,-1.8529099999999998,-0.055854999999999995,0.9853860000000001,-0.160919,-0.013653,-0.09031,-0.025587000000000002,0.008522,0.00555,-0.004502
4499,-0.33782,-1.399942,-1.854914,-0.056352,0.98544,-0.160415,-0.021212,-0.09779199999999999,-0.012811000000000001,0.008942,0.012607,-0.001527
4500,-0.340269,-1.400184,-1.8549,-0.056664,0.9854809999999999,-0.160051,-0.019293,-0.137248,-0.004201,0.0024649999999999997,0.0084,-0.008375
4501,-0.34386,-1.4004889999999999,-1.855795,-0.057138,0.985533,-0.159564,-0.013925,-0.12768800000000002,-0.002039,-0.005393,-0.0012640000000000001,-0.013866999999999999
4502,-0.346246,-1.399905,-1.855895,-0.057713,0.985434,-0.159969,-0.00425,-0.107498,0.002275,-0.0010789999999999999,-0.008688,-0.010518000000000001
4503,-0.347534,-1.400205,-1.8549830000000003,-0.057819,0.985485,-0.159616,0.001036,-0.109681,0.010860999999999999,-0.000149,0.009526,0.0049369999999999995
4504,-0.34921399999999997,-1.400575,-1.8543479999999999,-0.057962,0.985547,-0.159176,-0.001108,-0.11498699999999999,0.007648,0.000207,0.008745999999999999,0.011181
4505,-0.352569,-1.4009989999999999,-1.855533,-0.058351,0.985619,-0.158588,-0.009534,-0.104249,-0.006311,-0.0007610000000000001,0.010231,0.011295
4506,-0.35497199999999995,-1.4018,-1.856084,-0.058458,0.9857540000000001,-0.15770699999999999,-0.022246000000000002,-0.089269,-0.01176,0.0041979999999999995,0.014093000000000001,0.003746
4507,-0.35928699999999997,-1.4025,-1.858689,-0.058895,0.985872,-0.156808,-0.040373,-0.088136,-0.012956,0.002712,0.012404,0.0029690000000000003
4508,-0.365708,-1.403294,-1.863314,-0.059621,0.9860040000000001,-0.155695,-0.046775,-0.09448,-0.019402000000000003,-0.0042369999999999994,0.01128,0.001413
4509,-0.37569400000000003,-1.402876,-1.8711830000000003,-0.061324000000000004,0.985934,-0.155475,-0.032957,-0.113673,-0.026761,-0.010301000000000001,-0.007205,-0.012493
4510,-0.38293,-1.402749,-1.8760439999999998,-0.06249400000000001,0.9859129999999999,-0.155144,-0.018134,-0.121228,-0.025965,-0.009848,-0.007520000000000001,-0.010338
4511,-0.389075,-1.4025729999999998,-1.879795,-0.063512,0.985884,-0.154917,-0.01178,-0.12235399999999999,-0.016306,-0.007869,-0.005324000000000001,-0.008199
4512,-0.392042,-1.402795,-1.88018,-0.063888,0.9859209999999999,-0.154526,0.00727,-0.131045,0.009476,0.009414,0.008937,0.004059
4513,-0.387752,-1.403135,-1.87342,-0.063098,0.985978,-0.15448900000000002,0.017861000000000002,-0.110991,0.046912999999999996,0.021013999999999998,0.012558,0.005242
4514,-0.377929,-1.403608,-1.861514,-0.061404999999999994,0.986057,-0.154667,0.024161000000000002,-0.099432,0.081127,0.025516,0.008527,0.005268
4515,-0.356385,-1.404461,-1.8378139999999998,-0.057765,0.9861979999999999,-0.155166,0.039986,-0.11343699999999998,0.106898,0.022502,-0.004524,-0.004379999999999999
4516,-0.340988,-1.4043139999999998,-1.819853,-0.055417999999999995,0.986174,-0.156173,0.051641,-0.120977,0.117672,0.017698,-0.000105,-0.0074930000000000005
4517,-0.325506,-1.4039190000000001,-1.802012,-0.05311799999999999,0.986108,-0.157381,0.059204999999999994,-0.099698,0.117699,0.010485,0.0035159999999999996,-0.008283
4518,-0.306921,-1.404125,-1.7815619999999999,-0.050123,0.986142,-0.158148,0.06352200000000001,-0.08051599999999999,0.11215,0.015958,0.009814,0.011816
4519,-0.292186,-1.40403,-1.765249,-0.047813999999999995,0.9861270000000001,-0.158959,0.058297,-0.064484,0.103548,0.016701,0.011478,0.013558
4520,-0.277593,-1.404472,-1.749585,-0.04537,0.9862,-0.159221,0.041441000000000006,-0.034524,0.085234,0.011343,0.015967,0.010493
4521,-0.26748,-1.404859,-1.7391849999999998,-0.043657,0.9862639999999999,-0.159303,0.023605,0.008249,0.060486,0.005571,0.022449,0.0036030000000000003
4522,-0.26156999999999997,-1.404974,-1.7336740000000002,-0.042685,0.986283,-0.159449,0.005684000000000001,0.025480000000000003,0.029361,0.000677,0.025207,0.001474
4523,-0.26516300000000004,-1.4054950000000002,-1.7374580000000002,-0.043123,0.986369,-0.158799,-0.014487,0.00442,-0.014552,-0.012694,0.026067,0.0037700000000000003
4524,-0.272179,-1.4056600000000001,-1.744752,-0.044192,0.9863959999999999,-0.158335,-0.029198,0.021649,-0.047792,-0.007306,0.013863,-0.0040030000000000005
4525,-0.27939899999999995,-1.406095,-1.752884,-0.045216,0.986467,-0.157599,-0.045033,0.045196,-0.06182000000000001,-0.000118,0.008772,-0.00361
4526,-0.285485,-1.407119,-1.759593,-0.04589,0.986635,-0.156352,-0.050618,0.00474,-0.057678,0.007254999999999999,0.0063159999999999996,0.005168
4527,-0.291524,-1.407664,-1.7654729999999998,-0.046678,0.9867229999999999,-0.155557,-0.03904,-0.016662,-0.043682,0.003664,-0.00392,-0.005027
4528,-0.296689,-1.407827,-1.7705520000000001,-0.047434,0.98675,-0.15516,-0.034743,-0.003919,-0.037259,-5.1e-05,0.006384,-0.005958
4529,-0.301064,-1.408367,-1.7746819999999999,-0.047955000000000005,0.9868370000000001,-0.154442,-0.033839,-0.027410000000000004,-0.024403,0.003933,0.013909999999999999,-0.001594
4530,-0.302167,-1.4084780000000001,-1.774892,-0.048093000000000004,0.9868549999999999,-0.15428499999999998,-0.013765000000000001,-0.058424000000000004,-0.011404000000000001,0.009473,-0.003213,-0.008618
4531,-0.300607,-1.408347,-1.772215,-0.047889999999999995,0.986834,-0.15448299999999998,-0.001,-0.054258,0.0015,0.010308,-0.0022,-0.006619
4532,-0.298333,-1.408652,-1.769237,-0.04745,0.986883,-0.154304,-0.009458,-0.029757,0.008888,0.009791,-9.8e-05,0.001166
4533,-0.296423,-1.40895,-1.766587,-0.047069,0.986931,-0.154113,6.2e-05,-0.046839,0.010045,0.006817,0.00962,-0.000398
4534,-0.29325300000000004,-1.408616,-1.762359,-0.046676,0.986878,-0.154577,0.023528999999999998,-0.049047,0.009145,0.009826,0.010864,-0.008783
4535,-0.28896700000000003,-1.4083,-1.7576630000000002,-0.046102,0.986827,-0.155074,0.016291,-1e-05,0.0068969999999999995,0.015125999999999999,0.0033159999999999995,0.000335
4536,-0.279934,-1.408988,-1.7497650000000002,-0.044512,0.9869379999999999,-0.154832,0.005951,0.086264,0.019536,0.032518,0.002366,0.016175
4537,-0.26952800000000005,-1.410468,-1.74177,-0.042509,0.987175,-0.153878,-0.011011,0.12886199999999998,0.037525,0.020796000000000002,0.009026000000000001,0.026177999999999996
4538,-0.264577,-1.411559,-1.7387860000000002,-0.041464999999999995,0.987349,-0.15304700000000002,-0.015477000000000001,0.084141,0.036483,-0.009087,0.01819,0.008074
4539,-0.267302,-1.411306,-1.7432599999999998,-0.041948,0.987308,-0.153175,-0.009902,0.10979900000000001,0.008712000000000001,-0.038298,0.014294,-0.011711
4540,-0.275109,-1.411198,-1.75406,-0.043171,0.987291,-0.152946,-0.025454,0.174976,-0.026736000000000003,-0.032955,0.018126,0.0016699999999999998
4541,-0.2771,-1.411638,-1.759612,-0.043357,0.987361,-0.152442,-0.035047,0.164408,-0.039608,-0.014901,0.011693,0.017325
4542,-0.28315300000000004,-1.412268,-1.768315,-0.044105,0.987461,-0.151579,-0.035263,0.11116600000000001,-0.044883,-0.015648,0.007306,0.0128
4543,-0.288478,-1.412615,-1.7758459999999998,-0.044814,0.9875149999999999,-0.151014,-0.034148000000000005,0.111205,-0.055558,-0.019013,0.005405,-0.000171
4544,-0.294471,-1.412937,-1.784545,-0.045626,0.9875659999999999,-0.15043800000000002,-0.035057,0.13893599999999998,-0.063077,-0.015577,0.006971,-0.004241
4545,-0.300881,-1.413864,-1.794011,-0.046318,0.987711,-0.149268,-0.03719,0.150758,-0.067569,0.008705,0.005178,0.015708
4546,-0.307392,-1.41462,-1.8036299999999998,-0.047063,0.9878290000000001,-0.148251,-0.043611000000000004,0.145459,-0.068675,0.008046,0.003595,0.016309
4547,-0.315353,-1.4153879999999999,-1.814413,-0.048007,0.9879479999999999,-0.147151,-0.051119,0.130597,-0.07511799999999999,0.00487,0.006253,0.011637999999999999
4548,-0.328723,-1.415446,-1.8303939999999999,-0.049951,0.987957,-0.14644100000000002,-0.051099,0.12637,-0.08366,-0.01464,0.001621,-0.0060090000000000005
4549,-0.33821100000000004,-1.415709,-1.842614,-0.051252,0.9879979999999999,-0.145716,-0.039344,0.129529,-0.08465,-0.013338999999999998,0.00158,-0.006735
4550,-0.344803,-1.415243,-1.851861,-0.052367,0.987926,-0.145808,-0.029845999999999998,0.11879200000000001,-0.071751,0.005767,0.004719,-0.014058000000000001
4551,-0.34637199999999996,-1.414934,-1.85558,-0.052699,0.987878,-0.146013,-0.011953,0.091986,-0.043817,0.008983,-0.00715,-0.008406
4552,-0.34634000000000004,-1.414585,-1.8573540000000002,-0.052811000000000004,0.9878239999999999,-0.14633800000000002,0.000711,0.085452,-0.01915,0.008317,-0.009751000000000001,-0.011590000000000001
4553,-0.343037,-1.414091,-1.8556549999999998,-0.052492,0.9877469999999999,-0.146972,0.008051,0.07257899999999999,-0.003059,0.004839,-0.0017239999999999998,-0.006028
4554,-0.340546,-1.413869,-1.8543759999999998,-0.052199,0.987712,-0.147309,0.010046,0.055472,0.010864,-0.008226,0.030598,-0.0044399999999999995
4555,-0.33905599999999997,-1.413789,-1.8539580000000002,-0.052006,0.9877,-0.14746099999999998,0.007917,0.055484000000000006,0.00978,-0.010981999999999999,0.006029,0.000199
4556,-0.338962,-1.413718,-1.8552220000000001,-0.052015,0.9876889999999999,-0.147532,0.004874,0.082161,0.001178,-0.013628,-0.002017,0.004603
4557,-0.336212,-1.41422,-1.854161,-0.051446000000000006,0.9877670000000001,-0.147207,0.011226,0.07572999999999999,0.0055049999999999995,0.001702,0.002971,0.007879
4558,-0.33467600000000003,-1.414277,-1.85362,-0.051200999999999997,0.987776,-0.147233,0.00358,0.038464,0.007634999999999999,-0.0032719999999999997,0.0052049999999999996,0.00525
4559,-0.336104,-1.414299,-1.8553509999999998,-0.051404,0.9877790000000001,-0.14713800000000002,-0.0029170000000000003,0.006571,-0.003052,-0.02283,0.014219999999999998,0.001127
4560,-0.344509,-1.413994,-1.8640849999999998,-0.052740999999999996,0.9877319999999999,-0.146985,-0.008089,0.033259,-0.012740000000000001,-0.026269,0.004547,0.0010960000000000002
4561,-0.348622,-1.41411,-1.8689630000000002,-0.05330599999999999,0.98775,-0.14665899999999998,-0.012361,0.032208999999999995,-0.012768999999999999,-0.017403000000000002,0.010145,0.004951
4562,-0.355744,-1.414457,-1.8757869999999999,-0.054229999999999993,0.9878040000000001,-0.145954,-0.010608,-0.041345,-0.001983,-0.017899,0.013996999999999999,0.007252
4563,-0.364782,-1.4142270000000001,-1.883307,-0.055626999999999996,0.987768,-0.14567,-0.000102,-0.081845,-0.0061329999999999996,-0.025824,-0.000891,-0.00031099999999999997
4564,-0.370713,-1.413693,-1.887536,-0.056680999999999995,0.987685,-0.145829,0.00528,-0.086065,-0.021047,-0.021505,0.001146,-0.008452
4565,-0.377614,-1.413163,-1.892523,-0.057879999999999994,0.9876020000000001,-0.145921,0.011618999999999999,-0.10205800000000001,-0.023119999999999998,-0.006116,0.006753,0.002092
4566,-0.381776,-1.413384,-1.8945290000000001,-0.058405,0.9876360000000001,-0.145477,0.014750999999999998,-0.111678,-0.017744,0.006052,0.008198,0.012709999999999999
4567,-0.38306,-1.41351,-1.893779,-0.05854500000000001,0.987656,-0.145286,0.013725999999999999,-0.092538,-0.008159999999999999,0.025403,0.007644,0.012367
4568,-0.373109,-1.414643,-1.882555,-0.056688999999999996,0.987833,-0.144819,0.004122,-0.059474,0.010781,0.026476,0.004584,0.005369
4569,-0.366427,-1.415122,-1.8747759999999998,-0.05555,0.987907,-0.144753,0.0051259999999999995,-0.057411000000000004,0.026811,0.017571,-0.003013,-0.001441
4570,-0.362333,-1.415082,-1.869413,-0.054971000000000006,0.987901,-0.145017,0.012565999999999999,-0.06595,0.024738,0.010172,0.000182,-0.006213000000000001
4571,-0.359237,-1.4146940000000001,-1.864944,-0.054657000000000004,0.987841,-0.145545,0.011543000000000001,-0.06803,0.012984,0.00032,0.008604,-0.010140999999999999
4572,-0.357729,-1.414248,-1.8620860000000001,-0.054591999999999995,0.987771,-0.14604,0.008368,-0.070119,0.005487,0.00349,0.005698,-0.009706999999999999
4573,-0.35569,-1.413925,-1.858483,-0.054404999999999995,0.987721,-0.14645,0.01366,-0.08290800000000001,0.002337,0.009117,0.006389,-0.005939
4574,-0.35265100000000005,-1.413681,-1.8536979999999998,-0.054042999999999994,0.987683,-0.146841,0.008269,-0.092489,0.005518,0.011898,0.007465,-0.009454
4575,-0.350954,-1.4134200000000001,-1.850052,-0.053882000000000006,0.987642,-0.147174,-0.00028900000000000003,-0.10096799999999999,0.0022649999999999997,0.006976,0.010343999999999999,-0.010175
4576,-0.3516,-1.413115,-1.848732,-0.054081,0.9875940000000001,-0.147422,-0.007732999999999999,-0.10296300000000001,-0.011777,0.004657,0.01735,-0.014428
4577,-0.353979,-1.4126889999999999,-1.8491380000000002,-0.054577,0.987527,-0.147688,0.003052,-0.09865299999999999,-0.033070999999999996,0.007199,0.013281999999999999,-0.012209000000000001
4578,-0.355715,-1.412168,-1.848907,-0.055013,0.9874450000000001,-0.148075,-0.005405,-0.09749400000000001,-0.049152999999999995,0.020711,0.035245,-0.016735
4579,-0.354865,-1.412361,-1.84686,-0.054821,0.987475,-0.14794300000000002,-0.022407,-0.044324,-0.010881,0.020397,0.019879,-0.007834
4580,-0.352045,-1.412975,-1.844177,-0.054194000000000006,0.9875719999999999,-0.147528,-0.032783,0.019634,-0.012102,0.021189,-0.016548,-0.001398
4581,-0.35038600000000003,-1.413491,-1.8429380000000002,-0.053774,0.9876530000000001,-0.14713900000000002,-0.004026,0.008881,-0.011885,0.012972,-0.007779,0.002409
4582,-0.353002,-1.4130989999999999,-1.845566,-0.054292999999999994,0.987592,-0.147361,0.01414,0.003539,-0.023502000000000002,-0.010084000000000001,-0.001584,-0.002053
4583,-0.359052,-1.412269,-1.85211,-0.055471000000000006,0.987461,-0.147797,0.025029,0.027038999999999997,-0.049095,-0.008799,-0.010409999999999999,0.004517
4584,-0.36484,-1.4116879999999998,-1.858524,-0.056531,0.987369,-0.14801,0.027175,0.032371,-0.04916,-0.003604,0.0074129999999999995,0.009216
4585,-0.370772,-1.4113280000000001,-1.8653400000000002,-0.057536000000000004,0.9873120000000001,-0.148003,0.012256999999999999,0.050477999999999995,-0.035401,-0.011006,0.010582,0.010384000000000001
4586,-0.376806,-1.411339,-1.872537,-0.058424000000000004,0.9873139999999999,-0.147643,0.005873,0.062188,-0.027985000000000003,-0.014131,0.011038,0.012709
4587,-0.383919,-1.410867,-1.8807490000000002,-0.059648,0.987238,-0.14765599999999998,0.012206999999999999,0.05149600000000001,-0.023657,-0.028776999999999997,0.008076999999999999,0.00256
4588,-0.385556,-1.410423,-1.8830349999999998,-0.060053999999999996,0.987168,-0.147964,0.013153999999999999,0.020616,-0.027882999999999998,-0.041112,0.011734,-0.009308
4589,-0.388993,-1.41003,-1.886742,-0.060709000000000006,0.9871049999999999,-0.148116,0.000342,0.005799,-0.040772,-0.043737,0.024049,-0.004091
4590,-0.400674,-1.409673,-1.89822,-0.062573,0.9870479999999999,-0.147721,-0.019962999999999998,-0.022808000000000002,-0.06224400000000001,-0.037159,0.025068,0.006104
4591,-0.41041000000000005,-1.409533,-1.9074830000000003,-0.064063,0.987025,-0.147232,-0.024182,-0.024872,-0.07509,-0.035485,0.01679,0.004455
4592,-0.425208,-1.409355,-1.922363,-0.066307,0.9869969999999999,-0.146428,-0.032543,0.014534,-0.074184,-0.011420999999999999,-0.006146,0.004399
4593,-0.435775,-1.409371,-1.933314,-0.067844,0.986999,-0.145705,-0.031538,0.003865,-0.07095900000000001,-0.005337,0.0008849999999999999,0.003249
4594,-0.44991499999999995,-1.409032,-1.947238,-0.070043,0.9869450000000001,-0.145032,-0.026262,-0.018486000000000002,-0.080509,-0.019053,0.008859,-0.000933
4595,-0.46374399999999993,-1.408324,-1.9612459999999998,-0.07235499999999999,0.9868299999999999,-0.144674,-0.02495,0.020985,-0.09550700000000001,-0.026843000000000002,0.006669,-0.008112000000000001
4596,-0.478284,-1.407619,-1.9769869999999998,-0.07477,0.986716,-0.144224,-0.035398,0.07320700000000001,-0.09244400000000001,0.001894,0.0019309999999999998,0.002195
4597,-0.487483,-1.407806,-1.9879369999999998,-0.076008,0.9867459999999999,-0.143367,-0.042929,0.0753,-0.076476,0.00687,0.006173,0.006816
4598,-0.495883,-1.408121,-1.9973020000000001,-0.077061,0.986798,-0.14245,-0.032563,0.021943999999999998,-0.062448000000000004,0.006764,0.005481000000000001,0.007975
4599,-0.505092,-1.406555,-2.0067060000000003,-0.079118,0.9865430000000001,-0.143087,-0.009184999999999999,0.00374,-0.059059,-0.013549,0.0007769999999999999,-0.019022
4600,-0.511259,-1.405485,-2.013608,-0.080515,0.986367,-0.143517,-0.001509,0.047338,-0.059095,-0.012548,-0.000848,-0.019691
4601,-0.5145270000000001,-1.404625,-2.018043,-0.081401,0.986225,-0.143992,0.011261,0.051507000000000004,-0.04726,0.000102,0.00034700000000000003,-0.012716
4602,-0.503286,-1.404518,-2.007771,-0.079828,0.986208,-0.14499,0.023849000000000002,0.032174,-0.0183,0.034693,-0.0033590000000000004,-0.006774
4603,-0.496595,-1.404515,-2.001705,-0.078858,0.986207,-0.14552400000000001,0.022662,0.034194,0.010533,0.038437,-0.004029,0.000672
4604,-0.48709600000000003,-1.404891,-1.993254,-0.077298,0.9862690000000001,-0.145938,0.017342,0.062873,0.036099,0.037502999999999995,-4.8e-05,0.003589
4605,-0.474682,-1.406156,-1.982127,-0.07491,0.986477,-0.145777,0.016216,0.060703999999999994,0.04678,0.007375,0.009798999999999999,0.0034729999999999995
4606,-0.46762600000000004,-1.406158,-1.9763830000000002,-0.073879,0.9864780000000001,-0.1463,0.024880000000000003,0.079888,0.037202,-0.001545,0.010715,-0.001222
4607,-0.46165100000000003,-1.405932,-1.9723130000000002,-0.073103,0.986441,-0.146938,0.020786000000000002,0.107642,0.026455000000000003,-0.006075,0.013483000000000002,-0.003147
4608,-0.456175,-1.4059,-1.969065,-0.072311,0.9864350000000001,-0.14736400000000002,0.014465,0.11723599999999999,0.021038,0.001525,0.007506999999999999,0.001582
4609,-0.451226,-1.4060139999999999,-1.966434,-0.071532,0.986454,-0.14762,0.009115999999999999,0.112998,0.019938,0.001235,0.008434,0.004370000000000001
4610,-0.447087,-1.406234,-1.9642259999999998,-0.070826,0.98649,-0.14771900000000002,0.005824,0.091708,0.018874000000000002,-0.001119,0.010107,0.0068650000000000004
4611,-0.450903,-1.40563,-1.9696220000000002,-0.071649,0.986391,-0.147984,0.0015810000000000002,0.081134,0.0028309999999999997,-0.024512,0.00865,-0.004528
4612,-0.456495,-1.405514,-1.9766740000000003,-0.072526,0.9863719999999999,-0.14768299999999998,-0.009031,0.07273400000000001,-0.018599,-0.019851,0.019487,0.00715
4613,-0.461286,-1.40553,-1.9827990000000002,-0.073225,0.986375,-0.14732,-0.015428,0.062151,-0.030382,-0.01584,0.008361,0.007763
4614,-0.468525,-1.40552,-1.9912599999999998,-0.074295,0.9863729999999999,-0.146795,-0.023968,0.058993,-0.032575,-0.012695999999999999,0.0034340000000000004,0.002691
4615,-0.47363299999999997,-1.40557,-1.997293,-0.075021,0.986381,-0.14637,-0.020878,0.034481,-0.032523,-0.009589,0.0062640000000000005,0.00013000000000000002
4616,-0.478905,-1.404916,-2.00293,-0.076089,0.986273,-0.146544,-0.013553,0.007802,-0.027098,-0.009284,0.0013210000000000001,-0.011323
4617,-0.48353999999999997,-1.4042379999999999,-2.007555,-0.077078,0.9861610000000001,-0.146782,-0.008265,-0.0061,-0.027061,-0.009439,0.002227,-0.010749
4618,-0.486929,-1.403861,-2.010831,-0.077749,0.986099,-0.146849,-0.0018780000000000001,-0.008258,-0.025945999999999997,-0.005365,0.003922,-0.008165
4619,-0.48507100000000003,-1.403377,-2.008784,-0.077699,0.9860180000000001,-0.14741500000000002,0.005490999999999999,-0.017922,-0.013062,0.012177,0.000157,-0.006058
4620,-0.483142,-1.403329,-2.0063470000000003,-0.077436,0.98601,-0.147607,0.008553,-0.033971,0.001936,0.007551,0.001493,-0.001609
4621,-0.481224,-1.4032149999999999,-2.003614,-0.077205,0.985991,-0.147855,0.013819999999999999,-0.041476,0.009461,0.0045579999999999996,0.004381,-0.003283
4622,-0.479209,-1.403011,-2.000787,-0.076999,0.985957,-0.14818800000000001,0.015968,-0.039348,0.008405,0.0021550000000000002,0.006765,-0.002385
4623,-0.477699,-1.402733,-1.998472,-0.076901,0.9859110000000001,-0.148547,0.018106999999999998,-0.040412000000000003,0.006285,0.0018280000000000002,0.002691,-0.0035520000000000005
4624,-0.474714,-1.402316,-1.994663,-0.076646,0.985841,-0.149143,0.026647000000000004,-0.040438,0.0052770000000000004,0.007997,0.002868,-0.005368
4625,-0.470289,-1.402025,-1.9895369999999999,-0.076115,0.985792,-0.14973599999999998,0.026648,-0.033010000000000005,0.012747,0.011036,0.008532,-0.0017989999999999998
4626,-0.46609700000000004,-1.402076,-1.9846529999999998,-0.075464,0.9858,-0.150009,0.022327,-0.034102999999999994,0.023400999999999998,0.007166,0.006906,0.0035549999999999996
4627,-0.46130600000000005,-1.402,-1.9790740000000002,-0.074778,0.9857879999999999,-0.150436,0.025480000000000003,-0.038401,0.029838999999999997,0.005107,0.002585,-0.001648
4628,-0.45537799999999995,-1.401666,-1.972302,-0.07403,0.9857309999999999,-0.151172,0.030781,-0.042693,0.033087,0.005136,0.005739,-0.006589
4629,-0.449657,-1.401314,-1.9655049999999998,-0.073314,0.9856719999999999,-0.15190499999999998,0.031767000000000004,-0.055501,0.038452,0.0016899999999999999,0.006973,-0.005382
4630,-0.445449,-1.401045,-1.9598810000000002,-0.07278899999999999,0.985627,-0.152452,0.032762,-0.071483,0.038479,-0.00143,0.003311,-0.0013880000000000001
4631,-0.441037,-1.400843,-1.9539349999999998,-0.072201,0.985593,-0.152952,0.033848,-0.069348,0.036348,0.003307,0.0014529999999999999,0.001539
4632,-0.43594700000000003,-1.4008559999999999,-1.947469,-0.07141499999999999,0.9855950000000001,-0.153305,0.031713,-0.062974,0.042735,0.004292,0.006059,0.006622
4633,-0.431307,-1.401203,-1.941382,-0.070561,0.9856530000000001,-0.153325,0.023096000000000002,-0.073626,0.050166,-0.00021,0.009571,0.011662
4634,-0.426716,-1.401358,-1.935201,-0.06979199999999999,0.9856799999999999,-0.153508,0.023081,-0.071517,0.055504,-0.0038009999999999997,0.008797,0.004307
4635,-0.42256499999999997,-1.401165,-1.9297419999999998,-0.069233,0.9856469999999999,-0.15397,0.026368,-0.054476,0.05336799999999999,-0.009319,0.006906999999999999,-0.00402
4636,-0.417494,-1.401166,-1.923239,-0.068451,0.9856469999999999,-0.154318,0.022024000000000002,-0.07681,0.048025,-0.011719,0.009317,0.00054
4637,-0.416704,-1.4009719999999999,-1.920668,-0.06840700000000001,0.985614,-0.154547,0.025253,-0.079979,0.038436,-0.013930000000000001,0.002728,0.002951
4638,-0.416182,-1.401023,-1.918484,-0.06830499999999999,0.9856229999999999,-0.15453699999999998,0.022075,-0.077824,0.035205,-0.015801,0.004398,0.016138999999999997
4639,-0.41514300000000004,-1.4010850000000001,-1.9154369999999998,-0.06812,0.985633,-0.154552,0.027236,-0.109826,0.041691000000000006,-0.012553,0.009575,0.014827000000000002
4640,-0.413236,-1.400754,-1.910869,-0.06795599999999999,0.9855780000000001,-0.15498,0.031359,-0.13225,0.051361000000000004,-0.011237,0.003589,-0.0027649999999999997
4641,-0.41006899999999996,-1.4004889999999999,-1.9048040000000002,-0.067569,0.985533,-0.155433,0.035563,-0.144072,0.058863,-0.012418,-0.0031260000000000003,0.001655
4642,-0.408504,-1.400316,-1.899778,-0.067393,0.985503,-0.155695,0.043901,-0.17716800000000002,0.06964400000000001,-0.013081,-0.000762,0.008006000000000001
4643,-0.403855,-1.400059,-1.8910959999999999,-0.066768,0.98546,-0.15624000000000002,0.05655399999999999,-0.196443,0.083643,-0.015583000000000001,0.001906,0.010351
4644,-0.397165,-1.399746,-1.880154,-0.065841,0.985406,-0.156968,0.064983,-0.20505500000000002,0.09866699999999999,-0.011796,0.006079,0.008378
4645,-0.38803000000000004,-1.399425,-1.866775,-0.064524,0.985352,-0.157856,0.082023,-0.193469,0.116931,-0.00173,0.00267,0.00571
4646,-0.373384,-1.398866,-1.848375,-0.062405999999999996,0.9852559999999999,-0.159297,0.09060599999999999,-0.16480899999999998,0.135114,0.009458,-0.004162,0.005748
4647,-0.354426,-1.3987459999999998,-1.825996,-0.059416,0.9852360000000001,-0.16056099999999998,0.09589600000000001,-0.158499,0.151168,0.001936,0.005075,0.009515000000000001
4648,-0.339097,-1.398217,-1.807064,-0.057122000000000006,0.985145,-0.161946,0.093766,-0.16697599999999999,0.14155,-0.0053170000000000005,0.010598,0.010792
4649,-0.327263,-1.39724,-1.7920099999999999,-0.055510000000000004,0.984977,-0.163521,0.095203,-0.124253,0.105196,-0.014665000000000001,0.014397,0.006416
4650,-0.31813600000000003,-1.396942,-1.7814580000000002,-0.054107,0.984925,-0.1643,0.07988300000000001,-0.022792,0.053685000000000004,0.012085,0.031386000000000004,0.01014
4651,-0.311168,-1.3964239999999999,-1.775182,-0.05311799999999999,0.984836,-0.165159,0.053872,0.068075,-0.003228,0.019106,0.034925,0.014828999999999998
4652,-0.309311,-1.396306,-1.7757040000000002,-0.052846000000000004,0.984815,-0.16536700000000001,0.020334,0.14618399999999998,-0.060176,0.026737999999999998,0.039355,0.019707
4653,-0.308292,-1.397334,-1.779304,-0.05237000000000001,0.984993,-0.164456,-0.017361,0.265786,-0.100113,0.027010000000000003,0.013144999999999999,0.016309
4654,-0.313204,-1.397666,-1.7908400000000002,-0.053077,0.98505,-0.16388599999999998,-0.038263,0.339458,-0.12385299999999999,0.022071,0.013713999999999999,0.008918
4655,-0.320189,-1.397849,-1.8050220000000001,-0.054163,0.985082,-0.16334,-0.048826,0.348077,-0.13889200000000002,0.017741,0.014247,-0.00057
4656,-0.334282,-1.397024,-1.82627,-0.056727,0.9849399999999999,-0.163328,-0.066884,0.34078200000000003,-0.16358,-0.022757,0.004745,-0.007372
4657,-0.349503,-1.397247,-1.848071,-0.059130999999999996,0.984978,-0.16224,-0.075562,0.291813,-0.17743699999999998,-0.033154,0.002235,0.000496
4658,-0.370309,-1.397019,-1.874059,-0.062574,0.9849389999999999,-0.161183,-0.07062,0.216113,-0.16555799999999998,-0.033281,-0.004577,-0.0052439999999999995
4659,-0.38510900000000003,-1.397047,-1.892785,-0.064943,0.984944,-0.160215,-0.050695,0.163747,-0.140782,-0.011885,-0.010243,-0.015353
4660,-0.39555500000000005,-1.39667,-1.906625,-0.066756,0.984878,-0.15987,-0.01779,0.163482,-0.103164,0.018584,-0.00415,-0.011883
4661,-0.396083,-1.396268,-1.91067,-0.066993,0.984809,-0.1602,0.000146,0.16536199999999998,-0.056038,0.025855,0.000192,-0.007311
4662,-0.395959,-1.395997,-1.913841,-0.067076,0.9847610000000001,-0.160455,0.004221,0.161994,-0.016481,0.016112,0.006389,-0.010413
4663,-0.38969899999999996,-1.395219,-1.9113639999999998,-0.066361,0.984626,-0.16158,0.016122,0.20878200000000002,-0.005775,0.009170999999999999,0.003304,-0.024425
4664,-0.380222,-1.3936549999999999,-1.907039,-0.065399,0.984351,-0.163632,0.020738,0.276979,-0.014375,0.004516,-0.001182,-0.023014
4665,-0.376303,-1.392213,-1.908798,-0.06527899999999999,0.9840959999999999,-0.165207,0.018645,0.28118200000000004,-0.017572,-0.015471,0.006031,-0.014206
4666,-0.37445700000000004,-1.391245,-1.912612,-0.065322,0.983924,-0.166213,0.018684,0.286521,-0.020784999999999998,-0.024095,0.001962,-0.009903
4667,-0.381479,-1.389842,-1.925171,-0.067001,0.9836719999999999,-0.16703199999999999,0.0037380000000000004,0.27807600000000005,-0.027293,-0.027038999999999997,0.012620000000000001,-0.003439
4668,-0.38594,-1.389415,-1.934791,-0.06790399999999999,0.9835950000000001,-0.16712,-0.007055,0.24935500000000002,-0.028404000000000002,-0.028058999999999997,0.020585,0.006002
4669,-0.388278,-1.389435,-1.941905,-0.068287,0.983599,-0.166943,-0.018835,0.23450300000000002,-0.033809,-0.02795,0.025113999999999997,0.005016
4670,-0.389486,-1.389576,-1.9476919999999998,-0.068436,0.983625,-0.166732,-0.028426999999999997,0.216508,-0.05415,-0.034149,0.009646,0.006224
4671,-0.400658,-1.3891040000000001,-1.963023,-0.070475,0.9835389999999999,-0.166384,-0.031585,0.205947,-0.07445800000000001,-0.02915,0.007351000000000001,-0.002241
4672,-0.41055,-1.388839,-1.97732,-0.07222200000000001,0.983491,-0.165918,-0.039994999999999996,0.224125,-0.08415700000000001,-0.013853,0.006957,7e-05
4673,-0.41719399999999995,-1.38921,-1.988668,-0.073174,0.983559,-0.1651,-0.054976,0.22515900000000003,-0.0757,-0.00164,0.003258,0.0053560000000000005
4674,-0.423371,-1.390172,-1.999059,-0.073804,0.9837319999999999,-0.16378299999999998,-0.059461,0.19103,-0.0618,-0.00041500000000000006,0.007693000000000001,0.007502
4675,-0.429914,-1.390416,-2.009258,-0.07477400000000001,0.983775,-0.163079,-0.05207899999999999,0.175013,-0.058525,-0.012231,-0.000591,-0.006263
4676,-0.43902700000000006,-1.390073,-2.022081,-0.076401,0.983714,-0.162696,-0.050914999999999995,0.18252100000000002,-0.072416,-0.020096,-0.001078,-0.005472
4677,-0.448395,-1.389925,-2.035159,-0.077984,0.9836870000000001,-0.162104,-0.041309,0.172943,-0.08302000000000001,-0.00925,0.0031899999999999997,-0.0004940000000000001
4678,-0.45484600000000003,-1.3898139999999999,-2.044896,-0.079077,0.983667,-0.161695,-0.032913,0.145203,-0.079721,0.002584,0.0053159999999999995,-0.0034200000000000003
4679,-0.460168,-1.389839,-2.0532470000000003,-0.079925,0.9836719999999999,-0.161251,-0.039342,0.147322,-0.07122300000000001,0.007461,0.005723,-0.003438
4680,-0.46474399999999993,-1.390126,-2.061086,-0.080535,0.9837239999999999,-0.16063,-0.047896,0.156884,-0.05740700000000001,-0.001115,0.006251,-0.00013700000000000002
4681,-0.469583,-1.390462,-2.068838,-0.081162,0.983784,-0.159944,-0.041682,0.12698800000000002,-0.045575,-0.003921,0.005688,-0.000273
4682,-0.474976,-1.389882,-2.076356,-0.082285,0.9836799999999999,-0.160012,-0.029102999999999997,0.08961799999999999,-0.037964,-0.015646,-0.0022649999999999997,-0.017311
4683,-0.478029,-1.388875,-2.0808009999999997,-0.083228,0.983498,-0.160639,-0.011193999999999999,0.055398,-0.020705,-0.013101,-0.002007,-0.021582
4684,-0.478179,-1.3887770000000002,-2.081754,-0.083297,0.9834799999999999,-0.160712,0.006756,0.030766,-0.003457,-0.0056619999999999995,-0.007756999999999999,-0.016793000000000002
4685,-0.472463,-1.388673,-2.076334,-0.082423,0.983461,-0.161277,0.006517,0.001906,0.021149,0.013805000000000001,0.013456000000000001,-0.007638
4686,-0.46655399999999997,-1.389463,-2.070087,-0.08112,0.983604,-0.16106700000000002,-6.7e-05,-0.023697,0.036093,0.013859,0.019173,0.0047409999999999996
4687,-0.462712,-1.390292,-2.065811,-0.080136,0.9837530000000001,-0.160648,-0.009573,-0.015090000000000001,0.023198,0.018674,0.012737,0.009143
4688,-0.45978800000000003,-1.39157,-2.062973,-0.079108,0.983982,-0.159755,-0.022165999999999998,0.012729,0.003849,0.01525,0.011349,0.011897
4689,-0.458751,-1.392791,-2.0626290000000003,-0.07841000000000001,0.9841989999999999,-0.15875899999999998,-0.029401,0.04055,-0.020804,0.019786,0.003594,0.007697
4690,-0.461362,-1.39333,-2.06621,-0.078588,0.984294,-0.158079,-0.03784,0.040666,-0.042226,0.016043,0.001408,0.0027140000000000003
4691,-0.466437,-1.393681,-2.0720389999999997,-0.079234,0.9843559999999999,-0.157369,-0.045346,0.026864999999999997,-0.047602,-0.001073,0.015568,-0.007258
4692,-0.47487299999999993,-1.393234,-2.081049,-0.08076,0.9842770000000001,-0.15708699999999998,-0.047464,0.027946,-0.049756,-0.018895,0.022391,-0.021456
4693,-0.481526,-1.393015,-2.088931,-0.081903,0.984238,-0.156737,-0.046175,0.076945,-0.049811,-0.015966,0.011214,-0.021973
4694,-0.48555200000000004,-1.392815,-2.095096,-0.082626,0.984203,-0.15658,-0.049263999999999995,0.105701,-0.045597000000000006,0.000732,0.002232,-0.012837999999999999
4695,-0.48861499999999997,-1.393583,-2.1001849999999997,-0.08275,0.984339,-0.155659,-0.051498,0.086521,-0.042381999999999996,0.010637,0.004522,0.004887
4696,-0.49312,-1.394464,-2.10659,-0.08304,0.9844940000000001,-0.15452,-0.052484,0.095086,-0.052013,0.016618,0.007114,0.010508
4697,-0.49711700000000003,-1.395868,-2.113237,-0.082997,0.9847389999999999,-0.152972,-0.060748,0.139921,-0.068149,0.020436000000000003,0.011843000000000001,0.012988
4698,-0.500483,-1.397435,-2.119989,-0.082771,0.9850110000000001,-0.151338,-0.060662,0.16657,-0.075672,0.030539999999999998,0.01122,0.014436000000000001
4699,-0.502553,-1.398528,-2.125756,-0.082566,0.9851989999999999,-0.150222,-0.059638,0.175017,-0.057513,0.042816,0.00084,0.010833
4700,-0.506653,-1.3992120000000001,-2.13329,-0.082854,0.985316,-0.149294,-0.061983,0.1568,-0.028664,0.037779,-0.002817,0.002565
4701,-0.5048159999999999,-1.400216,-2.13426,-0.082101,0.9854860000000001,-0.148579,-0.047325,0.118305,-0.0050100000000000006,0.009545,-0.001127,-0.011653
4702,-0.505171,-1.4004459999999999,-2.136456,-0.082044,0.985525,-0.148352,-0.026206999999999998,0.074533,0.000534,-0.010943000000000001,0.014871,-0.015878
4703,-0.504949,-1.400274,-2.1374459999999997,-0.082093,0.9854959999999999,-0.148519,-0.004941,0.055297000000000006,-0.0024980000000000002,-0.004806,0.021279,-0.009470999999999999
4704,-0.5016079999999999,-1.400468,-2.1351880000000003,-0.081505,0.9855290000000001,-0.148625,-0.003917,0.04995,0.00179,0.014107,0.0035909999999999996,-0.001125
4705,-0.49341899999999994,-1.401471,-2.127907,-0.079816,0.985699,-0.14841600000000002,0.000225,0.037093,0.016794,0.033094,-0.0035060000000000004,0.008462
4706,-0.482491,-1.4024860000000001,-2.1177349999999997,-0.077726,0.9858690000000001,-0.148394,0.009736,0.034857,0.035026999999999996,0.031217,-0.005675,0.005388
4707,-0.47047700000000003,-1.40315,-2.106447,-0.07564,0.98598,-0.148733,0.016094,0.039041,0.048956,0.022601,0.013165000000000001,-0.00236
4708,-0.456758,-1.403374,-2.093783,-0.073496,0.9860180000000001,-0.149559,0.01831,0.06351,0.055352,0.017938,0.017446,-0.012368
4709,-0.442772,-1.403637,-2.081414,-0.071286,0.9860610000000001,-0.150337,0.013111000000000001,0.089113,0.051013,0.021328,0.011192,-0.007331999999999999
4710,-0.430896,-1.404143,-2.0714099999999998,-0.069287,0.986145,-0.15072,0.009964,0.094476,0.044577,0.015316999999999999,0.006225,-0.000525
4711,-0.423375,-1.4044290000000001,-2.065604,-0.068035,0.986193,-0.15098,-0.000734,0.083878,0.040243,-0.001865,-0.00045999999999999996,-0.002722
4712,-0.419365,-1.404439,-2.063047,-0.067425,0.986195,-0.15124200000000002,-0.006062,0.07222999999999999,0.027402,-0.008182,0.005093,-0.006976
4713,-0.417462,-1.404244,-2.062569,-0.067215,0.9861620000000001,-0.15154600000000001,-0.008133,0.073354,0.014565999999999999,-0.010803,0.012159,-0.01241
4714,-0.417412,-1.4038059999999999,-2.0638900000000002,-0.067383,0.9860899999999999,-0.151944,-0.005959000000000001,0.068075,0.0007,-0.013428,0.009958,-0.013461
4715,-0.41674300000000003,-1.403259,-2.064655,-0.0675,0.9859979999999999,-0.152482,-0.0027140000000000003,0.075529,-0.001425,-0.0066430000000000005,0.002878,-0.011198999999999999
4716,-0.415394,-1.4030479999999999,-2.064864,-0.067378,0.9859629999999999,-0.152764,-0.004876,0.076572,0.006036,-0.003743,0.006056000000000001,-0.004371
4717,-0.414811,-1.4032930000000001,-2.065446,-0.067191,0.9860040000000001,-0.152582,-0.006101,0.047788,0.012473,-0.007256,0.009951999999999999,0.001382
4718,-0.415868,-1.4032639999999998,-2.067153,-0.067364,0.985999,-0.15253699999999998,-0.006188,0.031796,0.015696,-0.01662,0.002007,-0.004079999999999999
4719,-0.41681999999999997,-1.40283,-2.068638,-0.06768300000000001,0.985927,-0.152864,0.0012619999999999999,0.027509,0.015750999999999998,-0.014761000000000002,-0.004344,-0.009459
4720,-0.414959,-1.402368,-2.066933,-0.067582,0.985849,-0.153406,0.016027,-0.002405,0.024437,-0.006057,0.00031099999999999997,-0.00939
4721,-0.410034,-1.401961,-2.0615,-0.066986,0.9857809999999999,-0.154106,0.026489999999999996,-0.033394,0.039505,0.000411,0.004209,-0.006905
4722,-0.404202,-1.401875,-2.05472,-0.06611900000000001,0.9857670000000001,-0.15457100000000001,0.029580000000000002,-0.045174,0.052361000000000005,0.001986,0.006375,0.003143
4723,-0.397708,-1.401921,-2.047275,-0.065096,0.9857739999999999,-0.15495599999999998,0.031723,-0.037745999999999995,0.05770700000000001,-2.8000000000000003e-05,0.006734,0.002292
4724,-0.390841,-1.401886,-2.039586,-0.064044,0.985768,-0.15543099999999999,0.028537,-0.034539,0.057680999999999996,-0.00011999999999999999,0.007273999999999999,0.0027670000000000004
4725,-0.384918,-1.402448,-2.032883,-0.062914,0.9858629999999999,-0.15529400000000002,0.024291,-0.03238,0.054444000000000006,0.001497,0.006035,0.010946
4726,-0.37952800000000003,-1.40247,-2.02697,-0.062068,0.985867,-0.155611,0.013757,-0.016309,0.040463,0.000651,0.006031,0.011262000000000001
4727,-0.377367,-1.402852,-2.024371,-0.061592999999999995,0.985931,-0.155394,0.010598,-0.020503,0.026560000000000004,-0.004997,0.013123,0.006591
4728,-0.37904699999999997,-1.402574,-2.0254380000000003,-0.061954999999999996,0.985884,-0.15554500000000002,0.009545999999999999,-0.028975,0.014811000000000001,-0.018900999999999998,0.009111,-0.002078
4729,-0.37852199999999997,-1.402401,-2.024254,-0.061936,0.9858549999999999,-0.15573599999999999,0.013856,-0.032133999999999996,0.002026,-0.01892,0.00914,-0.001887
4730,-0.38058200000000003,-1.4020219999999999,-2.025709,-0.06239600000000001,0.985791,-0.15595599999999998,0.016009,-0.02682,0.003102,-0.0068790000000000006,0.0026579999999999998,0.002727
4731,-0.379625,-1.402152,-2.024025,-0.062199000000000004,0.9858129999999999,-0.155896,0.019074,-0.042865,0.017031,0.00243,0.002514,0.00903
4732,-0.37798400000000004,-1.402197,-2.021097,-0.061926999999999996,0.985821,-0.15595699999999998,0.022106,-0.071672,0.025635,-0.000283,0.008686,0.011258
4733,-0.376454,-1.4022270000000001,-2.017951,-0.061676999999999996,0.985826,-0.156023,0.023119,-0.07596699999999999,0.033124,-0.006194,0.015074,0.002581
4734,-0.373809,-1.402048,-2.013802,-0.061328999999999995,0.9857959999999999,-0.156351,0.026338999999999998,-0.068534,0.036342,-0.002529,0.005598,-6e-06
4735,-0.36938200000000004,-1.401852,-2.007858,-0.060705999999999996,0.985763,-0.156801,0.032668,-0.07710800000000001,0.043875,0.003943,-0.00035,0.002779
4736,-0.363191,-1.401573,-1.999793,-0.059832,0.985716,-0.157431,0.045331,-0.09743500000000001,0.054672000000000005,0.010454000000000001,-0.00128,0.005148
4737,-0.355319,-1.401229,-1.9897150000000001,-0.058708,0.985658,-0.15821400000000002,0.059118,-0.106044,0.064394,0.004997,-0.000901,0.003215
4738,-0.347683,-1.400413,-1.979841,-0.057772000000000004,0.9855200000000001,-0.159414,0.06765299999999999,-0.103952,0.06658700000000001,-0.0018280000000000002,0.0050810000000000004,-0.0018559999999999998
4739,-0.338513,-1.399678,-1.9685849999999998,-0.056549,0.985395,-0.160621,0.067682,-0.093316,0.07084700000000001,0.0037530000000000003,0.011111,0.001227
4740,-0.328843,-1.399253,-1.9569729999999999,-0.055127999999999996,0.9853219999999999,-0.161557,0.055951,-0.089026,0.073965,0.008452,0.011443,0.004391
4741,-0.321157,-1.398973,-1.947384,-0.053972000000000006,0.985275,-0.16223800000000002,0.037857,-0.087863,0.065292,0.00252,0.008164,0.003653
4742,-0.316019,-1.39878,-1.940392,-0.053197,0.9852420000000001,-0.162693,0.027279,-0.087745,0.044922000000000004,-0.001902,0.007083,0.002461
4743,-0.317458,-1.398711,-1.939841,-0.053452,0.9852299999999999,-0.162681,0.023087,-0.099333,0.016064,-0.0070030000000000005,0.019424,0.007377
4744,-0.319601,-1.398447,-1.939861,-0.053882000000000006,0.9851850000000001,-0.162813,0.021044,-0.10242799999999999,-0.007448000000000001,-0.004833,0.014556,0.006853
4745,-0.323376,-1.39825,-1.9420220000000001,-0.054558,0.985151,-0.162793,0.0041990000000000005,-0.06715499999999999,-0.022566,-0.001945,0.009555,0.0045590000000000006
4746,-0.323357,-1.398878,-1.9410740000000002,-0.054359000000000005,0.985258,-0.162207,0.002159,-0.043719,-0.020471,0.017203,0.007982,0.006369
4747,-0.321853,-1.399089,-1.938777,-0.054049,0.985295,-0.162091,0.006378,-0.042714999999999996,-0.00869,0.015978,0.005092,0.001034
4748,-0.320438,-1.399076,-1.936618,-0.053823,0.9852920000000001,-0.16218,0.007411,-0.035322000000000006,0.0062640000000000005,0.004141,0.005247,-0.000357
4749,-0.319295,-1.399025,-1.9348049999999999,-0.05365399999999999,0.985284,-0.16228900000000002,0.010509000000000001,-0.033257999999999996,0.016949000000000002,-0.0024980000000000002,0.0036229999999999995,0.0012929999999999999
4750,-0.317885,-1.39888,-1.9324830000000002,-0.053469,0.985259,-0.162499,0.023225,-0.049294,0.020262,-0.00073,-0.000365,0.001809
4751,-0.315551,-1.3983299999999999,-1.9289490000000002,-0.05325800000000001,0.9851639999999999,-0.16314,0.033846,-0.059984,0.02035,0.00011200000000000001,-0.000103,-0.0019149999999999998
4752,-0.31249899999999997,-1.397912,-1.9246439999999998,-0.052887,0.985093,-0.163693,0.037008,-0.06109,0.027852,0.00386,0.003921,0.003933
4753,-0.306121,-1.397525,-1.9169009999999997,-0.051957,0.9850260000000001,-0.164391,0.046504000000000004,-0.066522,0.046086,0.0075840000000000005,0.0018210000000000001,0.00019099999999999998
4754,-0.29799000000000003,-1.396784,-1.907366,-0.050832999999999996,0.9848979999999999,-0.16550499999999999,0.050687,-0.060235000000000004,0.065328,0.002111,0.003399,-0.007437999999999999
4755,-0.290179,-1.395775,-1.898336,-0.049822000000000005,0.9847229999999999,-0.166849,0.05385499999999999,-0.050727,0.082428,-0.01254,0.005817,-0.009542
4756,-0.282645,-1.394584,-1.889456,-0.048891000000000004,0.9845149999999999,-0.168346,0.059128,-0.057166999999999996,0.089949,-0.017072999999999998,-0.000659,-0.01006
4757,-0.275365,-1.3933,-1.880846,-0.048007999999999995,0.984289,-0.169913,0.06876499999999999,-0.053988,0.085737,-0.015225,0.0010019999999999999,-0.0069819999999999995
4758,-0.267226,-1.392219,-1.87146,-0.046904,0.9840969999999999,-0.171325,0.076266,-0.050801,0.081512,-0.007982,0.005252000000000001,0.0016170000000000002
4759,-0.25814699999999996,-1.391252,-1.861141,-0.04559,0.983925,-0.172664,0.074132,-0.052916,0.079363,-0.00629,0.007393,0.004817
4760,-0.250872,-1.390867,-1.852739,-0.044427,0.983856,-0.17335799999999998,0.060348,-0.043241,0.06964,-0.003547,0.01625,0.009341
4761,-0.245773,-1.3907559999999999,-1.846754,-0.043569,0.983836,-0.173688,0.039124,-0.032455,0.054522,-0.006068,0.015568,0.012265999999999999
4762,-0.242787,-1.390608,-1.8430810000000002,-0.043085000000000005,0.9838100000000001,-0.173959,0.037069,-0.027114,0.035254,-0.0058200000000000005,0.011048,0.008554
4763,-0.23992800000000003,-1.3906610000000001,-1.8396709999999998,-0.042575,0.98382,-0.17403,0.021151,-0.019554,0.023383,0.003222,0.025366,0.009311
4764,-0.23526599999999998,-1.3910799999999999,-1.835221,-0.041667,0.983894,-0.173826,-0.002048,0.035944,0.01781,0.014903,0.029671,0.0035689999999999997
4765,-0.226359,-1.3917389999999998,-1.827948,-0.039972,0.9840120000000001,-0.173559,-0.020964,0.10629300000000001,0.024000999999999998,0.031014999999999997,0.019375,-0.005595
4766,-0.211092,-1.391807,-1.816025,-0.037302999999999996,0.984024,-0.174083,-0.011039,0.193548,0.039987,0.036539999999999996,-0.018066,-0.019642
4767,-0.200692,-1.391824,-1.8100049999999999,-0.035488,0.9840270000000001,-0.17444500000000002,0.026354000000000002,0.225295,0.060502999999999994,0.014629,-0.034151999999999995,-0.017480000000000002
4768,-0.19056800000000002,-1.390358,-1.8035189999999999,-0.033993,0.983765,-0.17621199999999998,0.084721,0.16964100000000001,0.07486699999999999,-0.028355,-0.018966999999999998,-0.017483000000000002
4769,-0.177804,-1.388413,-1.7936490000000003,-0.032079,0.9834139999999999,-0.178514,0.12418599999999999,0.153579,0.061277,-0.051188,-0.010758,-0.014433000000000001
4770,-0.173091,-1.386531,-1.7920080000000003,-0.031556,0.9830709999999999,-0.18048599999999998,0.124394,0.159071,0.019608,-0.038527,0.042426,0.023854
4771,-0.168133,-1.384375,-1.789368,-0.031016000000000002,0.9826739999999999,-0.18273,0.099617,0.086796,0.0003,-0.039068,0.042824,0.026099
4772,-0.165799,-1.382968,-1.78758,-0.030817,0.9824120000000001,-0.184165,0.05544400000000001,-0.002559,0.006515000000000001,-0.046179000000000005,0.027232,0.031181
4773,-0.175423,-1.382527,-1.7961150000000001,-0.032664,0.9823299999999999,-0.18428699999999998,0.018882,-0.07059299999999999,0.002068,-0.09022999999999999,0.008027,0.011298
4774,-0.177981,-1.382319,-1.7964470000000001,-0.033171,0.982291,-0.18440299999999998,0.006911,-0.133359,-0.008617,-0.091264,0.008157,0.001588
4775,-0.182327,-1.382244,-1.7977450000000001,-0.033986,0.9822770000000001,-0.18433,0.0004,-0.164204,-0.015033000000000001,-0.07383300000000001,0.009087,-0.008877
4776,-0.194852,-1.381687,-1.8060669999999999,-0.036398,0.9821719999999999,-0.184427,-0.003159,-0.240905,-0.011759,-0.054391999999999996,0.006246,-0.012961000000000002
4777,-0.202497,-1.3817540000000001,-1.807466,-0.037793,0.9821850000000001,-0.184078,-0.005787,-0.351681,-0.012704,-0.041507,0.005913,-0.022892
4778,-0.21197600000000003,-1.3818540000000001,-1.8093650000000001,-0.039516,0.982203,-0.183616,-0.012327,-0.388917,-0.019111000000000003,-0.026631000000000002,0.011006,-0.020059
4779,-0.22394,-1.381699,-1.8134569999999999,-0.041743999999999996,0.982174,-0.183278,-0.021966,-0.39634400000000003,-0.018102,-0.005437,0.010669,-0.014994
4780,-0.233619,-1.382155,-1.815246,-0.043412,0.98226,-0.18243,-0.027348,-0.395307,-0.00639,0.006104,-0.004965,-0.012440000000000001
4781,-0.24021599999999999,-1.382352,-1.8140330000000002,-0.044568,0.982297,-0.181952,-0.017793,-0.389017,0.010761,0.008115,-0.004697,-0.010812
4782,-0.245827,-1.382716,-1.8119740000000002,-0.045502,0.9823649999999999,-0.18135199999999999,-0.011431,-0.379524,0.028952999999999996,-0.013611000000000002,0.0033380000000000003,-0.033384
4783,-0.249736,-1.383051,-1.808373,-0.046129,0.982427,-0.180855,-0.006096,-0.367872,0.040726,-0.023176,0.009882,-0.031807
4784,-0.252826,-1.383253,-1.8041099999999999,-0.046638,0.9824649999999999,-0.180518,0.0035340000000000002,-0.361514,0.040785,-0.029687,0.013628,-0.031411
4785,-0.264106,-1.3816540000000002,-1.807882,-0.049081,0.982166,-0.181497,-0.000719,-0.366796,0.033279,-0.02735,0.006268,-0.020086
4786,-0.271403,-1.3815790000000001,-1.807589,-0.050424000000000004,0.982152,-0.181206,-0.010359,-0.378467,0.030019999999999998,-0.021277,0.012462,-0.009377
4787,-0.27808,-1.3822450000000002,-1.806762,-0.051453,0.9822770000000001,-0.18023499999999998,-0.031615,-0.363466,0.026647000000000004,-0.0074,0.015816,0.0007610000000000001
4788,-0.280762,-1.384224,-1.802509,-0.051397000000000005,0.9826459999999999,-0.178228,-0.051797,-0.339972,0.029682,0.007559000000000001,0.010457,0.003668
4789,-0.286521,-1.38543,-1.8016729999999999,-0.052088,0.9828690000000001,-0.176793,-0.057005999999999994,-0.321805,0.020009,0.007319,0.010981999999999999,-0.000926
4790,-0.293236,-1.3865610000000002,-1.8021150000000001,-0.052953,0.9830770000000001,-0.175375,-0.053686000000000005,-0.306856,0.008262,0.009893,0.011446,-0.004099
4791,-0.296385,-1.387864,-1.7996450000000002,-0.053131,0.9833139999999999,-0.173982,-0.058789999999999995,-0.271619,-0.007839,0.016769,0.015404,-0.002348
4792,-0.301645,-1.3889610000000001,-1.800297,-0.053724,0.9835139999999999,-0.17267000000000002,-0.068047,-0.211862,-0.02507,0.031613999999999996,0.02259,-0.016051
4793,-0.311424,-1.3903940000000001,-1.8074130000000002,-0.05497899999999999,0.983772,-0.170794,-0.099396,-0.089151,-0.048947000000000004,0.05421599999999999,0.022179,-0.015271000000000002
4794,-0.312653,-1.392678,-1.8088830000000002,-0.054497000000000004,0.9841790000000001,-0.16858900000000002,-0.127506,0.038889,-0.076007,0.059243,0.009214,-0.005727
4795,-0.326025,-1.394466,-1.824071,-0.056183000000000004,0.9844940000000001,-0.166177,-0.123879,0.096552,-0.113444,0.055327999999999995,3.3e-05,-0.002677
4796,-0.328894,-1.39721,-1.829839,-0.055787,0.984972,-0.163458,-0.110725,0.133959,-0.155052,0.022172,-0.00035299999999999996,0.013022
4797,-0.347348,-1.398909,-1.851677,-0.058224,0.9852639999999999,-0.160827,-0.116922,0.15856800000000001,-0.17649,0.008694,0.009365,0.022857
4798,-0.368634,-1.400005,-1.8762560000000001,-0.06124500000000001,0.9854510000000001,-0.158545,-0.128796,0.128777,-0.175466,0.002208,0.019691999999999998,0.022864
4799,-0.393282,-1.401636,-1.902664,-0.06451699999999999,0.985727,-0.155502,-0.126067,0.041346,-0.158244,-0.014569,0.01969,0.009368000000000001
4800,-0.41388199999999997,-1.402744,-1.923768,-0.067267,0.9859120000000001,-0.15314,-0.115753,-0.000455,-0.130373,-0.020227000000000002,-0.002346,-0.003186
4801,-0.430858,-1.403732,-1.941034,-0.06945,0.9860770000000001,-0.151091,-0.09560199999999999,0.004673,-0.098192,-0.011909000000000001,-0.011666,-0.002382
4802,-0.44226400000000005,-1.404509,-1.9525290000000002,-0.070842,0.9862059999999999,-0.149597,-0.064941,-0.010536,-0.050956,0.00146,-0.013397,-0.002152
4803,-0.44658400000000004,-1.40536,-1.956736,-0.071124,0.986347,-0.148532,-0.038443,-0.004416,-0.005913,0.006534000000000001,-0.013262999999999999,0.005755
4804,-0.446248,-1.406,-1.9568709999999998,-0.070802,0.986452,-0.14798599999999998,-0.02342,0.044414,0.024038999999999998,0.017656,-0.008362999999999999,0.014884
4805,-0.43885100000000005,-1.4071420000000001,-1.9509779999999999,-0.069227,0.9866389999999999,-0.14748599999999998,-0.008442,0.088963,0.05934,0.014280000000000001,-0.000921,0.011622
4806,-0.427997,-1.408219,-1.9418119999999999,-0.06718099999999999,0.9868129999999999,-0.14726199999999998,-0.001134,0.086675,0.09250900000000001,-0.00182,0.001773,0.00212
4807,-0.420306,-1.4084889999999999,-1.9355939999999998,-0.065938,0.986857,-0.147531,-0.0022760000000000002,0.085549,0.10852200000000001,-0.025051,0.009466,-0.005469
4808,-0.416104,-1.4081270000000001,-1.9328490000000003,-0.065461,0.986798,-0.148134,0.008399,0.084454,0.106456,-0.039016,0.00162,-0.010069
4809,-0.414681,-1.406893,-1.932552,-0.065741,0.986598,-0.149341,0.028629,0.06842899999999999,0.1002,-0.047067000000000005,-0.009974,-0.014127
4810,-0.409655,-1.405373,-1.928677,-0.065587,0.986349,-0.151045,0.04684,0.079039,0.094966,-0.034114,0.000468,-0.013521
4811,-0.395228,-1.4052209999999998,-1.9158950000000001,-0.063459,0.986324,-0.152114,0.046893000000000004,0.091818,0.09601799999999999,-0.013812,0.013737000000000001,-0.001893
4812,-0.380934,-1.405398,-1.9029220000000002,-0.061213,0.986353,-0.152843,0.050996,0.063011,0.10356099999999999,-0.00028,0.015356,0.011637999999999999
4813,-0.36613,-1.4051770000000001,-1.888785,-0.059022000000000005,0.986317,-0.153936,0.054077,0.036368,0.103617,0.000336,0.012295,0.0040950000000000005
4814,-0.351327,-1.404834,-1.874557,-0.056852999999999994,0.98626,-0.15511,0.059445000000000005,0.043807,0.103645,0.010817,0.009819,-0.003703
4815,-0.33324699999999996,-1.404455,-1.8573680000000001,-0.054162,0.9861969999999999,-0.15646600000000002,0.061603,0.056553,0.111123,0.012505,-0.007117,-0.000181
4816,-0.317144,-1.404076,-1.842007,-0.051752,0.9861340000000001,-0.157673,0.056177,0.039514999999999995,0.114311,0.008936,-0.008458,0.002582
4817,-0.302658,-1.403672,-1.8277580000000002,-0.049581,0.986067,-0.15878599999999998,0.0529,0.010811,0.102575,-0.009013,0.008379000000000001,0.0006900000000000001
4818,-0.293917,-1.403198,-1.8184189999999998,-0.048326999999999995,0.9859879999999999,-0.159662,0.041002,-0.03916,0.088667,-0.027967000000000002,0.009861,-0.007559000000000001
4819,-0.287961,-1.402803,-1.8109669999999998,-0.047486,0.985922,-0.16032000000000002,0.036811,-0.083639,0.026737999999999998,-0.030151,-0.006689,-0.010105
4820,-0.282973,-1.400935,-1.804295,-0.0472,0.985608,-0.162323,0.054162,-0.09193899999999999,-0.04363,0.029269999999999997,0.007601999999999999,-0.017594
4821,-0.288184,-1.399872,-1.807664,-0.048342,0.9854280000000001,-0.163079,0.030652999999999996,-0.089769,-0.033115,0.081637,0.038666000000000006,-0.011344
4822,-0.289223,-1.399813,-1.8080200000000002,-0.048527999999999995,0.985418,-0.16308399999999998,-0.017111,0.010351,0.012357,0.100607,0.034480000000000004,-0.012865000000000001
4823,-0.28534899999999996,-1.4008,-1.805791,-0.047623,0.985585,-0.162338,-0.050867,0.121156,0.037617000000000005,0.066574,0.025477,-0.017472
4824,-0.27925900000000003,-1.40196,-1.8026490000000002,-0.046318,0.9857809999999999,-0.161525,-0.044327,0.15627,0.04189,0.051018,0.015378999999999999,-0.0054210000000000005
4825,-0.273556,-1.402901,-1.7997,-0.045145,0.9859389999999999,-0.160894,-0.036965,0.125381,0.034504,0.036707,0.012978,-0.016291
4826,-0.2708,-1.40382,-1.7990709999999999,-0.044459,0.986092,-0.160145,-0.046557,0.096776,0.0034950000000000003,0.008555,-0.004936,-0.017741999999999997
4827,-0.271894,-1.4045370000000001,-1.8016310000000002,-0.044445,0.9862110000000001,-0.159415,-0.030631,0.058455999999999994,-0.017709,-0.015507,-0.007848,0.005149
4828,-0.27461599999999997,-1.404701,-1.805257,-0.044835,0.986238,-0.159138,-0.009346,0.033932,-0.030348000000000003,-0.028408,-0.00168,0.018299
4829,-0.277964,-1.404613,-1.8092540000000001,-0.045391,0.986223,-0.15907000000000002,-0.00294,0.031792,-0.033505,-0.009159,0.002943,0.014218000000000001
4830,-0.28070900000000004,-1.404571,-1.812827,-0.045839,0.986216,-0.158984,-0.009332,0.042433,-0.025016999999999998,0.012422,0.013416999999999998,0.023898
4831,-0.281983,-1.404759,-1.8151680000000001,-0.045989999999999996,0.986247,-0.158748,-0.017856999999999998,0.058387,-0.011211,0.010634999999999999,0.017705000000000002,0.029627999999999998
4832,-0.282604,-1.405237,-1.81723,-0.045957,0.986326,-0.15826700000000002,-0.032731,0.073348,-0.010265,0.007047,0.018694,0.028537
4833,-0.284061,-1.405869,-1.820023,-0.046013,0.9864299999999999,-0.157601,-0.035975,0.05740599999999999,-0.016677,-0.018608,0.013416999999999998,-0.003379
4834,-0.291064,-1.405704,-1.8280830000000001,-0.047162,0.986403,-0.157431,-0.025281,0.051024,-0.028347000000000004,-0.020313,0.017534,-0.011377
4835,-0.295094,-1.405996,-1.833177,-0.047712,0.986451,-0.15696400000000002,-0.029519999999999998,0.047882,-0.037987,-0.01755,0.021331,-0.012012
4836,-0.306557,-1.40775,-1.8453650000000001,-0.048986,0.9867370000000001,-0.154757,-0.030595999999999998,0.024539,-0.060398,0.005483,-0.007672,0.022234
4837,-0.31552399999999997,-1.4086049999999999,-1.854523,-0.05011,0.986876,-0.15350899999999998,-0.023226,-0.014830000000000001,-0.078455,0.009826999999999999,0.003725,0.018484
4838,-0.327613,-1.4097469999999999,-1.865906,-0.051599,0.98706,-0.151825,-0.027689,-0.047876,-0.068829,-0.002127,0.007997,0.004914
4839,-0.337607,-1.4099409999999999,-1.8752939999999998,-0.053051,0.9870909999999999,-0.151122,-0.036170999999999995,-0.024457,-0.057168,-0.001515,0.006638,-0.004091
4840,-0.344561,-1.410172,-1.881916,-0.054023,0.9871280000000001,-0.150534,-0.03299,-0.027668,-0.056073000000000005,0.004843999999999999,0.0008789999999999999,-0.003778
4841,-0.34938400000000003,-1.410211,-1.886227,-0.054736,0.9871340000000001,-0.15023599999999998,-0.019139,-0.027732999999999997,-0.051702,0.007601,0.001529,-0.0049299999999999995
4842,-0.35265799999999997,-1.410232,-1.889493,-0.055220000000000005,0.987137,-0.150036,-0.017976,0.004178,-0.041051,0.007123999999999999,0.0038299999999999996,-0.002323
4843,-0.355983,-1.410389,-1.892925,-0.055665,0.9871620000000001,-0.149707,-0.012747,-0.004422,-0.026048,0.006226,0.004033,-0.0007599999999999999
4844,-0.355268,-1.41004,-1.892045,-0.055677,0.987107,-0.150069,-2.8999999999999997e-05,-0.014091999999999999,-0.016332,0.003919,-0.005783,-0.0061200000000000004
4845,-0.35381599999999996,-1.4096959999999998,-1.8905900000000002,-0.055577,0.987051,-0.150469,0.018189,0.008199,-0.011959000000000001,0.007451,0.004647999999999999,-0.004164
4846,-0.351174,-1.409267,-1.8883150000000002,-0.055325,0.986982,-0.151013,0.019204,0.014513999999999999,0.006201,0.008526,0.008256999999999999,-0.004077
4847,-0.350433,-1.408735,-1.8875830000000002,-0.055393,0.9868969999999999,-0.15154700000000002,0.026576,0.005915,0.019081,-0.006664,-0.007084,0.002407
4848,-0.347655,-1.408612,-1.884702,-0.055013,0.986877,-0.151814,0.040411,-0.010078,0.010652,0.003896,0.01355,0.00359
4849,-0.345856,-1.408236,-1.8820279999999998,-0.054866,0.986816,-0.15226199999999998,0.030588,-0.051620000000000006,0.018115,-0.001241,0.009247,0.007914000000000001
4850,-0.349147,-1.408233,-1.8842729999999999,-0.055367999999999994,0.986816,-0.152083,0.025289,-0.040957,0.020198,-0.014609,0.011337999999999999,0.002166
4851,-0.349279,-1.4076870000000001,-1.883484,-0.055572,0.986727,-0.152582,0.029511000000000003,-0.044269,0.019136,-0.009018,0.0010810000000000001,0.001017
4852,-0.34825900000000004,-1.407337,-1.881415,-0.055534,0.98667,-0.15296300000000002,0.02841,-0.053844,0.017004,-0.001732,-0.0037909999999999997,0.0049369999999999995
4853,-0.34776,-1.407026,-1.8795080000000002,-0.055562,0.98662,-0.153279,0.030432999999999998,-0.077292,0.018115,-0.003657,0.002455,0.003133
4854,-0.34773899999999996,-1.4064649999999999,-1.877732,-0.055748,0.9865280000000001,-0.153801,0.031442000000000005,-0.08583400000000001,0.022405,-0.010597,0.017287,-0.002129
4855,-0.34922800000000004,-1.4061780000000002,-1.877391,-0.056074,0.9864809999999999,-0.15398399999999998,0.023972999999999998,-0.088992,0.019150999999999998,-0.008303,0.019562,0.0044020000000000005
4856,-0.349382,-1.406242,-1.8756970000000002,-0.056076,0.986492,-0.153915,0.018671,-0.087882,0.012703,0.00035099999999999997,0.010548,0.00885
4857,-0.34923899999999997,-1.406574,-1.873804,-0.055942,0.9865459999999999,-0.153616,0.01124,-0.0857,0.00624,0.006137,0.016033000000000002,0.010703
4858,-0.35036999999999996,-1.407046,-1.8731759999999997,-0.05595599999999999,0.9866229999999999,-0.153115,-0.002602,-0.09199199999999999,-0.006666,0.006745999999999999,0.012401,0.009011
4859,-0.353601,-1.407309,-1.874596,-0.05636,0.9866659999999999,-0.15269000000000002,-0.013209,-0.087655,-0.01636,0.005564,0.00868,0.006023
4860,-0.35514,-1.407446,-1.874983,-0.056548,0.9866879999999999,-0.152476,-0.017307,-0.050407,-0.021797,0.005828,0.0091,-0.008626
4861,-0.35894899999999996,-1.407678,-1.877746,-0.057048,0.986726,-0.15204600000000001,-0.017398,-0.06322,-0.014303999999999999,0.006328,0.009063,-0.009056
4862,-0.362331,-1.406993,-1.8796700000000002,-0.057802,0.986614,-0.15248399999999998,-0.002541,-0.075015,-0.007776999999999999,-0.012694,-0.006695,-0.015377000000000002
4863,-0.368629,-1.4059840000000001,-1.8846439999999998,-0.059119000000000005,0.986449,-0.15304600000000002,0.014693000000000001,-0.069625,-0.038644,-0.019128,0.026918,-0.020355
4864,-0.37638,-1.4055469999999999,-1.8904830000000001,-0.060462,0.9863770000000001,-0.15298299999999998,-0.016437,-0.096212,-0.022805000000000002,-0.014991999999999998,0.010647,-0.013063
4865,-0.382784,-1.405635,-1.895188,-0.061408000000000004,0.986392,-0.15251199999999998,-0.023871,-0.07918,-0.013266,-0.015923,0.0010810000000000001,-0.003493
4866,-0.384202,-1.406734,-1.8949630000000002,-0.061217999999999995,0.9865719999999999,-0.151421,-0.004733,-0.094157,-0.014178999999999999,0.016571000000000002,-0.006195,0.01072
4867,-0.38596199999999997,-1.406854,-1.8941189999999999,-0.061439999999999995,0.986592,-0.151203,0.008791,-0.14968399999999998,0.007352,0.008645,-0.010014,0.008808
4868,-0.386436,-1.406648,-1.8918689999999998,-0.061588,0.986558,-0.151362,0.021733000000000002,-0.11570899999999999,0.009507999999999999,-0.0030329999999999997,-0.00911,-0.003698
4869,-0.38758000000000004,-1.405894,-1.8911330000000002,-0.06204199999999999,0.986434,-0.15198,0.044266,-0.08490299999999999,0.011761,-0.009826,0.0014810000000000001,0.00078
4870,-0.386292,-1.405147,-1.887868,-0.062125,0.986311,-0.15274300000000002,0.047299,-0.1031,0.031032999999999998,-0.011514,0.003694,0.0019089999999999999
4871,-0.385348,-1.4044940000000001,-1.8844330000000002,-0.062222,0.9862040000000001,-0.153397,0.04506,-0.120163,0.037447,-0.009128,-0.000135,0.001771
4872,-0.383387,-1.4038469999999998,-1.880178,-0.06216,0.9860959999999999,-0.154111,0.045160000000000006,-0.100975,0.034218,-0.005757,0.005847,0.000272
4873,-0.37993499999999997,-1.403427,-1.8747630000000002,-0.061780999999999996,0.9860260000000001,-0.15470899999999999,0.040907,-0.09352,0.038451,-0.003282,0.01524,0.004242
4874,-0.377083,-1.4031959999999999,-1.8696439999999999,-0.061423,0.9859879999999999,-0.155096,0.037576,-0.11696600000000001,0.043798000000000004,-0.0054859999999999996,0.016453,0.002341
4875,-0.374821,-1.402472,-1.8648619999999998,-0.06133400000000001,0.985867,-0.155899,0.035433,-0.114845,0.048052,-0.01406,0.010806999999999999,-0.010757
4876,-0.370845,-1.4017959999999998,-1.859076,-0.060954999999999995,0.9857530000000001,-0.156763,0.032473,-0.065815,0.043695,-0.014713,0.013346,-0.015951
4877,-0.366824,-1.4010049999999998,-1.853939,-0.060604,0.98562,-0.157735,0.025194,-0.05085,0.020103,0.00017900000000000001,0.014822,-0.010158
4878,-0.36835300000000004,-1.400841,-1.8541779999999999,-0.060903,0.985592,-0.15779300000000002,0.012425,-0.06775199999999999,-0.004535,-0.010095999999999999,0.017948,0.0040149999999999995
4879,-0.37341799999999997,-1.400487,-1.8583619999999998,-0.061828999999999995,0.985532,-0.157807,0.0010199999999999999,-0.024977000000000003,-0.035648,-0.014113999999999998,0.014559,-1.4000000000000001e-05
4880,-0.381973,-1.400272,-1.867101,-0.06325599999999999,0.9854959999999999,-0.157469,-0.022149000000000002,0.023119,-0.055101,-0.010643000000000001,0.015328,0.001768
4881,-0.39081,-1.400487,-1.8766919999999998,-0.064564,0.985532,-0.156708,-0.033785,0.031738,-0.06908099999999999,-0.003368,0.021471,0.001191
4882,-0.40011399999999997,-1.400652,-1.886739,-0.065956,0.98556,-0.15595,-0.041234,0.033902999999999996,-0.071273,-0.007393,0.012074,-0.003885
4883,-0.409703,-1.400526,-1.897372,-0.067498,0.9855389999999999,-0.155425,-0.044351999999999996,0.048841,-0.074519,-0.001503,-0.004201,-0.0076760000000000005
4884,-0.41590699999999997,-1.4005,-1.9045450000000002,-0.068471,0.985535,-0.155027,-0.038073,0.029550999999999997,-0.06271,0.008015999999999999,0.00058,-0.007540000000000001
4885,-0.42195699999999997,-1.400588,-1.911016,-0.069372,0.98555,-0.15453,-0.035039999999999995,0.0060490000000000006,-0.048772,0.0053,0.010468,-0.009531999999999999
4886,-0.427993,-1.40045,-1.91724,-0.07036,0.985526,-0.15423299999999998,-0.0297,0.010279,-0.045535,-0.004606,0.008737,-0.008472
4887,-0.435245,-1.40024,-1.9253419999999999,-0.071564,0.985491,-0.153906,-0.027282999999999998,0.055085,-0.063736,0.006058,0.002897,3.6e-05
4888,-0.440083,-1.400334,-1.931643,-0.072268,0.985506,-0.153474,-0.024063,0.065701,-0.05731699999999999,0.013628999999999999,0.008024,-0.000304
4889,-0.442981,-1.400511,-1.935725,-0.072638,0.9855360000000001,-0.153106,-0.02104,0.046435000000000004,-0.036974,0.016241,0.005797,-0.000336
4890,-0.440248,-1.400434,-1.934076,-0.072252,0.9855229999999999,-0.153373,-0.017866,0.054887,-0.022005,0.008897,-0.00243,-0.010354
4891,-0.43968,-1.400333,-1.93501,-0.07220700000000001,0.985506,-0.153504,-0.007115000000000001,0.079325,-0.015552000000000002,0.009264,-0.003557,-0.011793999999999999
4892,-0.43198000000000003,-1.399245,-1.928796,-0.07147200000000001,0.9853209999999999,-0.15503,0.013011000000000002,0.058932000000000005,0.000629,0.009613,-0.001373,-0.024261
4893,-0.426935,-1.398596,-1.92471,-0.070953,0.98521,-0.15597,0.019280000000000002,0.04712,0.018848,0.008865000000000001,0.004093,-0.022313999999999997
4894,-0.41695600000000005,-1.398249,-1.915932,-0.06953200000000001,0.985151,-0.15698199999999998,0.018215000000000002,0.06728300000000001,0.039112,0.016125999999999998,0.007051999999999999,-0.010925
4895,-0.40520300000000004,-1.3985940000000001,-1.9053689999999999,-0.067548,0.98521,-0.157477,0.022348,0.049113,0.050918,0.018674,0.005376,6.8e-05
4896,-0.393563,-1.3988610000000001,-1.894523,-0.06561,0.9852559999999999,-0.15800899999999998,0.028735000000000004,0.048017000000000004,0.053103,0.015103,0.00182,5e-05
4897,-0.38445,-1.39891,-1.886999,-0.064149,0.9852639999999999,-0.158556,0.019430000000000003,0.105609,0.044419,0.010453,0.0012779999999999998,0.002077
4898,-0.375739,-1.3994360000000001,-1.880787,-0.062575,0.9853540000000001,-0.158627,0.007856,0.13656500000000002,0.038958,0.0051259999999999995,0.016263999999999997,0.004268999999999999
4899,-0.36885,-1.3999059999999999,-1.8765290000000001,-0.061314,0.985434,-0.158622,-0.003885,0.130236,0.033544,0.000615,0.0189,-0.000405
4900,-0.36404000000000003,-1.4002809999999999,-1.874021,-0.06041900000000001,0.985497,-0.15857000000000002,-0.008186,0.11430599999999999,0.024988,-0.003943,0.013891999999999998,0.000779
4901,-0.363896,-1.400617,-1.876139,-0.060278,0.985555,-0.158269,-0.014477,0.11869600000000001,0.007838,-0.011469,0.019572,0.0031780000000000003
4902,-0.36486399999999997,-1.4010850000000001,-1.879475,-0.060266,0.985634,-0.15778,-0.009038,0.114527,-0.019893,-0.003805,0.00428,0.006779
4903,-0.36549899999999996,-1.401512,-1.882263,-0.060216,0.985706,-0.15734800000000002,-0.016574000000000002,0.10388299999999999,-0.01566,-0.0033060000000000003,0.034894,0.0017850000000000001
4904,-0.365254,-1.4021569999999999,-1.884063,-0.059951,0.985814,-0.156769,-0.028372,0.101747,-0.003988,0.00035,0.002116,0.004456
4905,-0.365044,-1.402857,-1.8860830000000002,-0.059672,0.985931,-0.156137,-0.026235,0.11341500000000002,0.006693000000000001,-0.006581999999999999,0.015259,0.004816
4906,-0.364466,-1.403309,-1.887487,-0.059422,0.986007,-0.155755,-0.019915000000000002,0.096344,0.007826999999999999,-0.006099,0.0024579999999999997,-0.00015900000000000002
4907,-0.363956,-1.4035799999999998,-1.888946,-0.059248,0.986052,-0.15553599999999998,-0.016656999999999998,0.099567,-0.0017690000000000002,-0.0040149999999999995,0.009096,-0.001813
4908,-0.36482800000000004,-1.404021,-1.891719,-0.059227999999999996,0.986125,-0.155078,-0.019882,0.091159,-0.0049960000000000004,-0.0074069999999999995,0.009862000000000001,0.004703
4909,-0.36664,-1.404654,-1.8950209999999998,-0.059285000000000004,0.9862299999999999,-0.154388,-0.022156,0.063457,-0.001772,-0.007808,0.007026,0.009245999999999999
4910,-0.368278,-1.405443,-1.8977540000000002,-0.059258000000000005,0.98636,-0.153564,-0.023262,0.05706,0.000364,-0.000953,0.002592,0.011184
4911,-0.366577,-1.406144,-1.8974970000000002,-0.058749,0.986475,-0.15301900000000002,-0.017852,0.07833,0.004649,0.005938000000000001,0.006765,0.003102
4912,-0.364249,-1.406715,-1.8967349999999998,-0.058191999999999994,0.986569,-0.152629,-0.021086,0.075129,0.008904,0.002879,0.004612,0.001048
4913,-0.36251300000000003,-1.4071770000000001,-1.896424,-0.057765,0.9866440000000001,-0.152304,-0.017934000000000002,0.067648,0.01214,-0.0013779999999999999,0.007054,0.001029
4914,-0.36220399999999997,-1.407417,-1.897273,-0.057634000000000005,0.986683,-0.1521,-0.026521,0.05596,0.012094,-0.006743000000000001,0.012111,-0.0075829999999999995
4915,-0.361172,-1.408028,-1.897211,-0.057263999999999995,0.9867819999999999,-0.151595,-0.026569,0.043185,0.009973000000000001,-0.0071129999999999995,0.012012,-0.008088
4916,-0.357618,-1.4083219999999999,-1.894293,-0.056623,0.9868299999999999,-0.151526,-0.010686,0.023023,0.015444999999999999,0.00894,0.003587,-0.005273
4917,-0.352202,-1.408515,-1.8890779999999998,-0.055736,0.9868610000000001,-0.151652,-0.002284,0.000593,0.023011,0.010494,-0.007445,-0.0020039999999999997
4918,-0.349625,-1.408682,-1.886241,-0.055289,0.9868879999999999,-0.151641,0.002949,-0.019674,0.02521,0.010046,-0.0074719999999999995,-0.002015
4919,-0.3428,-1.408724,-1.879061,-0.054238999999999996,0.9868950000000001,-0.151975,0.03395,-0.009115999999999999,0.022211,0.016794,-0.021502,0.005155
4920,-0.334588,-1.408591,-1.870571,-0.053032,0.986873,-0.15254,0.021081,-0.025046000000000002,0.021075,0.016685,0.012425,-0.009309999999999999
4921,-0.328524,-1.408767,-1.86388,-0.05205,0.9869020000000001,-0.152694,0.003896,-0.033576,0.038058999999999996,0.015795,0.002646,-0.004593
4922,-0.324288,-1.408833,-1.8588040000000001,-0.051382000000000004,0.9869129999999999,-0.152851,0.016742,-0.041009,0.021067,0.009068999999999999,0.00020899999999999998,0.0023539999999999998
4923,-0.31663800000000003,-1.4098700000000002,-1.850598,-0.049892,0.987079,-0.15226800000000001,0.021102000000000003,-0.025023,0.01574,0.01878,0.010006000000000001,0.015976
4924,-0.312537,-1.410336,-1.8461189999999998,-0.049125999999999996,0.9871540000000001,-0.152033,0.0019,-0.013096,0.026285000000000003,0.016304,0.0054,0.016077
4925,-0.308062,-1.410796,-1.84168,-0.048307,0.9872270000000001,-0.151818,0.006291,0.011403,0.023081,0.011732,0.002671,0.011512999999999999
4926,-0.305293,-1.4111129999999998,-1.8391400000000002,-0.047793,0.9872780000000001,-0.151653,0.007423999999999999,0.012521,0.009201,4.8e-05,0.005123,0.005504
4927,-0.307035,-1.410924,-1.8411490000000001,-0.048113,0.9872479999999999,-0.151747,5.2000000000000004e-05,0.015815,-0.009016,-0.015363,0.015406999999999999,-0.001802
4928,-0.31399099999999996,-1.410551,-1.8483209999999999,-0.049281,0.987188,-0.151759,-0.009502,0.004220000000000001,-0.031501999999999995,-0.017598,0.015040000000000001,-0.005559000000000001
4929,-0.32219200000000003,-1.410075,-1.8562889999999999,-0.050673,0.9871120000000001,-0.151795,-0.009554,-0.024474,-0.048559,-0.010270999999999999,0.011774,-0.007888
4930,-0.33003899999999997,-1.409858,-1.8636419999999998,-0.051932000000000006,0.9870770000000001,-0.151596,-0.012759,-0.029772000000000003,-0.052848,-0.006340999999999999,0.011137000000000001,-0.00412
4931,-0.336973,-1.40974,-1.869898,-0.053021000000000006,0.987058,-0.151342,-0.01817,-0.044676,-0.050730000000000004,0.004086,0.008059,-0.001673
4932,-0.343364,-1.409945,-1.875293,-0.053917999999999994,0.9870909999999999,-0.15081,-0.025723000000000003,-0.058369000000000004,-0.046479,0.005533,0.009598,-0.000985
4933,-0.349624,-1.4101620000000001,-1.88064,-0.054787999999999996,0.9871260000000001,-0.150268,-0.026737,-0.041342000000000004,-0.041166,0.005197,0.0088,-0.0036780000000000003
4934,-0.354677,-1.410109,-1.885097,-0.055564999999999996,0.987118,-0.150039,-0.021373,-0.033908,-0.04007,0.0034869999999999996,-0.0032159999999999997,-0.008820999999999999
4935,-0.358611,-1.409506,-1.888196,-0.056364,0.9870209999999999,-0.150376,-0.007645,-0.060609,-0.034598000000000004,0.000455,-0.000113,-0.01535
4936,-0.363159,-1.40896,-1.891109,-0.057238,0.986933,-0.150622,0.002823,-0.094778,-0.023799,-0.002378,-0.0021609999999999997,-0.015271000000000002
4937,-0.364975,-1.407721,-1.890795,-0.057948,0.986733,-0.151659,0.014408,-0.11511400000000001,-0.009806,0.000239,0.004111999999999999,-0.014265
4938,-0.363288,-1.406979,-1.8864869999999998,-0.057952,0.986612,-0.15244100000000002,0.025963,-0.141841,0.004197,0.012588,0.006842,-0.011193999999999999
4939,-0.357528,-1.406397,-1.878002,-0.057274,0.986517,-0.153311,0.032346,-0.13127,0.019186,0.01896,0.005106,-0.009439
4940,-0.351101,-1.406341,-1.869227,-0.056307,0.9865079999999999,-0.153728,0.029183999999999998,-0.10996199999999999,0.031973,0.018053,0.003788,0.0045579999999999996
4941,-0.344844,-1.406643,-1.8608169999999997,-0.055242999999999993,0.986557,-0.153797,0.028107,-0.10466199999999999,0.039438,0.013494999999999998,0.0047,0.008228000000000001
4942,-0.34043,-1.406584,-1.8543020000000001,-0.054583000000000007,0.986547,-0.154093,0.022786,-0.100386,0.040464,0.0077540000000000005,0.005487,0.004618
4943,-0.338057,-1.406454,-1.84992,-0.05426,0.986526,-0.154344,0.018581,-0.093949,0.032949,-0.006195,0.009064000000000001,-0.003081
4944,-0.338389,-1.405858,-1.848114,-0.05450599999999999,0.9864280000000001,-0.154881,0.022821,-0.112027,0.02125,-0.013380000000000001,0.009772,-0.007061
4945,-0.33916399999999997,-1.405376,-1.8464209999999999,-0.054784000000000006,0.986349,-0.15528599999999998,0.028141000000000003,-0.122669,0.013822,-0.011607,0.009302,-0.00249
4946,-0.338879,-1.404771,-1.8436740000000003,-0.054939,0.9862489999999999,-0.155865,0.030279,-0.11842799999999999,0.017036000000000003,0.004188,0.004107,-0.002888
4947,-0.3353,-1.404367,-1.837702,-0.054511000000000004,0.986183,-0.156436,0.029146,-0.12166600000000001,0.028783999999999997,0.007148000000000001,0.0030600000000000002,-0.002514
4948,-0.33198,-1.404125,-1.8316720000000002,-0.054069000000000006,0.986142,-0.156842,0.029026,-0.13981,0.037353,0.008293,0.00484,0.001401
4949,-0.328187,-1.403835,-1.8249849999999999,-0.053565999999999996,0.986094,-0.157317,0.032227,-0.137674,0.041656,-0.000175,0.0033159999999999995,-0.001924
4950,-0.324943,-1.4032959999999999,-1.8190520000000001,-0.053226,0.9860049999999999,-0.157994,0.034419,-0.129143,0.037387000000000004,-0.000745,0.008243,-0.004665
4951,-0.322223,-1.4027969999999998,-1.813609,-0.052951,0.9859209999999999,-0.158604,0.035476,-0.13446,0.034197000000000005,-0.002179,0.008616,-0.001689
4952,-0.320628,-1.4023370000000002,-1.8092150000000002,-0.052841,0.985844,-0.159119,0.035485,-0.13763399999999998,0.028858999999999996,-0.001389,0.008281,0.000397
4953,-0.31935,-1.402056,-1.8051599999999999,-0.052725,0.9857969999999999,-0.15945,0.028069999999999998,-0.131195,0.023458,0.0020510000000000003,0.008679000000000001,0.00468
4954,-0.317994,-1.401879,-1.80138,-0.052563,0.9857670000000001,-0.159686,0.02495,-0.11307400000000001,0.023413999999999997,0.004345,0.007168000000000001,0.006412
4955,-0.31542,-1.401888,-1.7965490000000002,-0.052149,0.985769,-0.159813,0.026021,-0.10989000000000002,0.025554,0.004725,0.008189,0.004494
4956,-0.31516,-1.40168,-1.79395,-0.052171,0.985734,-0.160022,0.023903999999999998,-0.11518199999999999,0.019139,-0.005888,0.009475,0.00133
4957,-0.317424,-1.4012200000000001,-1.7941080000000003,-0.052675,0.985656,-0.160334,0.019818000000000002,-0.092725,0.000921,-0.008498,0.009385,-0.002996
4958,-0.320094,-1.400865,-1.795135,-0.053212999999999996,0.9855959999999999,-0.160524,0.01247,-0.07986,-0.013034,-0.005091,0.0083,0.0002
4959,-0.322027,-1.401233,-1.7954900000000003,-0.053408000000000004,0.9856590000000001,-0.160078,0.003948,-0.07875599999999999,-0.01523,0.008486,0.013272999999999998,0.011426
4960,-0.324507,-1.40141,-1.796659,-0.05375,0.9856879999999999,-0.15978,-0.005563,-0.05742100000000001,-0.014256,0.007409000000000001,0.014678,0.006093
4961,-0.326937,-1.401671,-1.7983099999999999,-0.054055,0.9857319999999999,-0.159405,-0.010754000000000001,-0.029688,-0.0186,0.004449,0.014161000000000002,0.004375
4962,-0.32956799999999997,-1.401632,-1.800884,-0.054487,0.985726,-0.159298,-0.0116,0.006586,-0.03147,0.000135,0.007437999999999999,-0.005817
4963,-0.334115,-1.4016170000000001,-1.8056470000000002,-0.055215,0.9857229999999999,-0.159063,-0.011571,0.003428,-0.04108,-0.0015019999999999999,0.004877,-0.008967000000000001
4964,-0.339591,-1.401174,-1.811035,-0.056230999999999996,0.985649,-0.159169,-0.009462,-0.00937,-0.044253,-0.003919,0.003899,-0.008006000000000001
4965,-0.346159,-1.400898,-1.817452,-0.057366999999999994,0.9856020000000001,-0.159052,-0.013739,-0.013608000000000002,-0.046414,-0.004507,0.005304,-0.002584
4966,-0.351719,-1.401043,-1.8228669999999998,-0.058200999999999996,0.985627,-0.15859700000000002,-0.012657999999999999,-0.006171,-0.042143,0.0019879999999999997,0.009094,0.0066489999999999995
4967,-0.35584699999999997,-1.401422,-1.8270099999999998,-0.058726,0.98569,-0.158005,-0.014793,-0.005103,-0.041091,0.00796,0.008237000000000001,0.0041659999999999996
4968,-0.361121,-1.401538,-1.8320889999999999,-0.059517999999999995,0.9857100000000001,-0.157586,-0.01908,-0.014653999999999999,-0.046449000000000004,0.000405,0.008445999999999999,-0.0013800000000000002
4969,-0.368485,-1.401528,-1.8393529999999998,-0.06068,0.985708,-0.157153,-0.021141999999999998,-0.003972,-0.051819000000000004,-0.0065650000000000005,0.006403,-0.001538
4970,-0.377051,-1.401133,-1.8478860000000001,-0.06216699999999999,0.985642,-0.15699000000000002,-0.016873,-0.012475,-0.060325,-0.006909,0.004638000000000001,-0.00663
4971,-0.385038,-1.400513,-1.855434,-0.063649,0.9855370000000001,-0.157054,-0.013748,-0.030591000000000004,-0.061348,-0.003704,0.004789,-0.009419
4972,-0.391228,-1.400269,-1.861271,-0.064712,0.9854950000000001,-0.15688,-0.012648000000000001,-0.01465,-0.052815,0.0058579999999999995,0.004602,-0.005016
4973,-0.394386,-1.400333,-1.864382,-0.065182,0.985506,-0.156616,-0.013715999999999999,-0.009373000000000001,-0.042138,0.010678,0.006178,-0.00047300000000000006
4974,-0.39537,-1.400436,-1.8650939999999998,-0.06529700000000001,0.985524,-0.156459,-0.005287,-0.02435,-0.033512,0.015584,0.0044210000000000005,-0.0019579999999999997
4975,-0.397303,-1.400091,-1.8668630000000002,-0.065731,0.9854649999999999,-0.156645,0.001206,0.001173,-0.028158,0.008221,-0.00015900000000000002,-0.009263
4976,-0.396999,-1.3997110000000001,-1.867188,-0.065828,0.985401,-0.15701099999999998,0.00028900000000000003,0.039505,-0.022871000000000002,0.007006,-0.002796,-0.004611
4977,-0.396566,-1.399849,-1.867541,-0.065708,0.985424,-0.156914,-0.000865,0.029883999999999997,-0.013252000000000002,0.006321,0.004398,0.004448
4978,-0.397542,-1.399685,-1.8689619999999998,-0.065923,0.9853959999999999,-0.156999,0.007622,0.022384,-0.009979,-0.004542,0.010865000000000001,0.001161
4979,-0.40119499999999997,-1.39927,-1.873384,-0.06665599999999999,0.985325,-0.157133,0.00247,0.051212,-0.021804,-0.009912,0.016521,0.000502
4980,-0.40587,-1.3994790000000001,-1.879417,-0.06730900000000001,0.985361,-0.15663,-0.011271,0.072595,-0.029406,-0.008451,0.017904,0.008773
4981,-0.410242,-1.399638,-1.885211,-0.06792999999999999,0.9853879999999999,-0.156191,-0.020862000000000002,0.066278,-0.034802,-0.009447,0.014337,0.006304
4982,-0.419803,-1.399407,-1.8959979999999999,-0.06951399999999999,0.985349,-0.15574200000000002,-0.024044,0.063123,-0.0423,-0.014608000000000001,0.0036340000000000005,-0.005436
4983,-0.42670399999999997,-1.399073,-1.9043990000000002,-0.07072300000000001,0.9852920000000001,-0.155558,-0.025028,0.075931,-0.047666,-0.012087,0.007964,-0.004262
4984,-0.432098,-1.399049,-1.9112689999999999,-0.07157100000000001,0.9852879999999999,-0.155197,-0.024024,0.06632300000000001,-0.043375,-0.0075,0.008166,-0.003556
4985,-0.44028900000000004,-1.398792,-1.920766,-0.072947,0.985244,-0.154834,-0.025134,0.06204400000000001,-0.038038,-0.015386000000000002,0.004121,-0.000638
4986,-0.447683,-1.398372,-1.9293200000000001,-0.074269,0.9851719999999999,-0.15466300000000002,-0.020885,0.052463,-0.043338999999999996,-0.018016,0.001813,-0.005371
4987,-0.4532,-1.3981190000000001,-1.9359099999999998,-0.07522999999999999,0.9851280000000001,-0.154475,-0.019827,0.049268,-0.044397000000000006,-0.011378000000000001,0.001703,-0.007344
4988,-0.45994399999999996,-1.397959,-1.9436240000000002,-0.07634099999999999,0.985101,-0.154106,-0.022022999999999997,0.043914999999999996,-0.035861000000000004,-0.004332,0.003776,0.0018690000000000002
4989,-0.46564399999999995,-1.39802,-1.949958,-0.077191,0.9851110000000001,-0.153614,-0.01789,0.023621,-0.026193,-0.011904999999999999,0.004345,0.002918
4990,-0.46949399999999997,-1.398016,-1.9544560000000002,-0.077783,0.9851110000000001,-0.153319,-0.012532,0.0406,-0.014428,-0.017248,0.006314,0.001204
4991,-0.47429899999999997,-1.397306,-1.9601529999999998,-0.07883899999999999,0.984988,-0.153566,-0.007215999999999999,0.042686,-0.007987000000000001,-0.016361,0.0005769999999999999,-0.0068189999999999995
4992,-0.47778000000000004,-1.396859,-1.9640549999999999,-0.079575,0.9849110000000001,-0.15368199999999999,-0.0020440000000000002,0.010692,-0.00364,-0.019836000000000003,0.005323,-0.0053
4993,-0.479917,-1.396665,-1.966186,-0.079992,0.984877,-0.15368099999999998,0.00107,-0.003189,0.0017399999999999998,-0.022074,0.007386,0.000162
4994,-0.486091,-1.396385,-1.972134,-0.081068,0.9848290000000001,-0.153428,-1.4999999999999999e-05,-0.008448,0.0038740000000000003,-0.014559,0.006000999999999999,0.002366
4995,-0.486727,-1.396465,-1.972466,-0.08112799999999999,0.984843,-0.153306,0.0031320000000000002,-0.015933000000000003,0.008178,-0.002536,0.0038659999999999996,0.002961
4996,-0.48623999999999995,-1.396543,-1.971661,-0.08101799999999999,0.984856,-0.153278,0.009543000000000001,-0.011703,0.010354,0.000421,0.000984,0.004719
4997,-0.485096,-1.396711,-1.9702509999999998,-0.08076599999999999,0.984885,-0.153225,0.008461,-0.011712,0.013550999999999999,0.000733,0.007821,0.004375
4998,-0.48478699999999997,-1.3968690000000001,-1.9696310000000001,-0.08064600000000001,0.9849129999999999,-0.153112,0.000959,-0.014899,0.017775,-0.007062000000000001,0.00787,0.0020800000000000003
4999,-0.485145,-1.397044,-1.9695790000000002,-0.08062000000000001,0.984943,-0.15292999999999998,0.000949,-0.020212,0.014575999999999999,-0.007316,0.010144,0.0038829999999999997
5000,-0.485067,-1.397097,-1.968991,-0.080583,0.984952,-0.15289,0.00202,-0.024456,0.009248000000000001,-0.005323,0.009143,-0.001224
5001,-0.486112,-1.3971770000000001,-1.969438,-0.080707,0.984966,-0.15273699999999998,-0.003331,-0.031776,0.006021,-0.00575,0.005757,0.000973
5002,-0.487491,-1.39731,-1.970093,-0.080856,0.9849889999999999,-0.15250999999999998,-0.003346,-0.040277,0.000691,-0.001343,0.005795000000000001,0.001356
5003,-0.488284,-1.397365,-1.9699360000000001,-0.080951,0.9849979999999999,-0.152397,-0.00126,-0.046693,0.004986,-0.000302,0.004854,-0.001655
5004,-0.488662,-1.397448,-1.9695220000000002,-0.080971,0.9850129999999999,-0.152295,-0.001236,-0.031817000000000005,0.014581,-0.003945000000000001,0.007983,-9.499999999999999e-05
5005,-0.487634,-1.397661,-1.9679509999999998,-0.080715,0.98505,-0.152192,-0.002293,-0.0265,0.017771000000000002,0.000256,0.009427,0.001206
5006,-0.48674300000000004,-1.397979,-1.9661689999999998,-0.080434,0.9851040000000001,-0.151988,0.0018399999999999998,-0.052098,0.022106,-0.003001,0.004581,0.001139
5007,-0.485633,-1.3979709999999999,-1.9638970000000002,-0.08026900000000001,0.9851030000000001,-0.152084,0.006093,-0.054248000000000005,0.023206,-0.006157,0.002431,-0.004654999999999999
5008,-0.483109,-1.397917,-1.960406,-0.07990900000000001,0.985093,-0.152333,0.011442,-0.043643,0.030708,-0.0018629999999999999,0.003646,-0.00587
5009,-0.47471899999999995,-1.398469,-1.95112,-0.07837999999999999,0.985188,-0.152514,0.012419,-0.046856999999999996,0.047835,0.020717,0.0059770000000000005,0.000567
5010,-0.46627799999999997,-1.398918,-1.941484,-0.076891,0.985265,-0.152775,0.021891,-0.059737,0.063942,0.02112,0.0057020000000000005,-0.00027
5011,-0.45721300000000004,-1.399166,-1.9313669999999998,-0.075395,0.985308,-0.153247,0.019858,-0.036298000000000004,0.064967,0.014115,0.004011,-0.004621
5012,-0.44632799999999995,-1.399526,-1.9201830000000002,-0.07356900000000001,0.985369,-0.153738,0.011506,-3.2e-05,0.060591,0.015143,0.010069,-0.004129
5013,-0.436055,-1.400261,-1.9099099999999998,-0.07168,0.9854940000000001,-0.153829,0.0051140000000000005,-0.0,0.058412,0.014794999999999999,0.012339,0.00121
5014,-0.429601,-1.400808,-1.903214,-0.070461,0.9855870000000001,-0.153799,0.0018850000000000002,-0.014868000000000001,0.049864,5.6999999999999996e-05,0.007272,-0.000712
5015,-0.425799,-1.401018,-1.8989790000000002,-0.06978999999999999,0.9856219999999999,-0.15387699999999999,-0.001277,-0.018006,0.038095,-0.012042,0.0015300000000000001,-0.005699
5016,-0.42543400000000003,-1.4007370000000001,-1.898053,-0.06984800000000001,0.985575,-0.15415399999999999,-0.000229,-0.029698000000000002,0.030638,-0.014274,0.008505,-0.00942
5017,-0.423012,-1.400775,-1.8948669999999999,-0.06946000000000001,0.9855809999999999,-0.15429,0.0050869999999999995,-0.036099,0.028546,-0.003721,0.006591,-0.006416
5018,-0.41817200000000004,-1.400871,-1.889632,-0.068673,0.985597,-0.15453699999999998,0.012688,-0.008237000000000001,0.027549,0.00982,0.002302,0.000362
5019,-0.41161499999999995,-1.401453,-1.883097,-0.067429,0.9856959999999999,-0.15445899999999999,0.006314999999999999,0.005604,0.034966000000000004,0.016617,0.006339,0.00625
5020,-0.405507,-1.40192,-1.877128,-0.066303,0.9857739999999999,-0.154444,0.0020039999999999997,0.011947,0.050952,0.009006,0.015202,0.0009710000000000001
5021,-0.40083,-1.4023290000000002,-1.8728529999999999,-0.065423,0.985843,-0.154381,-0.0074730000000000005,0.030129000000000003,0.041249,-0.005012,0.045636,-0.003517
5022,-0.396839,-1.402744,-1.8695580000000003,-0.064648,0.9859120000000001,-0.154264,0.013925,0.034354,0.031779,-0.002979,0.0033299999999999996,0.004743
5023,-0.393656,-1.402993,-1.8666099999999999,-0.064062,0.9859540000000001,-0.15424200000000002,0.008504000000000001,0.015197,0.031764999999999995,-0.005899000000000001,0.002129,0.008841
5024,-0.39265700000000003,-1.4033120000000001,-1.866041,-0.063788,0.986007,-0.154015,0.001126,0.032281,0.028486,-0.011331,0.012909,0.005807
5025,-0.390342,-1.403737,-1.86457,-0.06327100000000001,0.986078,-0.153775,0.00017900000000000001,0.051624,0.023178999999999998,0.000298,0.0006309999999999999,0.007229000000000001
5026,-0.38731,-1.4043459999999999,-1.862439,-0.062578,0.9861790000000001,-0.153411,0.005497,0.040982,0.015753,0.006014,0.005047,0.011687000000000001
5027,-0.383272,-1.4048559999999999,-1.859376,-0.061770000000000005,0.9862639999999999,-0.153195,0.006644,0.059088,0.015738,0.007356999999999999,0.011555,0.008389
5028,-0.379576,-1.4055469999999999,-1.8571810000000002,-0.060951,0.9863770000000001,-0.15279,-0.004987,0.082565,0.015628,0.007927,0.014782,0.009571
5029,-0.3741,-1.4064969999999999,-1.8535419999999998,-0.059771000000000005,0.986533,-0.152249,-0.009204,0.09642,0.017719,0.01195,0.012414,0.009442
5030,-0.368239,-1.407195,-1.8497810000000001,-0.058629999999999995,0.9866469999999999,-0.151954,-0.015543000000000001,0.110292,0.017658,0.010351,0.00757,0.000724
5031,-0.363966,-1.407465,-1.847716,-0.057885,0.986691,-0.151954,-0.014461000000000002,0.108179,0.012328,0.000604,0.0038179999999999998,-0.005822
5032,-0.361792,-1.407726,-1.847762,-0.057463,0.986734,-0.151838,-0.019709,0.113579,-0.001603,-6.2e-05,0.005072,-0.005602
5033,-0.360296,-1.40795,-1.848652,-0.05715800000000001,0.98677,-0.15171800000000002,-0.028167,0.11586800000000001,-0.013338,0.0035689999999999997,0.017793,-0.008698000000000001
5034,-0.358471,-1.408543,-1.8492389999999999,-0.056676,0.986866,-0.151274,-0.036663,0.11805399999999999,-0.019808000000000003,0.011876000000000001,0.022412,-0.004396
5035,-0.35863,-1.4092770000000001,-1.852166,-0.056446,0.986984,-0.150587,-0.049312,0.145822,-0.026341000000000003,0.013843000000000001,0.017578,-0.00545
5036,-0.356056,-1.410458,-1.853099,-0.055652,0.987173,-0.14963900000000002,-0.067237,0.178964,-0.040392000000000004,0.01694,0.014658000000000001,-0.005299
5037,-0.356068,-1.411427,-1.8572380000000002,-0.05532,0.9873280000000001,-0.148741,-0.080899,0.211027,-0.054412999999999996,0.017096,0.001564,-0.010790000000000001
5038,-0.359564,-1.4123700000000001,-1.865763,-0.055512,0.987477,-0.147675,-0.073181,0.254723,-0.066164,0.022202,-0.015614,-0.004989
5039,-0.362101,-1.413435,-1.873707,-0.055514,0.9876440000000001,-0.14655,-0.108161,0.274146,-0.09740900000000001,0.020907,0.014385,-0.012537999999999999
5040,-0.369824,-1.415181,-1.887531,-0.056021,0.987916,-0.144509,-0.111257,0.296532,-0.098525,0.011892,0.0007769999999999999,0.008645
5041,-0.38135,-1.416711,-1.904959,-0.057120000000000004,0.988152,-0.142451,-0.09214299999999999,0.272122,-0.099347,-0.0019010000000000001,-0.008019,0.009562000000000001
5042,-0.395442,-1.417175,-1.924093,-0.058945000000000004,0.988223,-0.141209,-0.07107000000000001,0.23043400000000003,-0.082057,-0.026062000000000002,0.000958,-0.0037649999999999997
5043,-0.409754,-1.416792,-1.942639,-0.061111,0.988165,-0.140698,-0.049918000000000004,0.202606,-0.067991,-0.032365,-0.012411,-0.014087
5044,-0.414181,-1.416762,-1.9509470000000002,-0.061745,0.98816,-0.140453,-0.008498,0.17577,-0.052712,-0.02198,-0.015747999999999998,-0.013569
5045,-0.41720799999999997,-1.415944,-1.956766,-0.062497000000000004,0.988034,-0.141005,0.024211,0.11803599999999999,-0.02891,-0.019259000000000002,-0.007016,-0.004671
5046,-0.415832,-1.415392,-1.9572330000000002,-0.062523,0.987949,-0.14158900000000002,0.022857,0.078527,-0.0043,-0.014472,-0.0021550000000000002,0.003589
5047,-0.412745,-1.415231,-1.955411,-0.06215,0.987924,-0.141928,0.01945,0.061378999999999996,0.02454,-0.003997,0.011038,0.004354
5048,-0.40580900000000003,-1.4152360000000002,-1.9494150000000001,-0.061162,0.987925,-0.142351,0.019234,0.039967,0.051271000000000004,-0.004252000000000001,0.010229,0.000566
5049,-0.39969699999999997,-1.414751,-1.9436529999999999,-0.060476999999999996,0.98785,-0.143163,0.026592,0.012404,0.051394,-0.009713,0.007054,-0.007487000000000001
5050,-0.393243,-1.414476,-1.93708,-0.059655999999999994,0.987807,-0.143801,0.032984,-0.005664,0.035438,-0.010534,0.007097,-0.006848999999999999
5051,-0.387375,-1.413979,-1.9309029999999998,-0.058997,0.9877290000000001,-0.144603,0.034046,-0.019465,0.022645,0.006308,0.003771,-0.003819
5052,-0.38193299999999997,-1.413459,-1.9249009999999998,-0.0584,0.987648,-0.145399,0.025503,-0.028992,0.015121,0.006261,0.0037920000000000002,-0.006868000000000001
5053,-0.37987600000000005,-1.413258,-1.9226159999999999,-0.058175,0.9876159999999999,-0.145703,0.011811,0.005166,0.009641,0.008172,0.005288,-0.004291
5054,-0.37407199999999996,-1.413311,-1.917417,-0.057309000000000006,0.987625,-0.145989,0.0034579999999999997,0.03825,0.002064,0.013516,0.012543,-0.004722
5055,-0.370014,-1.41345,-1.9141169999999998,-0.056665999999999994,0.9876469999999999,-0.146093,-0.006162,0.027657,-0.004397,0.008281,0.009087999999999999,-0.0041
5056,-0.371394,-1.4132719999999999,-1.9159009999999999,-0.056932,0.987619,-0.146178,-0.008305,0.015985,-0.014011000000000001,-0.005446,0.011481,-0.010072
5057,-0.375313,-1.412816,-1.92018,-0.057669000000000005,0.987547,-0.146374,-0.012528000000000001,0.017178,-0.020416999999999998,-0.008325,0.0056170000000000005,-0.010151
5058,-0.377382,-1.412416,-1.9224459999999999,-0.058116999999999995,0.987484,-0.146621,-0.00514,0.001165,-0.018209,0.001248,0.001957,-0.008943000000000001
5059,-0.377745,-1.4123780000000001,-1.922754,-0.058185,0.9874780000000001,-0.146635,0.002247,-0.0053,-0.006398,0.006701,0.003397,-0.00133
5060,-0.376473,-1.412618,-1.9213240000000003,-0.057911000000000004,0.987516,-0.146488,0.005370000000000001,-0.011745,0.004315,0.005665,0.0025510000000000003,0.0045049999999999995
5061,-0.37406,-1.41305,-1.918691,-0.057401,0.987584,-0.14623,0.010689,-0.006470999999999999,0.012891999999999999,0.007169,0.004007999999999999,0.009145
5062,-0.37097600000000003,-1.413324,-1.9156669999999998,-0.056852,0.987627,-0.146154,0.009654000000000001,0.010539,0.022478,0.005598,0.0047740000000000005,0.011831
5063,-0.36933,-1.413756,-1.913974,-0.05645700000000001,0.9876950000000001,-0.14585,0.010605,-0.011848000000000001,0.025717,-0.005722,0.0061719999999999995,0.009986
5064,-0.37154699999999996,-1.4138190000000002,-1.91547,-0.056758,0.9877040000000001,-0.14566700000000002,0.012651,-0.037397,0.019353,-0.017491,0.010922,0.005835
5065,-0.372962,-1.413677,-1.916196,-0.057014999999999996,0.987682,-0.145716,0.010618,-0.025629000000000002,0.008641,-0.01818,0.009007,0.004863
5066,-0.375562,-1.413554,-1.9181259999999998,-0.057439,0.987663,-0.145681,0.007409999999999999,-0.038221,0.000106,-0.006389,0.008812,0.001425
5067,-0.377942,-1.413618,-1.919528,-0.057762,0.9876729999999999,-0.145485,0.007361,-0.049935,-0.0009480000000000001,-0.0035020000000000003,0.01248,0.00396
5068,-0.382296,-1.413666,-1.92293,-0.058377,0.9876799999999999,-0.145188,-0.0032270000000000003,-0.041337,-0.010648000000000001,-0.015247,0.011358,0.010422
5069,-0.392124,-1.413659,-1.931798,-0.059803999999999996,0.9876790000000001,-0.14461400000000002,-0.007490999999999999,-0.051927999999999995,-0.022418,-0.012355,0.009681,0.001685
5070,-0.399052,-1.4135360000000001,-1.9375919999999998,-0.060851,0.98766,-0.144308,-0.007501000000000001,-0.058303,-0.026683999999999996,-0.008454000000000001,0.006023,-0.001291
5071,-0.40675500000000003,-1.413476,-1.944378,-0.061984000000000004,0.9876510000000001,-0.14388900000000002,-0.013806,-0.040158,-0.029957,-0.010418,0.006063000000000001,0.002105
5072,-0.415228,-1.413522,-1.9520389999999999,-0.063183,0.987658,-0.143317,-0.018088999999999997,-0.049705,-0.036385,-0.009387999999999999,0.009351,0.0013039999999999998
5073,-0.423555,-1.413057,-1.959018,-0.064563,0.987585,-0.143205,-0.005415,-0.077451,-0.035194,-0.011746,0.006678,-0.007292
5074,-0.43054799999999993,-1.412267,-1.964507,-0.065888,0.987461,-0.143458,-0.002204,-0.07321,-0.033042,-0.007964,0.006833,-0.01212
5075,-0.43525,-1.411805,-1.9679240000000002,-0.066755,0.9873870000000001,-0.143561,-0.006442,-0.065742,-0.032013,0.002027,0.00022200000000000003,-0.004983
5076,-0.43684799999999996,-1.411698,-1.9681349999999997,-0.06702799999999999,0.9873709999999999,-0.143549,-0.003336,-0.080692,-0.025561,0.013241,0.004207,-0.005804
5077,-0.438325,-1.411448,-1.967941,-0.067345,0.987331,-0.143674,0.004075,-0.085013,-0.016957,0.015725,0.0035600000000000002,-0.009676
5078,-0.434717,-1.411309,-1.963036,-0.066884,0.987309,-0.14404,-9.1e-05,-0.059444000000000004,-0.013811000000000002,0.015355,0.006939,-0.006167
5079,-0.433163,-1.411362,-1.9607900000000003,-0.066639,0.987317,-0.144097,0.001125,-0.024302,-0.01171,0.013431,0.010058,-0.004035
5080,-0.433167,-1.411392,-1.960505,-0.06662699999999999,0.9873219999999999,-0.14407,-0.002018,-0.012568000000000001,-0.012813999999999999,0.013862000000000001,0.011,-0.0016510000000000001
5081,-0.42936199999999997,-1.41161,-1.9566569999999999,-0.065988,0.9873569999999999,-0.144127,-0.004108,-0.000851,-0.010704,0.011667,0.006464,-0.0026320000000000002
5082,-0.42740100000000003,-1.411704,-1.9548419999999997,-0.06566699999999999,0.9873719999999999,-0.144171,-0.001936,0.008725,-0.009631,0.01072,0.0027559999999999998,-0.002832
5083,-0.427201,-1.411707,-1.955064,-0.065637,0.9873719999999999,-0.144182,-0.000788,0.025769999999999998,-0.010713,0.008646,0.000833,-0.0006389999999999999
5084,-0.426554,-1.411664,-1.9551029999999998,-0.06556100000000001,0.9873649999999999,-0.144263,0.000337,0.034306,-0.014988,0.001917,0.007828,-0.002176
5085,-0.42786,-1.4115790000000001,-1.957063,-0.06578400000000001,0.987352,-0.144253,-0.003959000000000001,0.02793,-0.015009999999999999,-0.0023769999999999998,0.014846000000000002,-0.001941
5086,-0.43021499999999996,-1.411532,-1.9600400000000002,-0.066143,0.987344,-0.14414000000000002,-0.012437,0.034377,-0.021487,-0.004871,0.008292,-0.002405
5087,-0.434246,-1.411597,-1.9647560000000002,-0.066697,0.9873540000000001,-0.143815,-0.016709,0.025899000000000002,-0.028983999999999996,-0.002868,0.011089,-0.000595
5088,-0.439075,-1.411461,-1.9698470000000001,-0.06744800000000001,0.987333,-0.143612,-0.021031,0.002625,-0.033238,-0.004833,0.01047,-0.00629
5089,-0.44583900000000004,-1.411373,-1.976732,-0.068455,0.9873190000000001,-0.143231,-0.026313,0.009056999999999999,-0.038625,-0.006069,0.0073409999999999994,-0.002231
5090,-0.45197600000000004,-1.411527,-1.983338,-0.069266,0.9873430000000001,-0.142672,-0.028375,0.026104000000000002,-0.037593,0.001121,0.002708,0.001772
5091,-0.454928,-1.4118629999999999,-1.986822,-0.06954099999999999,0.987397,-0.14216900000000002,-0.020983,0.018583000000000002,-0.027917,0.007011,0.007156,0.00016999999999999999
5092,-0.457653,-1.412087,-1.989796,-0.06983099999999999,0.987432,-0.14178,-0.015745,0.00893,-0.016118,-0.0013210000000000001,0.004282,0.000331
5093,-0.46106199999999997,-1.412142,-1.993585,-0.070289,0.987441,-0.141492,-0.015678,0.023844,-0.016137000000000002,-0.009361,0.001573,0.002241
5094,-0.464528,-1.412201,-1.997427,-0.070753,0.98745,-0.14119600000000002,-0.0072109999999999995,0.012084000000000001,-0.012859,-0.002565,0.004081,0.0006320000000000001
5095,-0.46557600000000005,-1.412173,-1.998625,-0.070914,0.9874459999999999,-0.141146,-0.003001,0.005652,-0.006412,0.0021579999999999998,0.003307,-0.004728
5096,-0.465168,-1.4120700000000002,-1.9984419999999998,-0.07090199999999999,0.9874290000000001,-0.141267,0.0023510000000000002,0.014119,0.004312,-0.0035,0.003812,-0.001174
5097,-0.464525,-1.411985,-1.9981810000000002,-0.070849,0.987416,-0.14138699999999998,0.011967,0.023648,0.010775,-0.005186,0.004589,0.002624
5098,-0.461556,-1.4117950000000001,-1.995755,-0.070512,0.9873860000000001,-0.141764,0.017325,0.032138,0.014006999999999999,-0.0038439999999999998,0.0051530000000000005,0.004359
5099,-0.46025299999999997,-1.411914,-1.995136,-0.070275,0.987405,-0.141751,0.014157,0.039606999999999996,0.013975,-0.003944,0.00759,0.007123
5100,-0.45891400000000004,-1.412112,-1.9945810000000002,-0.069999,0.9874360000000001,-0.14167000000000002,0.008841,0.041763999999999996,0.011798000000000001,-0.004693,0.005529999999999999,0.012733
5101,-0.45803699999999997,-1.412244,-1.994345,-0.06981699999999999,0.9874569999999999,-0.14161400000000002,0.009854,0.027920999999999998,0.009686,-0.005072999999999999,0.004563,0.011853
5102,-0.45933500000000005,-1.412058,-1.9959919999999998,-0.070082,0.9874280000000001,-0.141688,0.015163999999999999,0.019393,0.006528,-0.010865999999999999,0.002029,0.003992
5103,-0.459505,-1.4115209999999998,-1.9966080000000002,-0.070341,0.987342,-0.142152,0.022680000000000002,0.028957999999999998,0.005499,-0.008851999999999999,0.006874,-0.0038450000000000003
5104,-0.457296,-1.411042,-1.995021,-0.070236,0.987266,-0.14273,0.02166,0.035311,0.008707,-0.00145,0.0053479999999999995,-0.001114
5105,-0.45473500000000006,-1.410823,-1.993148,-0.069965,0.987232,-0.143104,0.016306,0.034251,0.011875,-0.002957,0.008481,0.002555
5106,-0.453255,-1.410778,-1.992175,-0.069772,0.987224,-0.14324800000000001,0.015196000000000001,0.021485,0.008679000000000001,-0.003912,0.009541,0.0034770000000000005
5107,-0.452387,-1.410512,-1.991614,-0.069763,0.987182,-0.143544,0.013062,0.018309,0.005463,-0.00911,0.009720999999999999,-0.001109
5108,-0.453567,-1.410087,-1.9932040000000002,-0.070116,0.9871139999999999,-0.14383900000000002,0.012057,0.024734,-0.002031,-0.008955,0.004463,0.000742
5109,-0.453309,-1.4098979999999999,-1.9933009999999998,-0.070161,0.987084,-0.144025,0.013086000000000002,0.014087,-0.004147,0.002076,0.0065379999999999995,0.000379
5110,-0.452787,-1.409691,-1.992848,-0.070175,0.987051,-0.144245,0.014066,-0.000848,0.000152,0.000381,0.0068,0.0005070000000000001
5111,-0.45188999999999996,-1.409499,-1.9917630000000002,-0.070128,0.9870200000000001,-0.144479,0.012922,-0.013644,0.0044340000000000004,-0.000352,0.010997,-0.0016539999999999999
5112,-0.450003,-1.408716,-1.989643,-0.07019199999999999,0.986894,-0.145306,0.020442,-0.006261999999999999,0.008779,-0.0017989999999999998,0.00421,-0.008395
5113,-0.447018,-1.408328,-1.9867029999999999,-0.069923,0.9868309999999999,-0.145861,0.021557,0.00757,0.011974,0.002525,0.004029,-0.005522
5114,-0.44065200000000004,-1.4082290000000002,-1.980361,-0.069035,0.986815,-0.14639100000000002,0.024672,-0.0063100000000000005,0.017357,0.015278,0.005968,-0.004396
5115,-0.43305299999999997,-1.40826,-1.9724439999999999,-0.06790800000000001,0.98682,-0.146884,0.025653,-0.017,0.025925,0.015082,0.0053219999999999995,-1.3000000000000001e-05
5116,-0.42472299999999996,-1.4081709999999998,-1.9639229999999999,-0.066718,0.986806,-0.147524,0.029973000000000003,-0.001053,0.03021,0.011893,0.003505,-0.005613
5117,-0.415692,-1.4078979999999999,-1.955071,-0.065492,0.9867610000000001,-0.148367,0.03217,0.013849,0.031276,0.010529,0.005716,-0.006326
5118,-0.40662600000000004,-1.407637,-1.9463,-0.064246,0.986719,-0.14919200000000002,0.036438,0.014896000000000001,0.032374,0.014228,0.004156,-0.0026030000000000003
5119,-0.396034,-1.407317,-1.935858,-0.062784,0.986667,-0.15015499999999998,0.040652999999999995,0.004225,0.033488,0.018793,0.002942,-0.0064459999999999995
5120,-0.385679,-1.406882,-1.9255830000000003,-0.061387,0.9865959999999999,-0.151194,0.041757999999999997,0.007370999999999999,0.036739,0.013429,0.005698,-0.002675
5121,-0.376026,-1.406627,-1.9161970000000002,-0.060016999999999994,0.986554,-0.152014,0.04181,0.021211,0.038860000000000006,0.013371000000000001,0.004061,-0.00046699999999999997
5122,-0.36740500000000004,-1.406216,-1.908025,-0.05885,0.9864870000000001,-0.15290399999999998,0.043958,0.026521,0.041006,0.013211,0.004068,0.000576
5123,-0.35558,-1.4057709999999999,-1.896713,-0.057191,0.9864139999999999,-0.154001,0.043963999999999996,0.03077,0.044206999999999996,0.008881,0.006475,-0.00498
5124,-0.346089,-1.405329,-1.8879380000000001,-0.055874,0.986341,-0.154947,0.045083,0.044607,0.046335,0.005459,0.007601,0.000436
5125,-0.33774899999999997,-1.40487,-1.880513,-0.054729999999999994,0.986266,-0.155835,0.041907,0.046761000000000004,0.043105000000000004,0.003522,0.007645999999999999,0.001385
5126,-0.331176,-1.404297,-1.874681,-0.053888,0.9861709999999999,-0.156725,0.039754000000000005,0.039325,0.039895,-0.004582999999999999,0.007237,-0.005308
5127,-0.32604299999999997,-1.4035950000000001,-1.8700869999999998,-0.053305,0.9860540000000001,-0.157656,0.041883,0.032947000000000004,0.034575999999999996,-0.005533,0.006804999999999999,-0.003218
5128,-0.320775,-1.403006,-1.865419,-0.052657,0.9859559999999999,-0.158485,0.038702,0.035098000000000004,0.032415,-0.0058909999999999995,0.006384,-0.000923
5129,-0.316013,-1.402669,-1.861227,-0.052004999999999996,0.9859,-0.15905,0.036583,0.025481999999999998,0.030338,-0.00224,0.008790000000000001,0.002068
5130,-0.311203,-1.402156,-1.856759,-0.051394,0.985814,-0.159779,0.037636,0.02016,0.028214999999999997,-0.001371,0.007181999999999999,-0.0017649999999999999
5131,-0.306777,-1.4015520000000001,-1.853041,-0.050866,0.985712,-0.160574,0.036732,0.048956,0.020694999999999998,-0.000495,0.00498,0.0007379999999999999
5132,-0.303358,-1.401163,-1.8508930000000001,-0.050431000000000004,0.9856469999999999,-0.161113,0.028312,0.070309,0.016335,-0.0034630000000000004,0.009486,0.0034130000000000002
5133,-0.300323,-1.401195,-1.849227,-0.049933,0.9856520000000001,-0.161235,0.021914,0.069274,0.014155000000000001,-0.0018399999999999998,0.011159,0.010051000000000001
5134,-0.298582,-1.400885,-1.848757,-0.049742,0.9856,-0.161613,0.020842,0.061847000000000006,0.0077469999999999995,-0.009676,0.009945,-0.0010609999999999999
5135,-0.29994499999999996,-1.400482,-1.851476,-0.050079000000000005,0.985532,-0.161924,0.011417,0.079014,-0.014775,-0.015335,0.015247,-0.000597
5136,-0.306165,-1.400433,-1.8594080000000002,-0.0511,0.9855229999999999,-0.161656,-0.003332,0.088696,-0.038338,-0.022493,0.016247,0.011616
5137,-0.315141,-1.400657,-1.8703610000000002,-0.05248099999999999,0.985561,-0.16098099999999999,-0.016031,0.099444,-0.051262,-0.02154,0.015750999999999998,0.008912
5138,-0.321745,-1.400655,-1.8793090000000001,-0.05354299999999999,0.985561,-0.160633,-0.01485,0.11545799999999999,-0.060889,-0.014236000000000002,0.015461,0.007220999999999999
5139,-0.32816599999999996,-1.400366,-1.8879700000000001,-0.054665,0.985512,-0.160555,-0.022341,0.106975,-0.064135,-0.002845,0.0060810000000000005,-0.005536999999999999
5140,-0.333039,-1.400293,-1.895382,-0.055471000000000006,0.9855,-0.160355,-0.012672,0.12716,-0.058753,-0.0020399999999999997,0.006093,-0.005737
5141,-0.335598,-1.399929,-1.90035,-0.055999,0.9854379999999999,-0.160551,-0.006443000000000001,0.098337,-0.049058,0.003112,0.000234,-0.008318
5142,-0.335942,-1.399521,-1.9024889999999999,-0.056187,0.985368,-0.160912,-0.0066040000000000005,0.081217,-0.029807999999999998,0.007237,0.0011279999999999999,-0.008125
5143,-0.336138,-1.399412,-1.9046610000000002,-0.056254,0.98535,-0.161002,-0.0022600000000000003,0.107795,-0.020198,0.003489,0.0017109999999999998,-0.003167
5144,-0.33459,-1.399178,-1.90567,-0.05608,0.98531,-0.161306,0.007461,0.132166,-0.013687999999999999,0.005436,0.00034700000000000003,-0.004831
5145,-0.331494,-1.398707,-1.9050919999999998,-0.055730999999999996,0.9852290000000001,-0.161918,0.013781999999999999,0.118278,-0.009353,0.001853,0.001084,-0.004418
5146,-0.330462,-1.398316,-1.9065400000000001,-0.055688999999999995,0.9851620000000001,-0.162341,0.010657999999999999,0.132151,-0.012597,-0.0071010000000000005,0.00373,-0.001493
5147,-0.33171999999999996,-1.39811,-1.910606,-0.05596,0.9851270000000001,-0.162462,0.0021899999999999997,0.14391099999999998,-0.015878,-0.011469,0.009120999999999999,0.003786
5148,-0.334546,-1.3981540000000001,-1.916243,-0.056403999999999996,0.9851340000000001,-0.162262,-0.004213000000000001,0.139689,-0.020191,-0.013144999999999999,0.009784000000000001,0.008041
5149,-0.33726100000000003,-1.398116,-1.921428,-0.056857000000000005,0.9851280000000001,-0.162144,-0.003214,0.117345,-0.027634,-0.018841999999999998,0.010935,0.004978
5150,-0.34529299999999996,-1.397558,-1.931584,-0.05834299999999999,0.985032,-0.162199,-0.009609999999999999,0.11100499999999999,-0.035151999999999996,-0.029486000000000002,0.009704,-0.0029010000000000004
5151,-0.354685,-1.397123,-1.9431759999999998,-0.060013,0.984957,-0.162046,-0.014934999999999999,0.10678800000000001,-0.041597,-0.028549,0.00836,5.7999999999999994e-05
5152,-0.361298,-1.39704,-1.951614,-0.061113,0.984942,-0.161722,-0.017189,0.07697999999999999,-0.044781,-0.022902000000000002,0.008527,0.002283
5153,-0.36945300000000003,-1.396624,-1.96111,-0.062577,0.98487,-0.161601,-0.012998,0.059921,-0.044732,-0.015944,0.006997,-0.0047810000000000005
5154,-0.376091,-1.396177,-1.968898,-0.06381,0.984793,-0.161591,-0.011993,0.053496,-0.037241,-0.011323999999999999,0.004679,-0.003128
5155,-0.379255,-1.396164,-1.9730459999999999,-0.064326,0.984791,-0.1614,-0.014227000000000002,0.042804,-0.025493000000000002,-0.003454,0.005139,-0.00277
5156,-0.38116500000000003,-1.395831,-1.975768,-0.064756,0.984733,-0.161581,-0.007902,0.036347000000000004,-0.014759,-0.004961,0.00216,-0.010279
5157,-0.38359499999999996,-1.395278,-1.978791,-0.065352,0.9846360000000001,-0.161928,-0.0057810000000000005,0.023438999999999998,-0.013569999999999999,-0.009706000000000001,0.007597,-0.011946
5158,-0.38624400000000003,-1.394965,-1.981941,-0.065897,0.9845809999999999,-0.16204000000000002,-0.003618,0.026639999999999997,-0.016763999999999998,-0.013586,0.004051,-0.008431000000000001
5159,-0.390334,-1.394364,-1.986603,-0.06678400000000001,0.984476,-0.16231600000000002,-0.001469,0.028767,-0.017822,-0.003788,0.0044,-0.004905
5160,-0.391808,-1.394052,-1.9885130000000002,-0.06714099999999999,0.9844209999999999,-0.162501,0.000583,0.015956,-0.012451,-0.005308,0.008681999999999999,-0.00417
5161,-0.393445,-1.393944,-1.990425,-0.06744800000000001,0.984402,-0.16249,-0.003708,0.014888,-0.008206999999999999,-0.008159999999999999,0.007906999999999999,-0.0022440000000000003
5162,-0.397546,-1.3939110000000001,-1.994909,-0.068126,0.984397,-0.162242,-0.006866,0.022365,-0.010376999999999999,-0.01035,0.0056700000000000006,0.000941
5163,-0.401223,-1.393686,-1.9988580000000002,-0.06880900000000001,0.9843569999999999,-0.162194,-0.008,0.008516,-0.0093,-0.016458,0.0072510000000000005,-0.004752
5164,-0.40581300000000003,-1.393382,-2.003367,-0.06967000000000001,0.984303,-0.162151,-0.009148,-0.008529,-0.008221,-0.016694999999999998,0.007625,-0.003148
5165,-0.409948,-1.393132,-2.007175,-0.070438,0.984259,-0.16208699999999998,-0.007047,-0.020238,-0.012465,-0.011685,0.010675,-0.004875
5166,-0.41340699999999997,-1.393159,-2.010195,-0.070988,0.9842639999999999,-0.16181800000000002,-0.009172,-0.019161,-0.01355,-0.004085,0.008107,0.002517
5167,-0.415919,-1.393422,-2.012463,-0.07128999999999999,0.98431,-0.161403,-0.014502000000000001,-0.014894,-0.010389,0.001145,0.005436,0.0028190000000000003
5168,-0.418516,-1.393616,-2.0143880000000003,-0.071631,0.984345,-0.16104300000000002,-0.011459,-0.047937,-0.008189,-0.0019320000000000001,0.006363000000000001,-0.000105
5169,-0.42191999999999996,-1.3936030000000001,-2.016666,-0.072184,0.984342,-0.16080999999999998,-0.010416,-0.05645,-0.011376,-0.005346,0.005312,-0.004412
5170,-0.42517200000000005,-1.393625,-2.0188639999999998,-0.072698,0.9843459999999999,-0.160555,-0.013588,-0.054291,-0.015674,-0.000178,0.0036450000000000002,-0.002455
5171,-0.42731499999999994,-1.393617,-2.019878,-0.07304400000000001,0.984345,-0.160405,-0.012559,-0.062816,-0.015655000000000002,0.0032359999999999997,0.000915,-0.004085
5172,-0.429385,-1.393604,-2.020556,-0.073382,0.9843430000000001,-0.16026500000000002,-0.0072959999999999995,-0.07562999999999999,-0.012397,0.003939,0.0036030000000000003,-0.004118
5173,-0.430953,-1.393553,-2.020512,-0.073654,0.984333,-0.160196,-0.005248,-0.087385,-0.004889,0.000839,0.010081999999999999,-0.005835
5174,-0.43281000000000003,-1.393565,-2.020476,-0.073946,0.9843360000000001,-0.160048,-0.008534,-0.099122,0.0025800000000000003,0.0008410000000000001,0.006753,-0.005372999999999999
5175,-0.43293000000000004,-1.393607,-2.01871,-0.073948,0.9843430000000001,-0.160001,0.0010869999999999999,-0.089589,0.007977,0.006732999999999999,0.004503,-0.003664
5176,-0.431104,-1.393689,-2.015103,-0.073622,0.9843569999999999,-0.160063,0.002102,-0.096005,0.013335,0.010648999999999999,0.00603,-0.0038929999999999998
5177,-0.430309,-1.39393,-2.012033,-0.073396,0.9844,-0.159906,-0.000152,-0.12156800000000001,0.014421000000000002,0.005998,0.00678,0.000802
5178,-0.43133900000000003,-1.3942219999999999,-2.010621,-0.07343999999999999,0.9844510000000001,-0.15956900000000002,-0.003319,-0.118344,0.010123,0.0029289999999999997,0.0065769999999999995,0.003776
5179,-0.43232600000000004,-1.3946129999999999,-2.009399,-0.073437,0.9845200000000001,-0.159147,-6.7e-05,-0.107698,0.009064000000000001,0.006862999999999999,0.006661,0.004499
5180,-0.431896,-1.394917,-2.006796,-0.07324299999999999,0.9845729999999999,-0.158906,-0.002225,-0.110894,0.011191,0.007462000000000001,0.006012,0.000489
5181,-0.43237600000000004,-1.39521,-2.005001,-0.073198,0.9846239999999999,-0.158609,-0.0033159999999999995,-0.114095,0.013324,0.004076,0.005076,0.002085
5182,-0.432946,-1.395368,-2.00331,-0.073223,0.9846520000000001,-0.158426,0.00309,-0.11093,0.015502000000000002,-9.499999999999999e-05,0.002866,-0.0006309999999999999
5183,-0.433283,-1.395443,-2.001407,-0.073246,0.984665,-0.158335,0.004157,-0.11093299999999999,0.015509,0.0018039999999999998,0.0053100000000000005,-0.001471
5184,-0.433856,-1.39574,-1.999628,-0.073213,0.984717,-0.158027,0.0009119999999999999,-0.119448,0.016566,0.0026260000000000003,0.01008,0.003257
5185,-0.433867,-1.395983,-1.99725,-0.073115,0.984759,-0.15780999999999998,0.003065,-0.114133,0.017643,0.006587000000000001,0.008893,0.0038179999999999998
5186,-0.43282200000000004,-1.3963079999999999,-1.9940380000000002,-0.07281599999999999,0.984815,-0.157596,0.002022,-0.10455899999999999,0.021897,0.011887,0.0051600000000000005,0.004626
5187,-0.431098,-1.397006,-1.9902380000000002,-0.072256,0.984936,-0.157096,-0.00011399999999999999,-0.101368,0.025084,0.00643,0.008548,0.0073620000000000005
5188,-0.430904,-1.39721,-1.9879939999999998,-0.072142,0.984972,-0.15692799999999998,-8e-05,-0.099216,0.019740999999999998,0.0063159999999999996,0.008513,0.007193000000000001
5189,-0.43274300000000004,-1.397438,-1.987925,-0.072336,0.9850110000000001,-0.156591,2e-05,-0.086395,0.010111,-0.005346,0.009801,0.004018
5190,-0.436346,-1.397918,-1.9899930000000001,-0.0727,0.985094,-0.155901,-0.005201,-0.070359,0.000439,-0.004647,0.010588,0.011125
5191,-0.439359,-1.398217,-1.9914599999999998,-0.07304400000000001,0.985145,-0.155414,-0.009503,-0.083106,-0.004915999999999999,-0.002426,0.010842000000000001,0.0076170000000000005
5192,-0.444184,-1.398599,-1.9946509999999997,-0.073632,0.9852110000000001,-0.15472,-0.016919,-0.076667,-0.010318,-0.006111,0.015186000000000002,0.005215
5193,-0.451013,-1.399007,-2.000265,-0.07451100000000001,0.985281,-0.153852,-0.025321,-0.054237,-0.017884,-0.009992000000000001,0.00944,0.004148
5194,-0.457354,-1.399318,-2.005465,-0.07535,0.985334,-0.153101,-0.028555,-0.066987,-0.023232,-0.01013,0.003604,0.0037479999999999996
5195,-0.46528,-1.399305,-2.0118,-0.076567,0.985331,-0.15250999999999998,-0.017953999999999998,-0.087243,-0.028475,-0.007462999999999999,-0.000133,-0.001695
5196,-0.47007200000000005,-1.398881,-2.014668,-0.077486,0.985259,-0.152515,-0.000925,-0.103424,-0.023971,0.004595,0.003556,-0.01138
5197,-0.47213999999999995,-1.398572,-2.0146889999999997,-0.07794,0.9852059999999999,-0.152626,0.004358,-0.10348900000000001,-0.012183,0.009062,0.003411,-0.010353
5198,-0.472743,-1.3985,-2.013227,-0.078064,0.985194,-0.152641,0.007490999999999999,-0.105682,0.000661,0.013106999999999999,0.001607,-0.0031969999999999998
5199,-0.465004,-1.399269,-2.003444,-0.076541,0.985325,-0.152564,0.010634000000000001,-0.103621,0.015641,0.024982,0.004711,-0.000421
5200,-0.46094300000000005,-1.399351,-1.997581,-0.07588500000000001,0.985339,-0.152801,0.01284,-0.08128300000000001,0.022039,0.023333,0.005109000000000001,-0.006012
5201,-0.45691899999999996,-1.399602,-1.992184,-0.07516,0.985382,-0.152883,0.006520000000000001,-0.06209,0.02304,0.017573,0.009384,0.006856
5202,-0.45417799999999997,-1.40026,-1.988262,-0.074456,0.9854940000000001,-0.152506,0.00018,-0.054585,0.016578,0.007745,0.009181,0.006631999999999999
5203,-0.454229,-1.400562,-1.9873869999999998,-0.074334,0.9855450000000001,-0.15223499999999998,-0.008235,-0.040655000000000004,0.0036829999999999996,0.002602,0.015172,0.0016769999999999999
5204,-0.455611,-1.4006370000000001,-1.9881529999999998,-0.07451100000000001,0.985558,-0.152066,-0.01022,-0.0258,-0.008033,-0.002546,0.00872,-0.0052369999999999995
5205,-0.45812600000000003,-1.400714,-1.99032,-0.07486,0.9855709999999999,-0.15181,-0.012253,-0.014032,-0.018744,0.0006259999999999999,0.009928,-0.000275
5206,-0.46160200000000007,-1.4009120000000002,-1.993732,-0.0753,0.985604,-0.151374,-0.021778,-0.001198,-0.0231,0.00037999999999999997,0.009177,0.002402
5207,-0.46511,-1.4013799999999998,-1.9973020000000001,-0.075624,0.985683,-0.150696,-0.02818,-0.00011499999999999999,-0.022077,0.0033280000000000002,0.011982,0.001557
5208,-0.467875,-1.401681,-2.000353,-0.075906,0.985734,-0.150222,-0.024874,0.021188,-0.024218,0.0031219999999999998,0.001037,-0.0029
5209,-0.47048,-1.401832,-2.003718,-0.07622999999999999,0.985759,-0.149891,-0.025858999999999997,0.03718,-0.026381,0.0040409999999999995,-0.000408,-0.005947
5210,-0.4732,-1.40191,-2.007134,-0.076602,0.985773,-0.149615,-0.024853999999999998,0.024388999999999997,-0.025289,-0.0020570000000000002,0.0041259999999999995,-0.003691
5211,-0.47797,-1.401824,-2.0121830000000003,-0.07735399999999999,0.985758,-0.149322,-0.018524000000000002,0.007326000000000001,-0.026292000000000003,-0.008537999999999999,0.006155,-0.003693
5212,-0.48195299999999996,-1.401702,-2.016207,-0.07800399999999999,0.9857379999999999,-0.14912,-0.011109,-0.004418,-0.026226,-0.007033,0.012447,-0.006352
5213,-0.484756,-1.401422,-2.018992,-0.07855,0.98569,-0.149145,-0.009999,0.00078,-0.022938,0.003355,0.0024230000000000002,-0.006266
5214,-0.485307,-1.401563,-2.019707,-0.078568,0.985714,-0.148979,-0.010023,0.0050030000000000005,-0.013328,0.008118,0.007908,0.00045
5215,-0.485311,-1.4020350000000001,-2.019805,-0.078351,0.9857940000000001,-0.148567,-0.01222,0.000712,-0.0037229999999999997,0.0075049999999999995,0.008698000000000001,0.005379
5216,-0.484784,-1.4024,-2.019256,-0.078105,0.9858549999999999,-0.148289,-0.008005,-0.001472,0.0059240000000000004,0.002971,0.003235,-0.001277
5217,-0.484717,-1.402427,-2.019329,-0.078083,0.985859,-0.14827100000000001,-0.011128,0.011340000000000001,0.0016129999999999999,-0.002636,0.009212,-0.007628
5218,-0.48562700000000003,-1.40234,-2.020426,-0.07825800000000001,0.9858450000000001,-0.148276,-0.007922,0.00815,-0.002634,-0.005818,0.007197,-0.003625
5219,-0.48743400000000003,-1.402285,-2.022351,-0.078551,0.985836,-0.14818199999999998,-0.00897,0.008171,-0.006915,-0.004869,0.004368,-0.0028640000000000002
5220,-0.489123,-1.4023809999999999,-2.0242720000000003,-0.07875599999999999,0.9858520000000001,-0.147965,-0.013218,0.009264,-0.010151,-0.000101,0.007541,0.000199
5221,-0.490277,-1.402616,-2.025445,-0.078819,0.985891,-0.147671,-0.011161,-0.004605,-0.006914,0.000343,0.009196,0.00082
5222,-0.49252299999999993,-1.402857,-2.027598,-0.079037,0.985931,-0.147284,-0.014343,-0.002454,-0.009076,-0.002628,0.008621,0.001852
5223,-0.49582200000000004,-1.4030049999999998,-2.031129,-0.079453,0.9859559999999999,-0.146894,-0.018482,0.017835,-0.017677000000000002,-0.005203,0.008078,0.000424
5224,-0.49961400000000006,-1.403262,-2.035362,-0.079888,0.985999,-0.146369,-0.02273,0.018928,-0.020913,-0.00225,0.0049369999999999995,0.002433
5225,-0.503471,-1.403433,-2.039533,-0.080371,0.9860270000000001,-0.145912,-0.022759,0.009353,-0.024106,-0.0020870000000000003,0.00941,-0.001396
5226,-0.50721,-1.403514,-2.043457,-0.080877,0.986041,-0.145541,-0.022764,0.008288,-0.024105,-0.003321,0.00665,-0.004178
5227,-0.511359,-1.403583,-2.047976,-0.081447,0.986052,-0.145145,-0.021644,0.020002000000000002,-0.024112,-0.002888,0.005386999999999999,-0.001888
5228,-0.514522,-1.403732,-2.051489,-0.081834,0.9860770000000001,-0.144759,-0.018511,0.010383,-0.018737,0.002076,0.006065,-0.001115
5229,-0.514332,-1.4037709999999999,-2.051439,-0.081787,0.986084,-0.144741,-0.00687,0.00283,-0.004758,0.006423999999999999,-0.000808,-0.007115000000000001
5230,-0.514256,-1.4038700000000002,-2.051359,-0.081728,0.9861,-0.14466199999999999,-0.001622,-0.003632,0.008105,0.005541,-0.000321,-0.008231
5231,-0.510155,-1.40392,-2.047047,-0.08111,0.986108,-0.144953,0.006827,-0.015409,0.015658000000000002,0.009256,0.004477,-0.0041259999999999995
5232,-0.506532,-1.404028,-2.043104,-0.08053300000000001,0.9861260000000001,-0.145152,0.008947,-0.014368,0.019944999999999997,0.010098000000000001,0.008472,-0.0032240000000000003
5233,-0.502167,-1.404387,-2.0385009999999997,-0.079728,0.986186,-0.14519300000000002,0.005784,-0.0047729999999999995,0.020981,0.009034,0.006978,0.0010890000000000001
5234,-0.49933299999999997,-1.404611,-2.03571,-0.07921,0.986223,-0.145224,0.002646,0.003782,0.015607,0.0048850000000000005,0.007658,0.005163
5235,-0.497802,-1.405051,-2.03419,-0.07878099999999999,0.986296,-0.144964,-0.001599,0.002757,0.009170000000000001,-0.002426,0.009249,-0.000437
5236,-0.49761000000000005,-1.4052120000000001,-2.0342,-0.078677,0.9863219999999999,-0.14483900000000002,-0.006852,0.016641999999999997,0.004843,-0.003415,0.008917,0.0009789999999999998
5237,-0.49801899999999993,-1.405278,-2.034944,-0.078705,0.986333,-0.14475,-0.006823,0.014544999999999999,-0.0037,-0.003692,0.008494,-0.001536
5238,-0.49929300000000004,-1.405385,-2.036466,-0.07883899999999999,0.986351,-0.144557,-0.0036369999999999996,0.011337999999999999,-0.003674,-0.000857,0.004601,-0.0013779999999999999
5239,-0.499411,-1.405426,-2.036849,-0.078837,0.9863569999999999,-0.144512,-0.0025800000000000003,0.013447999999999998,0.000603,-0.001318,0.007568999999999999,-0.00044699999999999997
5240,-0.498751,-1.405519,-2.0363439999999997,-0.078697,0.9863729999999999,-0.144483,-0.004785,0.003843,0.00701,0.001213,0.010072,-0.0039689999999999994
5241,-0.496758,-1.405748,-2.034536,-0.078302,0.98641,-0.14444200000000001,0.000597,0.018721,0.011302,0.001703,0.003214,-0.0016460000000000001
5242,-0.494458,-1.405812,-2.0327759999999997,-0.077939,0.9864209999999999,-0.144565,0.002774,0.029362,0.012372,0.0014470000000000002,0.001051,-0.002179
5243,-0.492104,-1.405899,-2.0308889999999997,-0.077558,0.9864350000000001,-0.144673,0.005921,0.018694,0.013475999999999998,0.002088,0.004364,0.000981
5244,-0.490943,-1.4059979999999999,-2.029925,-0.07734400000000001,0.986452,-0.144677,0.006978,0.013377000000000002,0.010284999999999999,-0.003833,0.005202,0.0018239999999999999
5245,-0.48959300000000006,-1.405977,-2.028946,-0.077159,0.986448,-0.1448,0.007064,0.027247000000000004,0.004927,-0.001027,0.006167,0.002206
5246,-0.48801700000000003,-1.406002,-2.0280259999999997,-0.076919,0.986452,-0.144899,0.0049689999999999995,0.032594,0.0017010000000000003,0.003127,0.003889,0.002382
5247,-0.487339,-1.40632,-2.027869,-0.076673,0.986504,-0.144674,0.004919,0.024063,0.003848,0.00041,0.008476000000000001,0.0024920000000000003
5248,-0.48661099999999996,-1.4063860000000001,-2.0276650000000003,-0.076538,0.9865149999999999,-0.144672,0.001757,0.030475,0.0016820000000000001,0.000869,0.003643,0.003986
5249,-0.48567899999999997,-1.4065239999999999,-2.027392,-0.076339,0.9865379999999999,-0.144623,0.0017800000000000001,0.033679,-0.000458,0.000717,0.004032,0.002014
5250,-0.484996,-1.406485,-2.027277,-0.07625900000000001,0.9865309999999999,-0.14470999999999998,0.001732,0.025149,0.001689,-0.002019,0.005275,-0.001638
5251,-0.48532700000000006,-1.406479,-2.028007,-0.076309,0.9865299999999999,-0.14469,0.002804,0.021966,-0.002573,-0.0017239999999999998,0.005749,0.002203
5252,-0.48468100000000003,-1.406499,-2.027772,-0.07620700000000001,0.986534,-0.14472100000000002,0.003846,0.016636,-0.002559,0.0038950000000000005,0.00599,0.000327
5253,-0.482951,-1.40652,-2.0263299999999997,-0.075946,0.9865370000000001,-0.144834,0.007031999999999999,0.015552000000000002,-0.000397,0.0054659999999999995,0.00472,-0.0012230000000000001
5254,-0.481296,-1.4064780000000001,-2.0251509999999997,-0.075726,0.9865299999999999,-0.14499700000000001,0.008142,0.027257999999999998,0.001732,0.005825,0.001675,0.001778
5255,-0.47934499999999997,-1.406448,-2.023634,-0.075456,0.986525,-0.14517,0.010213,0.017646000000000002,0.006032,0.003145,0.006288,0.002897
5256,-0.47683000000000003,-1.406321,-2.021353,-0.075148,0.986504,-0.14547100000000002,0.016562,0.01015,0.01036,0.000487,0.004981,-0.00434
5257,-0.47428400000000004,-1.406094,-2.019015,-0.07488,0.986467,-0.145861,0.018705,0.013334,0.011439,0.00018899999999999999,0.006758,-0.001462
5258,-0.472051,-1.405933,-2.017067,-0.074627,0.986441,-0.146169,0.014452000000000001,0.016544999999999997,0.011405,-0.001423,0.008951,0.002783
5259,-0.47181999999999996,-1.405995,-2.017033,-0.07456499999999999,0.986451,-0.14613199999999998,0.007012000000000001,0.005788000000000001,0.006145,-0.005117,0.009612,0.004591
5260,-0.47234799999999993,-1.405812,-2.017595,-0.074724,0.9864209999999999,-0.146253,0.007036,0.002627,-0.002397,-0.010008,0.010054,0.00028700000000000004
5261,-0.47610699999999995,-1.405625,-2.021498,-0.07535800000000001,0.98639,-0.146135,0.000715,0.013331,-0.009934,-0.006536,0.009231,0.00313
5262,-0.477383,-1.405675,-2.023158,-0.075522,0.986398,-0.145995,0.0007650000000000001,0.021821,-0.009917,-4e-05,0.009054000000000001,0.002227
5263,-0.477883,-1.405667,-2.024077,-0.075598,0.986397,-0.145964,-0.001397,0.017559,-0.007790000000000001,-0.000528,0.005072999999999999,-0.000139
5264,-0.47938000000000003,-1.405566,-2.025845,-0.075863,0.986381,-0.145939,0.0017739999999999998,0.011156000000000001,-0.007761,-0.0054670000000000005,0.004785,0.000859
5265,-0.48012,-1.405302,-2.0268189999999997,-0.07609099999999999,0.9863370000000001,-0.14611400000000002,0.006037,0.013259,-0.004529,-0.007573000000000001,0.004797999999999999,-0.003834
5266,-0.479706,-1.4050049999999998,-2.026618,-0.076166,0.9862879999999999,-0.146405,0.010270999999999999,0.010032,-0.000223,-0.00286,0.003275,-0.00455
5267,-0.478175,-1.404859,-2.025147,-0.076008,0.9862639999999999,-0.14665,0.010195000000000001,-0.002768,0.004065999999999999,0.002293,0.006670999999999999,-0.0029010000000000004
5268,-0.477308,-1.404801,-2.024069,-0.075907,0.9862540000000001,-0.146767,0.011189,-0.013446000000000001,0.009428,-0.001119,0.008863,0.002388
5269,-0.475984,-1.404723,-2.02262,-0.075748,0.986241,-0.14693599999999998,0.011257,0.001468,0.009409,-0.001813,0.005305,0.000192
5270,-0.474559,-1.404375,-2.021241,-0.075695,0.9861840000000001,-0.147349,0.013456999999999998,0.004591,0.008434,-0.0016820000000000001,0.003425,-0.004034
5271,-0.47330200000000006,-1.404093,-2.019965,-0.075637,0.986137,-0.14769100000000002,0.016625,-0.0039380000000000005,0.007398,-0.004335,0.005806,-0.003539
5272,-0.47279099999999996,-1.403727,-2.019212,-0.075725,0.9860760000000001,-0.148051,0.01231,-0.013515000000000001,0.008448,-0.005222,0.008659,-0.0033469999999999997
5273,-0.471455,-1.403532,-2.0175970000000003,-0.075615,0.986044,-0.148323,0.015525,-0.006086,0.012734,-0.0018690000000000002,0.007441,-0.002144
5274,-0.46857600000000005,-1.403318,-2.014911,-0.075283,0.986008,-0.148729,0.013478,0.015219,0.014828999999999998,0.001003,0.004012,-0.004607
5275,-0.46422399999999997,-1.403144,-2.01073,-0.074712,0.985979,-0.14920799999999998,0.015559,0.0056159999999999995,0.016993,0.004674,0.0070480000000000004,-0.004005
5276,-0.46104700000000004,-1.402945,-2.007564,-0.074325,0.9859459999999999,-0.149621,0.017669,0.002404,0.019148,-0.0024579999999999997,0.003403,-0.002769
5277,-0.45912200000000003,-1.4026370000000001,-2.005816,-0.074171,0.9858950000000001,-0.150036,0.014541,0.015211,0.015903999999999998,-0.0058,0.004599,-0.002827
5278,-0.457642,-1.402352,-2.0046,-0.074073,0.9858469999999999,-0.150398,0.011414,0.015228,0.009539,-0.005044,0.007455,-0.003365
5279,-0.45684300000000005,-1.402066,-2.004016,-0.074077,0.985799,-0.15070999999999998,0.009266,0.009918000000000001,0.007393,-0.003163,0.009226999999999999,-0.002855
5280,-0.45667299999999994,-1.402003,-2.003964,-0.07407899999999999,0.9857879999999999,-0.150778,0.003946,0.0067659999999999994,0.000951,-0.002627,0.008383,-0.001413
5281,-0.45702299999999996,-1.4017959999999998,-2.004465,-0.07422100000000001,0.9857530000000001,-0.15093399999999998,0.001827,0.0067870000000000005,-0.00227,-0.004543999999999999,0.0059759999999999995,-0.004629
5282,-0.457696,-1.4016979999999999,-2.005343,-0.074366,0.9857370000000001,-0.150972,-0.002397,0.012145,-0.006579000000000001,-0.0055130000000000005,0.007488,-0.001204
5283,-0.45987,-1.401584,-2.0077439999999998,-0.074744,0.985718,-0.15091,-0.00665,0.00899,-0.013015,-0.006448000000000001,0.007858,-0.002395
5284,-0.461241,-1.401561,-2.009436,-0.074961,0.985714,-0.150828,-0.0065969999999999996,0.019647,-0.014096000000000001,-0.001882,0.004933,-0.00144
5285,-0.462884,-1.401416,-2.0114810000000003,-0.075272,0.9856889999999999,-0.150832,-0.006611,0.016451,-0.014093000000000001,-0.001373,0.004301,-0.003464
5286,-0.46415500000000004,-1.401286,-2.013097,-0.075521,0.985668,-0.150851,-0.006576,0.015347,-0.011888,-0.0034729999999999995,0.0076489999999999995,-0.001111
5287,-0.465228,-1.401316,-2.014551,-0.07567,0.9856729999999999,-0.15074400000000002,-0.006567,0.0196,-0.009757,-0.003325,0.007644,-0.001219
5288,-0.466437,-1.401259,-2.016136,-0.075877,0.985663,-0.150702,-0.004461,0.016384,-0.006533,-0.0033770000000000002,0.007287999999999999,-0.002908
5289,-0.46695600000000004,-1.401102,-2.016868,-0.076025,0.9856360000000001,-0.150801,-0.0013130000000000001,0.008898999999999999,-0.002229,-0.002604,0.005651,-0.004335
5290,-0.466549,-1.4011040000000001,-2.016706,-0.075963,0.9856370000000001,-0.150831,0.00084,0.017397,0.002048,-0.002665,0.005651,-0.004306
5291,-0.46569399999999994,-1.401068,-2.016233,-0.07585,0.9856309999999999,-0.150927,0.0029690000000000003,0.018446,0.0041979999999999995,0.001234,0.005794,-0.001584
5292,-0.46509700000000004,-1.401023,-2.016012,-0.07578,0.9856229999999999,-0.15101199999999998,0.001902,0.020572,0.006324000000000001,-0.006023,0.005664,0.0011710000000000002
5293,-0.46501400000000004,-1.40104,-2.016311,-0.07576000000000001,0.985626,-0.151003,-0.000242,0.017388,0.0052439999999999995,-0.006379,0.0077670000000000005,0.000872
5294,-0.465292,-1.400989,-2.0168369999999998,-0.075824,0.985617,-0.151027,0.001923,0.012006000000000001,0.002116,-0.007871,0.008447,1e-05
5295,-0.46902299999999997,-1.400889,-2.020787,-0.076432,0.9856,-0.150831,-0.000174,0.016291,-0.002179,-0.009064000000000001,0.008983,0.0030800000000000003
5296,-0.470341,-1.4009530000000001,-2.022456,-0.076602,0.985611,-0.150674,-0.00336,0.017376,-0.00434,-0.006253,0.009704,0.003457
5297,-0.471351,-1.401051,-2.023755,-0.07671,0.9856280000000001,-0.15050999999999998,-0.008714,0.014195,-0.0033049999999999998,-0.002147,0.010405,0.002241
5298,-0.47268000000000004,-1.401233,-2.025362,-0.076828,0.9856590000000001,-0.150248,-0.011918999999999999,0.013141,-0.003326,-0.00206,0.006712,0.001307
5299,-0.47335600000000005,-1.4014950000000002,-2.026261,-0.076812,0.9857030000000001,-0.14996700000000002,-0.006595,0.008870000000000001,-0.00542,0.002136,0.005874,0.003757
5300,-0.47493,-1.401607,-2.028003,-0.076998,0.985722,-0.149748,-0.008734,0.007812,-0.0054340000000000005,-0.00456,0.007015,-0.000124
5301,-0.47866000000000003,-1.4016899999999999,-2.031898,-0.07751799999999999,0.985735,-0.149387,-0.011911,0.011028,-0.007598000000000001,-0.010556,0.010602,0.0011480000000000001
5302,-0.48088400000000003,-1.401812,-2.0344450000000003,-0.077794,0.985756,-0.149107,-0.009725,0.016372,-0.013999000000000001,-0.003886,0.004539,0.0019809999999999997
5303,-0.48244799999999993,-1.4021370000000002,-2.036334,-0.07787899999999999,0.9858110000000001,-0.148702,-0.010771,0.012036,-0.013940000000000001,0.003355,0.00511,0.00504
5304,-0.484601,-1.402404,-2.038573,-0.07807599999999999,0.985856,-0.1483,-0.015111000000000001,-0.0018059999999999999,-0.011816,-0.001041,0.013259,0.001725
5305,-0.486041,-1.402543,-2.039877,-0.078226,0.9858790000000001,-0.148067,-0.011958,-0.008226,-0.007513,0.001565,0.011726,-0.002797
5306,-0.48618999999999996,-1.402513,-2.040092,-0.078262,0.985874,-0.148082,-0.005499,0.008779,-0.0032170000000000002,0.0032340000000000003,0.0027129999999999997,-0.006673
5307,-0.48268599999999995,-1.402319,-2.036837,-0.077831,0.985841,-0.148524,0.005123,0.007639,0.006474,0.008434,-0.001634,-0.008320999999999999
5308,-0.477529,-1.402284,-2.0316810000000003,-0.07708,0.985835,-0.148955,0.009267000000000001,-0.006279,0.020409,0.007821,0.001256,-0.005068
5309,-0.473558,-1.402382,-2.02738,-0.07644400000000001,0.9858520000000001,-0.149173,0.013466999999999998,-0.014842,0.026860000000000002,0.001248,0.007877,-0.001233
5310,-0.47041700000000003,-1.40236,-2.0241290000000003,-0.075985,0.985848,-0.14943199999999998,0.014657,0.002152,0.021544999999999998,-0.001667,0.008689,0.000567
5311,-0.467739,-1.402364,-2.021467,-0.07558200000000001,0.985849,-0.149631,0.012528000000000001,0.001103,0.019395,-0.001459,0.009604000000000001,0.001895
5312,-0.464505,-1.402531,-2.018239,-0.07502400000000001,0.985877,-0.149728,0.006146,0.002204,0.016145,0.00375,0.00863,0.002389
5313,-0.462462,-1.402635,-2.016205,-0.074672,0.985894,-0.149789,0.0061600000000000005,0.003278,0.014008000000000001,0.0020859999999999997,0.006217,0.002114
5314,-0.460783,-1.402667,-2.014584,-0.074407,0.9859,-0.149886,0.0072510000000000005,0.005417,0.010808,-0.001032,0.006593000000000001,-0.0033729999999999997
5315,-0.459512,-1.402509,-2.013299,-0.074286,0.985873,-0.15012,0.007213,-0.0041659999999999996,0.009752,-0.0026030000000000003,0.006726,-0.003643
5316,-0.458104,-1.402449,-2.0116709999999998,-0.0741,0.9858629999999999,-0.150277,0.0050409999999999995,-0.01268,0.009747,-0.000256,0.007056999999999999,-0.00286
5317,-0.45701899999999995,-1.402441,-2.010157,-0.07394099999999999,0.9858620000000001,-0.150365,0.004988,-0.024398,0.009762,0.000592,0.007852,-0.001994
5318,-0.456321,-1.402552,-2.008897,-0.073787,0.98588,-0.150318,0.003921,-0.029785000000000002,0.007645,0.0012779999999999998,0.007681,0.000202
5319,-0.45483500000000004,-1.402558,-2.006843,-0.073561,0.9858809999999999,-0.150422,0.003921,-0.027662,0.009779000000000001,0.005751,0.003865,-0.002318
5320,-0.452154,-1.402595,-2.003557,-0.073142,0.9858879999999999,-0.150586,0.002836,-0.03298,0.008711,0.004935,0.007109000000000001,-0.003894
5321,-0.45223199999999997,-1.402859,-2.002996,-0.07304,0.9859319999999999,-0.150346,-0.001375,-0.027608999999999998,0.001198,0.0008960000000000001,0.011551,0.00464
5322,-0.454741,-1.402944,-2.00524,-0.07338,0.9859459999999999,-0.150088,-0.008709,-0.0062439999999999996,-0.007428,-0.007293000000000001,0.008836,0.0014060000000000001
5323,-0.45841899999999997,-1.402911,-2.008824,-0.073946,0.9859399999999999,-0.149846,-0.011867,-0.007254999999999999,-0.018131,-0.005536999999999999,0.007315,-0.000331
5324,-0.461631,-1.402902,-2.011731,-0.074431,0.9859389999999999,-0.149615,-0.009786,-0.020041,-0.019169,0.00045599999999999997,0.005455,-0.001538
5325,-0.46381000000000006,-1.402892,-2.013641,-0.07476100000000001,0.9859370000000001,-0.14946199999999998,-0.008695,-0.012596,-0.017034,0.001778,0.003244,-0.002455
5326,-0.46576300000000004,-1.40289,-2.015356,-0.075054,0.9859370000000001,-0.149317,-0.007651000000000001,-0.016963,-0.013781999999999999,0.0006519999999999999,0.003397,-0.0018510000000000002
5327,-0.467263,-1.4028909999999999,-2.016449,-0.075277,0.9859370000000001,-0.149203,-0.002379,-0.022341999999999997,-0.005193,-0.001215,0.006906999999999999,-0.0014470000000000002
5328,-0.468184,-1.4027459999999998,-2.016966,-0.07547899999999999,0.9859129999999999,-0.14926099999999998,-0.002388,-0.021289,-0.00199,-0.002921,0.008182,-0.004609
5329,-0.468624,-1.402775,-2.016852,-0.075532,0.9859180000000001,-0.149203,0.000746,-0.030909,0.003386,0.002106,0.009642,-0.0035840000000000004
5330,-0.468235,-1.402743,-2.015895,-0.075488,0.9859120000000001,-0.14926,-0.000302,-0.026644,0.0033729999999999997,0.00011,0.0026739999999999997,-0.000505
5331,-0.4689,-1.40286,-2.016075,-0.075535,0.9859319999999999,-0.149107,-0.002402,-0.021301,0.001215,-0.0009720000000000001,0.00505,0.0032329999999999998
5332,-0.470038,-1.403093,-2.016879,-0.075601,0.9859709999999999,-0.148816,-0.006626999999999999,-0.014882,-0.002027,-0.00018999999999999998,0.008048,0.0021030000000000003
5333,-0.47076899999999994,-1.403268,-2.017389,-0.07563099999999999,0.986,-0.148607,-0.006603,-0.008494,-0.000967,-0.0015789999999999999,0.009406999999999999,-0.000258
5334,-0.472821,-1.4033149999999999,-2.019417,-0.075915,0.986008,-0.148411,-0.008675,0.003143,-0.0020350000000000004,-0.007383,0.004684000000000001,0.001224
5335,-0.47506800000000005,-1.4034229999999999,-2.021648,-0.076199,0.9860260000000001,-0.148145,-0.008694,-0.006423000000000001,-0.007365000000000001,-0.007388,0.006925,0.0018280000000000002
5336,-0.47803999999999996,-1.403441,-2.024387,-0.07663099999999999,0.986029,-0.147901,-0.009771,-0.012794,-0.011637999999999999,-0.014601,0.01127,0.002058
5337,-0.483993,-1.403247,-2.030073,-0.0776,0.9859959999999999,-0.14761300000000002,-0.015086000000000002,-0.011696999999999999,-0.014883,-0.013221,0.011959000000000001,-0.003144
5338,-0.48696000000000006,-1.4034280000000001,-2.032955,-0.077954,0.9860270000000001,-0.147224,-0.011847,-0.001064,-0.012738,-0.003101,0.005032,0.003822
5339,-0.48883000000000004,-1.403769,-2.034951,-0.078071,0.986083,-0.146781,-0.009705,0.007425,-0.006324000000000001,0.003058,0.003617,0.003684
5340,-0.488788,-1.403926,-2.034985,-0.07799199999999999,0.986109,-0.146648,-0.0087,-0.002183,-0.002031,0.001225,0.00292,-0.001134
5341,-0.489845,-1.404009,-2.035917,-0.07810800000000001,0.986123,-0.146493,-0.002323,-0.0043479999999999994,0.00122,-0.004625,0.002768,0.000802
5342,-0.49236800000000003,-1.4038760000000001,-2.038487,-0.07854,0.986101,-0.14641099999999999,-0.002262,0.006208,0.000166,-0.009427,0.005079,0.00021600000000000002
5343,-0.494255,-1.404043,-2.04045,-0.078738,0.986129,-0.146117,-0.003353,0.003008,0.002298,-0.002668,0.006135,0.005691
5344,-0.49408500000000005,-1.404306,-2.040238,-0.07859,0.9861719999999999,-0.145902,-0.003425,-0.007666,0.007653,0.0013039999999999998,0.010089,0.004514
5345,-0.494828,-1.404642,-2.040772,-0.078541,0.9862280000000001,-0.145553,-0.002374,-0.008743,0.009797,-0.004222999999999999,0.008065000000000001,0.0034020000000000005
5346,-0.49554,-1.404767,-2.041465,-0.078586,0.9862489999999999,-0.14538800000000002,-0.001236,0.006171,0.008717,-0.006833,0.007006999999999999,0.000933
5347,-0.496252,-1.404839,-2.0423869999999997,-0.07865599999999999,0.986261,-0.145269,-0.002245,0.014713999999999998,0.004425999999999999,-0.009951999999999999,0.007697,0.002768
5348,-0.497126,-1.404834,-2.043524,-0.07878500000000001,0.98626,-0.145205,-0.003312,0.010473999999999999,0.00015,-0.004253,0.00634,-0.002149
5349,-0.49737200000000004,-1.40475,-2.043831,-0.07886,0.986246,-0.145258,-0.005445,-0.000129,-0.010533,0.001361,-0.000177,-0.003713
5350,-0.49884399999999995,-1.40462,-2.0453810000000003,-0.079135,0.986224,-0.145255,-0.00965,0.004186,-0.020182,0.0018800000000000002,0.00256,-0.00657
5351,-0.500004,-1.4042860000000001,-2.046669,-0.079462,0.9861690000000001,-0.145452,-0.012847999999999998,0.0009,-0.022313,0.003351,0.006369,-0.007914000000000001
5352,-0.500456,-1.4041860000000002,-2.047073,-0.079574,0.9861530000000001,-0.145502,-0.012938,-0.012974000000000001,-0.015886,0.0050810000000000004,0.008246999999999999,-0.00881
5353,-0.502204,-1.404012,-2.048205,-0.079912,0.986124,-0.145514,-0.010966,-0.042834,-0.009424,-0.000304,0.001212,-0.0068
5354,-0.503402,-1.404012,-2.0485029999999997,-0.080086,0.986124,-0.14541800000000002,0.001784,-0.045048000000000005,0.00028199999999999997,0.0017929999999999999,0.0017460000000000002,0.0014060000000000001
5355,-0.50238,-1.4042139999999999,-2.0464599999999997,-0.079841,0.986157,-0.145325,0.014399,-0.054807,0.032429,-0.002037,0.025745,0.0038759999999999997
5356,-0.49995100000000003,-1.404669,-2.0426040000000003,-0.079273,0.986233,-0.145125,0.023778,-0.063525,0.07309700000000001,-0.013271999999999999,0.009602,0.0119
5357,-0.493972,-1.4051879999999999,-2.035469,-0.07816100000000001,0.986318,-0.145145,0.036646,-0.039108,0.082768,-0.004801,-0.005529,0.014591
5358,-0.48385200000000006,-1.405812,-2.024477,-0.076402,0.9864209999999999,-0.14538399999999999,0.043044,-0.038153,0.084963,0.00969,-0.001756,0.024016
5359,-0.47334,-1.4063450000000002,-2.012917,-0.07463,0.9865079999999999,-0.14571099999999998,0.046195,-0.047756,0.086066,0.007644,0.0027949999999999997,0.024328
5360,-0.466149,-1.406615,-2.004604,-0.07346,0.9865520000000001,-0.146006,0.045203,-0.040257,0.076435,-0.012065000000000001,0.008244,0.009547
5361,-0.46041899999999997,-1.406578,-1.998317,-0.072639,0.9865459999999999,-0.146458,0.033716,-0.007103,0.053877999999999995,-0.017693,0.014597999999999998,0.010639000000000001
5362,-0.457222,-1.406541,-1.995066,-0.072186,0.98654,-0.146722,0.021071,0.0026309999999999997,0.028138999999999997,-0.015109000000000001,0.015931999999999998,0.009988
5363,-0.46099300000000004,-1.4066239999999999,-1.9984939999999998,-0.072703,0.986554,-0.146375,0.0104,-0.018552000000000003,0.006725,-0.018591,0.01778,0.010908
5364,-0.463128,-1.40638,-2.0002299999999997,-0.073122,0.9865139999999999,-0.14643499999999998,0.001961,-0.014193,-0.010431999999999999,-0.012937,0.007993,-0.0011480000000000001
5365,-0.464904,-1.406013,-2.001982,-0.073545,0.986454,-0.146628,-0.003252,0.001847,-0.021172,0.003522,0.00671,-0.007318000000000001
5366,-0.46241000000000004,-1.406102,-1.999622,-0.073139,0.986469,-0.146733,-0.003276,-0.002462,-0.019014,0.020146,0.005719,-0.002666
5367,-0.45825200000000005,-1.406039,-1.995322,-0.072556,0.986458,-0.147091,0.003026,-0.017427,-0.011470999999999999,0.01825,-0.000695,-0.011738
5368,-0.454797,-1.405594,-1.991602,-0.072241,0.9863850000000001,-0.14773599999999998,0.0009140000000000001,-0.016341,-0.014688999999999999,0.011755,0.00417,-0.013519
5369,-0.4523,-1.4054200000000001,-1.989075,-0.07194600000000001,0.9863559999999999,-0.148069,-0.00218,0.000741,-0.02114,0.017869,0.004122,-0.006182
5370,-0.450007,-1.405532,-1.9871349999999999,-0.071559,0.986375,-0.148135,-0.00316,0.017797999999999998,-0.023302,0.018656,0.004439,-0.001905
5371,-0.448647,-1.405502,-1.986268,-0.07137,0.9863700000000001,-0.148259,-0.0063549999999999995,0.022058,-0.020123,0.010716,0.006458,-0.006923
5372,-0.449708,-1.40535,-1.9877169999999997,-0.07159199999999999,0.986345,-0.148318,-0.006408,0.011401,-0.019041,0.005156,0.004973,-0.00932
5373,-0.450625,-1.404699,-1.988725,-0.072008,0.986238,-0.14883,0.002048,-0.0035549999999999996,-0.015759,-0.002089,0.006179,-0.013203
5374,-0.45172399999999996,-1.404213,-1.989587,-0.072381,0.986157,-0.14918199999999998,0.00626,-0.017472,-0.015697,-0.0013650000000000001,0.004978,-0.012012
5375,-0.45306899999999994,-1.4037709999999999,-1.9904669999999998,-0.072772,0.986084,-0.149477,0.003031,-0.027035000000000003,-0.018912,0.001498,0.008834999999999999,-0.011595000000000001
5376,-0.455743,-1.403757,-1.992652,-0.07317799999999999,0.986081,-0.149294,-0.005494,-0.024874,-0.018974,0.001797,0.0076170000000000005,0.001634
5377,-0.458178,-1.4036879999999998,-1.994703,-0.073571,0.9860700000000001,-0.149176,-0.004403,-0.016368999999999998,-0.015773,0.0021899999999999997,0.007628,0.001517
5378,-0.459262,-1.403661,-1.995583,-0.073744,0.986065,-0.14912,0.0009449999999999999,-0.008947,-0.011472,0.005721,0.005359,-0.0014529999999999999
5379,-0.45898100000000003,-1.403698,-1.9952599999999998,-0.073686,0.9860709999999999,-0.149108,0.000964,-0.003625,-0.010409,0.002367,0.008527,0.0008849999999999999
5380,-0.460732,-1.4037620000000002,-1.996832,-0.073919,0.986082,-0.148922,-0.004413,-0.013193,-0.010435,-0.0012460000000000001,0.011064000000000001,0.003201
5381,-0.462841,-1.403728,-1.9987139999999999,-0.07424800000000001,0.9860770000000001,-0.148796,-0.0033229999999999996,-0.008931999999999999,-0.011501,-0.003282,0.008964,0.000938
5382,-0.46570600000000006,-1.403683,-2.00149,-0.07469400000000001,0.9860690000000001,-0.148623,-0.004358,-0.00471,-0.011501,-0.001584,0.003525,0.000338
5383,-0.467268,-1.403738,-2.002904,-0.074902,0.986078,-0.148457,-0.0012,-0.010065000000000001,-0.007199,-0.001056,0.004522,0.002706
5384,-0.468292,-1.403774,-2.003779,-0.075038,0.986084,-0.148349,-0.002263,-0.008995999999999999,-0.007208,0.000346,0.005325,0.001315
5385,-0.470966,-1.403656,-2.006196,-0.075487,0.986065,-0.148251,-0.0033490000000000004,-0.016436000000000003,-0.010411,-0.013715999999999999,0.0089,-0.004169
5386,-0.474446,-1.403384,-2.0092830000000004,-0.076125,0.9860190000000001,-0.148226,-0.0033490000000000004,-0.021741,-0.015747,-0.012651,0.009113,-0.0034920000000000003
5387,-0.47978999999999994,-1.403119,-2.0140700000000002,-0.077037,0.985975,-0.14804900000000001,-0.004454,-0.032381,-0.017879,-0.008947,0.008303,0.0014730000000000001
5388,-0.48312299999999997,-1.403051,-2.0167080000000004,-0.077561,0.985964,-0.147851,-0.004478,-0.038769,-0.018938999999999998,-0.00235,0.006758,-0.001106
5389,-0.48639799999999994,-1.402875,-2.0192099999999997,-0.078126,0.985934,-0.14775,-0.003421,-0.039842,-0.017862,-0.0013880000000000001,0.0035979999999999996,-0.002656
5390,-0.48867299999999997,-1.402924,-2.020835,-0.078439,0.985943,-0.147528,-0.004422,-0.028142,-0.017878,0.002221,0.0022170000000000002,0.000983
5391,-0.49047700000000005,-1.402939,-2.022259,-0.078698,0.9859450000000001,-0.147374,-0.004403,-0.020697999999999998,-0.014681999999999999,0.002175,0.004656,-0.00117
5392,-0.49318999999999996,-1.402965,-2.024422,-0.079085,0.985949,-0.147137,-0.00339,-0.029236,-0.01146,-0.0012369999999999998,0.008191,0.001126
5393,-0.49566099999999996,-1.402795,-2.026354,-0.079528,0.9859209999999999,-0.147089,-0.000165,-0.024982,-0.012511,-0.0054329999999999995,0.006358,-0.001425
5394,-0.498889,-1.402633,-2.029123,-0.080079,0.985894,-0.146972,-0.001218,-0.023903999999999998,-0.014657,-0.0035689999999999997,0.009162,0.001449
5395,-0.501247,-1.402521,-2.030998,-0.080478,0.985875,-0.146879,-0.001247,-0.027112999999999998,-0.011448,-0.002575,0.007731,-4.8e-05
5396,-0.502724,-1.40245,-2.031972,-0.080729,0.9858629999999999,-0.146821,-0.001266,-0.02713,-0.007176,0.00059,0.00225,-0.001113
5397,-0.502618,-1.402321,-2.0312650000000003,-0.080775,0.985842,-0.14694100000000002,0.00294,-0.035688,-0.001794,0.002222,0.003752,-0.003632
5398,-0.502497,-1.402232,-2.030394,-0.080799,0.985827,-0.147028,0.0071920000000000005,-0.034658999999999995,0.0035619999999999996,0.002064,0.006451999999999999,-0.001104
5399,-0.501677,-1.402039,-2.028953,-0.08077000000000001,0.9857940000000001,-0.147261,0.011474,-0.027233999999999998,0.007855,-0.000666,0.010345,-0.004442
5400,-0.49745500000000004,-1.40185,-2.024295,-0.080237,0.985762,-0.147765,0.015733,-0.020891,0.016424,0.008536,0.004396,-0.001893
5401,-0.49316800000000005,-1.4017540000000002,-2.019549,-0.07964700000000001,0.9857459999999999,-0.14819100000000002,0.021029,-0.020943,0.025006999999999998,0.009014,0.004275,-0.0027329999999999998
5402,-0.48805600000000005,-1.401642,-2.013962,-0.07894,0.985727,-0.14869300000000002,0.024182,-0.02418,0.032511,0.007529000000000001,0.00144,-0.0031320000000000002
5403,-0.483018,-1.401235,-2.008207,-0.078377,0.9856590000000001,-0.149445,0.026244999999999997,-0.038044,0.03468,-0.00454,0.004209,-0.003403
5404,-0.479813,-1.401091,-2.004083,-0.077963,0.985635,-0.149821,0.025172999999999997,-0.045472000000000005,0.028272000000000002,-0.0034579999999999997,0.006492,0.0017649999999999999
5405,-0.477404,-1.400982,-2.000798,-0.077651,0.9856159999999999,-0.150104,0.020996,-0.033705,0.019681999999999998,-0.0014349999999999999,0.008372,0.004397
5406,-0.472366,-1.4015600000000001,-1.9954349999999998,-0.07663500000000001,0.985714,-0.14998599999999998,0.015802,-0.004894,0.016390000000000002,0.012639,0.005954999999999999,0.003959000000000001
5407,-0.46870200000000006,-1.401673,-1.9918080000000002,-0.076034,0.985733,-0.15016600000000002,0.011563,0.002573,0.017419,0.009506,0.00499,0.00385
5408,-0.46716599999999997,-1.401749,-1.990274,-0.07577,0.9857459999999999,-0.15021600000000002,0.002009,0.003711,0.007737000000000001,-0.000799,0.005404,0.002938
5409,-0.47396099999999997,-1.4016790000000001,-1.997373,-0.07682,0.985734,-0.149759,-0.006312,0.031518,-0.012656,-0.016380000000000002,0.017547,0.00506
5410,-0.478796,-1.401757,-2.0032360000000002,-0.07750800000000001,0.9857469999999999,-0.149318,-0.022105,0.057225,-0.034165,-0.015159,0.016939,0.007243
5411,-0.485306,-1.401916,-2.01079,-0.07840499999999999,0.9857739999999999,-0.148671,-0.026392000000000002,0.042369,-0.044858999999999996,-0.011193999999999999,0.015768,0.007802
5412,-0.49541599999999997,-1.402177,-2.021636,-0.079782,0.985817,-0.147645,-0.029613,0.034936,-0.048077999999999996,-0.009802,0.007789,0.001999
5413,-0.5025229999999999,-1.402012,-2.029794,-0.08090800000000001,0.9857899999999999,-0.147216,-0.028431,0.060499000000000004,-0.048104,-0.008494,0.005665,-0.0028079999999999997
5414,-0.508958,-1.402132,-2.037805,-0.081795,0.9858100000000001,-0.146589,-0.028356,0.079701,-0.047077999999999995,-0.003425,0.006591,0.004499
5415,-0.513397,-1.402436,-2.043948,-0.082298,0.9858610000000001,-0.145963,-0.024118,0.077539,-0.042772000000000004,0.00486,0.005457,0.00427
5416,-0.515985,-1.402566,-2.048084,-0.082612,0.985883,-0.14563800000000002,-0.018869999999999998,0.071078,-0.029907999999999997,0.008394,-0.00010400000000000001,0.002954
5417,-0.516763,-1.4030209999999999,-2.050239,-0.082504,0.985959,-0.14518399999999998,-0.013642,0.061416,-0.015971,0.001831,0.005069,0.003872
5418,-0.5189020000000001,-1.4031280000000002,-2.053443,-0.082762,0.985977,-0.14491500000000002,-0.004161,0.048544,-0.002003,-0.009859,0.010315000000000001,0.004016
5419,-0.518613,-1.403158,-2.054055,-0.08270599999999999,0.985982,-0.14491400000000002,0.006464,0.048469,0.007684999999999999,-0.009168,0.011608,0.004854
5420,-0.516454,-1.403508,-2.053129,-0.082222,0.9860399999999999,-0.144792,0.008662999999999999,0.071863,0.016216,0.005776,-0.000536,0.0073560000000000006
5421,-0.511321,-1.4039840000000001,-2.049462,-0.081248,0.9861190000000001,-0.144803,0.006481000000000001,0.06970599999999999,0.024751,0.0067090000000000006,0.0010630000000000001,0.004696
5422,-0.507041,-1.404141,-2.046281,-0.080552,0.986145,-0.145014,0.0096,0.051585,0.024796000000000002,0.000612,0.0052640000000000004,0.002222
5423,-0.506971,-1.40371,-2.04715,-0.080749,0.986074,-0.145392,0.008575,0.052742,0.01516,-0.017838,0.004527000000000001,-0.0049689999999999995
5424,-0.5069859999999999,-1.40315,-2.048309,-0.08101900000000001,0.98598,-0.145873,0.007609,0.061323,0.001253,-0.012578,0.002362,-0.005815
5425,-0.5069779999999999,-1.4028120000000002,-2.049408,-0.08118,0.985924,-0.14616500000000002,0.0076,0.050705,-0.00728,-0.011975,0.0037310000000000004,-0.0034170000000000003
5426,-0.509324,-1.4023379999999999,-2.0526869999999997,-0.08175,0.985844,-0.14638199999999998,0.001233,0.048635000000000005,-0.016937,-0.007285,0.012095999999999999,-0.002345
5427,-0.511274,-1.401891,-2.0558650000000003,-0.082251,0.985769,-0.146607,-0.003967,0.064688,-0.030882,-0.00303,0.010004,-0.004211
5428,-0.514001,-1.4016440000000001,-2.060073,-0.08277000000000001,0.985728,-0.146594,-0.009224,0.07538500000000001,-0.037342,-0.002007,0.010334999999999999,-0.003247
5429,-0.515943,-1.401143,-2.063725,-0.083299,0.985643,-0.14686300000000002,-0.013433,0.087122,-0.038454,-0.001265,0.006453,-0.007922
5430,-0.517908,-1.400992,-2.067671,-0.083661,0.985618,-0.146828,-0.014472,0.096741,-0.036338,0.00198,0.010674,-0.003746
5431,-0.5200060000000001,-1.40078,-2.0718389999999998,-0.084073,0.985582,-0.146834,-0.005922,0.10521199999999999,-0.030949,-0.0038640000000000002,0.0060409999999999995,-0.000398
5432,-0.5229239999999999,-1.4005049999999999,-2.076977,-0.084635,0.9855360000000001,-0.146822,-0.005908,0.11371300000000001,-0.02562,-0.012258,0.0019370000000000001,0.001848
5433,-0.527172,-1.400159,-2.083399,-0.08542999999999999,0.985477,-0.146756,-0.007019,0.103068,-0.026683999999999996,-0.017475,0.0048649999999999995,0.0017519999999999999
5434,-0.532239,-1.399741,-2.090389,-0.086382,0.985406,-0.146676,-0.00279,0.09347000000000001,-0.027712999999999998,-0.018872999999999997,0.003944,0.0031219999999999998
5435,-0.535184,-1.399408,-2.095056,-0.08698099999999999,0.985349,-0.146703,-0.004991,0.079624,-0.026644,-0.020212,0.005603,0.007558
5436,-0.541285,-1.399258,-2.102553,-0.08795,0.985323,-0.146297,-0.011437000000000001,0.066876,-0.029879000000000003,-0.012468,0.012861000000000001,0.008281
5437,-0.544728,-1.399119,-2.107307,-0.088525,0.9853,-0.14611,-0.006137,0.060462,-0.028766000000000003,-0.009512999999999999,0.009085,0.005516
5438,-0.5480229999999999,-1.399041,-2.1117310000000002,-0.089045,0.9852860000000001,-0.14588299999999998,-0.009408,0.052027,-0.024507,-0.00884,0.006154,0.007455
5439,-0.553752,-1.398983,-2.118445,-0.08991,0.985276,-0.145419,-0.008366,0.047758,-0.023428,-0.009974,0.008086,0.005618
5440,-0.557475,-1.398832,-2.1231709999999997,-0.090529,0.985251,-0.14520999999999998,-0.009405,0.049908999999999995,-0.027712,-0.012712000000000001,0.007608,0.005638000000000001
5441,-0.561841,-1.398662,-2.128477,-0.091252,0.9852209999999999,-0.144955,-0.013692,0.041419,-0.032005,-0.012844,0.007012000000000001,0.004208
5442,-0.569078,-1.398226,-2.136427,-0.09253,0.9851469999999999,-0.144653,-0.009463,0.032882,-0.031967,-0.009689,0.0038369999999999997,-0.000687
5443,-0.57177,-1.3980549999999998,-2.139842,-0.09301,0.985117,-0.144544,-0.008411,0.036048000000000004,-0.025554,-0.009209,0.0038659999999999996,-0.000796
5444,-0.575291,-1.397886,-2.1442069999999998,-0.093609,0.985088,-0.14435599999999998,-0.010535,0.04243,-0.021305,-0.00481,0.006977,0.0035479999999999995
5445,-0.577256,-1.397731,-2.1467400000000003,-0.093975,0.9850620000000001,-0.144299,-0.002154,0.014678,-0.014802000000000001,-0.0008880000000000001,0.003433,-0.002856
5446,-0.577619,-1.397443,-2.147322,-0.094183,0.9850120000000001,-0.144503,0.0042,0.013668000000000001,-0.008343000000000001,-0.001749,0.001347,-0.005598
5447,-0.57717,-1.397218,-2.147438,-0.094239,0.984973,-0.144731,0.004272,0.034952,-0.003029,0.000352,0.002667,-0.0007610000000000001
5448,-0.574874,-1.3971719999999999,-2.1456619999999997,-0.093931,0.984965,-0.144985,0.010544,0.017838999999999997,0.008787,0.002012,0.004903,1.2e-05
5449,-0.571815,-1.397108,-2.142893,-0.093521,0.9849540000000001,-0.145325,0.015844999999999998,0.019913,0.018436,0.0019379999999999998,0.005906000000000001,-0.002777
5450,-0.566595,-1.396989,-2.138215,-0.092824,0.984933,-0.14590999999999998,0.020132,0.031586,0.025929,0.003728,0.00762,-0.0035960000000000002
5451,-0.5592050000000001,-1.3972229999999999,-2.1312990000000003,-0.09162100000000001,0.984974,-0.146397,0.023242,0.019823,0.034513,0.009163,0.006359,0.003193
5452,-0.554162,-1.397309,-2.1264950000000002,-0.090837,0.9849889999999999,-0.146784,0.021084000000000002,0.015566,0.035572,-9e-05,0.005337,0.0032909999999999997
5453,-0.55133,-1.397312,-2.124022,-0.09042,0.9849889999999999,-0.147039,0.014793,0.024174,0.019493,-0.016727000000000002,0.008602,0.004034
5454,-0.5537270000000001,-1.397026,-2.126948,-0.09092,0.9849399999999999,-0.147061,0.010620000000000001,0.033862,0.005573,-0.019172,0.012558,0.005582
5455,-0.55478,-1.3969479999999999,-2.128674,-0.091115,0.984926,-0.147031,0.002123,0.033926,-0.0030329999999999997,-0.013865,0.014387,0.006314
5456,-0.557041,-1.3970360000000002,-2.1315020000000002,-0.091402,0.984942,-0.146751,-0.004293,0.027569,-0.006275,-0.005064,0.010405,0.003578
5457,-0.557461,-1.3970129999999998,-2.132541,-0.091475,0.9849379999999999,-0.146732,-0.004289,0.029695999999999997,-0.005209,-0.0019690000000000003,0.010348,-0.0036590000000000004
5458,-0.557591,-1.39695,-2.1332619999999998,-0.091527,0.984927,-0.146772,-0.003207,0.027583,-0.01054,0.00176,0.006696,-0.0071129999999999995
5459,-0.556726,-1.396723,-2.132998,-0.09151799999999999,0.9848870000000001,-0.147041,-0.00534,0.027591,-0.010555,0.003505,0.002509,-0.003273
5460,-0.554763,-1.396643,-2.131617,-0.091271,0.984874,-0.147287,-0.004281,0.023334999999999998,-0.012676999999999999,0.010689,0.004018,-0.008368
5461,-0.550392,-1.396463,-2.127816,-0.09071900000000001,0.984842,-0.147836,0.0042450000000000005,0.029663,-0.004077,0.012837999999999999,0.00469,-0.010657
5462,-0.5458890000000001,-1.3965319999999999,-2.1242900000000002,-0.090017,0.9848540000000001,-0.14818499999999998,0.002195,0.053127,-0.000893,0.014745,0.0013210000000000001,-0.003167
5463,-0.542244,-1.396719,-2.12182,-0.08938099999999999,0.9848870000000001,-0.148355,0.001152,0.057396,-0.001972,0.009441,-0.0035789999999999997,-0.0020050000000000003
5464,-0.540607,-1.396651,-2.121395,-0.089173,0.984875,-0.148558,0.000134,0.063809,-0.00626,0.006195,-0.000668,-0.004671
5465,-0.538483,-1.396172,-2.120657,-0.089099,0.984792,-0.149153,0.002264,0.066981,-0.0019760000000000003,-0.003628,0.006801000000000001,-0.011019
5466,-0.5357029999999999,-1.39578,-2.11898,-0.08888099999999999,0.9847239999999999,-0.149731,0.010657,0.046664,0.009859,-0.002016,0.009066,-0.009387999999999999
5467,-0.531782,-1.395528,-2.1158349999999997,-0.08841900000000001,0.9846799999999999,-0.150292,0.018053,0.040208,0.019533000000000002,-6e-06,0.011994,-0.010261
5468,-0.525492,-1.395777,-2.110353,-0.087349,0.9847229999999999,-0.150634,0.016957,0.044431,0.030202999999999997,0.009559999999999999,0.005908,0.006957
5469,-0.5190779999999999,-1.396367,-2.104911,-0.08609299999999999,0.984826,-0.150686,0.014832,0.052935,0.036588,0.010364,0.004936,0.009314
5470,-0.512948,-1.3968450000000001,-2.0996509999999997,-0.084936,0.984909,-0.150801,0.013703,0.044364999999999995,0.040905000000000004,0.0026149999999999997,0.006653,0.0034159999999999998
5471,-0.508309,-1.397163,-2.095909,-0.084084,0.984964,-0.15092,0.011636,0.053982,0.035537,-0.00309,0.00817,0.00352
5472,-0.5041100000000001,-1.397285,-2.092902,-0.08339099999999999,0.984985,-0.151166,0.008520999999999999,0.06468,0.026955,-0.0035840000000000004,0.009904000000000001,4.3e-05
5473,-0.502207,-1.397358,-2.092162,-0.083069,0.9849969999999999,-0.15126099999999998,0.005358,0.058359,0.011984999999999999,-0.007599,0.011158,0.00345
5474,-0.501812,-1.397268,-2.0929349999999998,-0.083051,0.984982,-0.151372,0.0033200000000000005,0.064818,-0.002993,-0.005343,0.008915000000000001,-0.000987
5475,-0.501631,-1.397163,-2.094304,-0.083074,0.984964,-0.151478,-0.0050799999999999994,0.08088200000000001,-0.016959000000000002,-0.00059,0.01113,-0.0012929999999999999
5476,-0.501216,-1.397285,-2.0954919999999997,-0.082953,0.984985,-0.15140699999999999,-0.009382,0.074501,-0.015912,0.0060490000000000006,0.013093,-0.000616
5477,-0.500257,-1.3972799999999999,-2.0960389999999998,-0.08281000000000001,0.984984,-0.15149,-0.012620000000000001,0.072357,-0.009522,0.003052,0.006639,-0.007842
5478,-0.498854,-1.3971719999999999,-2.09618,-0.082649,0.984965,-0.1517,-0.015783000000000002,0.075514,-0.013789,0.0038369999999999997,0.009496,-0.012927000000000001
5479,-0.49889300000000003,-1.3970870000000002,-2.097807,-0.082694,0.98495,-0.15177000000000002,-0.009343,0.076587,-0.021223,0.003211,0.012211,-0.010553
5480,-0.49807799999999997,-1.396892,-2.098601,-0.082662,0.984917,-0.152006,-0.011442,0.077685,-0.027647,0.006109000000000001,0.013191,-0.004763
5481,-0.499296,-1.396976,-2.101563,-0.082808,0.984931,-0.151833,-0.018829,0.08945499999999999,-0.034122,0.016309999999999998,0.005227000000000001,0.000543
5482,-0.501034,-1.397348,-2.105501,-0.082896,0.9849950000000001,-0.151368,-0.031488,0.11509200000000001,-0.040652,0.018427000000000002,0.0050100000000000006,0.0039369999999999995
5483,-0.5017560000000001,-1.398148,-2.108859,-0.082626,0.985133,-0.150617,-0.037808,0.12898099999999998,-0.044982999999999995,0.017227000000000003,0.010426000000000001,0.007093
5484,-0.505818,-1.398791,-2.1157049999999997,-0.08292999999999999,0.985243,-0.149726,-0.044139,0.134372,-0.055715999999999995,0.003935,0.0073560000000000006,0.004935
5485,-0.512683,-1.399052,-2.125364,-0.08383,0.9852879999999999,-0.148928,-0.046215,0.131248,-0.07174900000000001,0.000227,0.007708,0.004733
5486,-0.521355,-1.398949,-2.136679,-0.08516900000000001,0.9852709999999999,-0.148284,-0.045151,0.11943,-0.082344,-0.003698,0.008901000000000001,-0.004502
5487,-0.530352,-1.398686,-2.1478599999999997,-0.086631,0.985225,-0.14773599999999998,-0.041003,0.090662,-0.084415,0.000312,0.001423,-0.002487
5488,-0.538506,-1.3986040000000002,-2.1577759999999997,-0.08787400000000001,0.9852120000000001,-0.147093,-0.037889,0.07572000000000001,-0.0801,0.007628,0.001391,-0.00022999999999999998
5489,-0.5452239999999999,-1.398643,-2.166052,-0.08884,0.985218,-0.146467,-0.033746,0.063924,-0.064032,0.011936,-0.001637,0.0024850000000000002
5490,-0.545168,-1.398858,-2.167214,-0.08872200000000001,0.9852549999999999,-0.146291,-0.022216,0.042480000000000004,-0.039352,0.011681,-0.001292,-0.007104999999999999
5491,-0.5462130000000001,-1.3988459999999998,-2.1688169999999998,-0.08888099999999999,0.985253,-0.146208,-0.008595,0.014624000000000002,-0.011447,0.010069,0.000205,-0.008759999999999999
5492,-0.544269,-1.3987100000000001,-2.167112,-0.088666,0.9852299999999999,-0.14649500000000001,0.00837,0.009165999999999999,0.0068390000000000005,0.008221,-0.00042699999999999997,-0.009465000000000001
5493,-0.535975,-1.398863,-2.159006,-0.087371,0.9852559999999999,-0.147096,0.015782,0.005907,0.016513,0.015518,-0.001918,-0.00543
5494,-0.5312140000000001,-1.398916,-2.154331,-0.086643,0.985265,-0.147465,0.021079,0.006734,0.026233999999999997,0.011555,-0.002904,0.001485
5495,-0.526511,-1.398966,-2.149698,-0.085924,0.985273,-0.147829,0.02426,0.004582999999999999,0.028395999999999998,0.006807,-0.00157,0.005266
5496,-0.526239,-1.399042,-2.149327,-0.085846,0.9852860000000001,-0.147787,0.021063,-0.0028280000000000002,0.019836000000000003,-0.010467,0.014088,0.00495
5497,-0.52613,-1.3988120000000002,-2.14898,-0.085944,0.985247,-0.147993,0.017876,-0.010231,0.00914,-0.018075,0.017286000000000003,0.004758
5498,-0.5293180000000001,-1.398484,-2.151859,-0.086578,0.985191,-0.14799600000000002,0.004072999999999999,-0.016489,-0.012314,-0.027358999999999998,0.018746000000000002,0.005311
5499,-0.5446,-1.39829,-2.166455,-0.088929,0.985158,-0.14682,-0.014033000000000002,-0.034434,-0.038061000000000005,-0.039535,0.012721,0.021026
5500,-0.551513,-1.39804,-2.172731,-0.09007000000000001,0.985115,-0.14641099999999999,-0.018186,-0.032195,-0.061594,-0.031908,0.009728,0.016725999999999998
5501,-0.5596800000000001,-1.3976870000000001,-2.1808400000000003,-0.091448,0.9850540000000001,-0.145965,-0.022233000000000003,0.007273000000000001,-0.071287,-0.026792000000000003,0.00872,0.012466
5502,-0.575342,-1.397907,-2.197059,-0.093605,0.985092,-0.144334,-0.03063,0.03373,-0.076654,-0.012718,0.015305000000000001,0.019944
5503,-0.592713,-1.3977709999999999,-2.2152830000000003,-0.09617300000000001,0.985068,-0.142797,-0.049697000000000005,0.04347,-0.09816699999999999,-0.023609,0.013406,0.013341
5504,-0.6123069999999999,-1.396975,-2.2359970000000002,-0.09940299999999999,0.984931,-0.141527,-0.062337000000000004,0.058513,-0.11964300000000001,-0.025063,0.008843,-0.0007610000000000001
5505,-0.627829,-1.396323,-2.253302,-0.101965,0.9848180000000001,-0.140487,-0.06436,0.090448,-0.112222,-0.004587,-0.010315000000000001,-0.000321
5506,-0.638432,-1.396285,-2.265832,-0.10347100000000001,0.9848120000000001,-0.139428,-0.063528,0.076443,-0.073742,0.0041659999999999996,-0.015955,-0.000816
5507,-0.644139,-1.395905,-2.272549,-0.10448900000000001,0.9847459999999999,-0.13913399999999998,-0.062914,0.019802,-0.028801,-0.010165,-0.017811,-0.019556999999999998
5508,-0.6502220000000001,-1.3953010000000001,-2.2783599999999997,-0.10569400000000001,0.98464,-0.13897,-0.046229,-0.035775,0.002362,-0.026264,0.002878,-0.024482
5509,-0.6510560000000001,-1.395243,-2.278255,-0.10584500000000001,0.9846299999999999,-0.138927,-0.01546,-0.046647,0.030363,-0.023107,0.010411,-0.032338
5510,-0.642004,-1.394042,-2.2688099999999998,-0.10529000000000001,0.9844200000000001,-0.140826,0.01351,0.003145,0.044444,0.007298000000000001,-0.002379,-0.02725
5511,-0.632704,-1.394267,-2.260306,-0.103845,0.984459,-0.141621,0.011569,0.06804400000000001,0.06677999999999999,0.0013210000000000001,0.001091,-0.0024530000000000003
5512,-0.6234350000000001,-1.395259,-2.252774,-0.10195800000000001,0.984633,-0.141784,-0.004463,0.098844,0.10401600000000001,-0.010163,0.002916,0.0016940000000000002
5513,-0.618401,-1.3941370000000002,-2.249021,-0.101883,0.9844360000000001,-0.14319500000000002,-0.006831,0.067868,0.12646300000000002,-0.059296,0.003082,-0.040856
5514,-0.604935,-1.3955799999999998,-2.236771,-0.099138,0.9846889999999999,-0.14338599999999999,0.010267,0.075261,0.127641,-0.069258,0.016578,-0.053712
5515,-0.5918979999999999,-1.395764,-2.225076,-0.09715900000000001,0.984721,-0.144515,0.017713999999999997,0.07309199999999999,0.130897,-0.042154000000000004,0.012166,-0.035477
5516,-0.576705,-1.397109,-2.210522,-0.09423,0.9849540000000001,-0.14486400000000002,0.008872,0.021921,0.147993,-0.01983,0.010865000000000001,-0.012865999999999999
5517,-0.562804,-1.3987,-2.196364,-0.09137100000000001,0.9852280000000001,-0.144835,0.000174,-0.0057799999999999995,0.156513,-0.009886,0.00847,0.001296
5518,-0.547219,-1.400252,-2.18096,-0.08830700000000001,0.9854930000000001,-0.14493599999999998,0.003624,0.044298000000000004,0.151131,-0.001888,-0.005634,0.003899
5519,-0.5304810000000001,-1.401887,-2.1658009999999996,-0.08505399999999999,0.985769,-0.145003,-0.011015,0.113579,0.154145,-0.001143,-0.007039,0.014648
5520,-0.513085,-1.4039409999999999,-2.150645,-0.081524,0.9861120000000001,-0.144696,-0.030271,0.1136,0.165761,-0.004047,0.007556,0.009595000000000001
5521,-0.49477600000000005,-1.405928,-2.133331,-0.077931,0.98644,-0.14444,-0.011479999999999999,0.029347,0.173478,-0.020275,0.007823,-0.017897999999999997
5522,-0.477293,-1.407675,-2.115758,-0.074602,0.986725,-0.144249,-0.01369,-0.001482,0.159615,-0.026930000000000003,0.0045320000000000004,-0.030937
5523,-0.463371,-1.409286,-2.1010619999999998,-0.071876,0.986986,-0.143852,-0.014851,-0.0487,0.13305799999999998,-0.005089,0.013793000000000001,-0.010186
5524,-0.45042,-1.4106100000000001,-2.086225,-0.069438,0.9871979999999999,-0.143594,-0.004408,-0.095622,0.13639600000000002,-0.009206,-0.00647,-0.008659
5525,-0.44167,-1.411683,-2.0763979999999997,-0.067727,0.987368,-0.143239,-0.028470999999999996,-0.004929,0.121154,-0.013237,0.011335,-0.00016299999999999998
5526,-0.42998500000000006,-1.413542,-2.064925,-0.06528300000000001,0.987661,-0.142352,-0.040077999999999996,0.020691,0.117835,-0.00020800000000000001,0.0357,-0.00601
5527,-0.41774300000000003,-1.415016,-2.053233,-0.062945,0.987891,-0.141809,-0.052701,0.04848,0.10596099999999999,-0.002424,0.037775,-0.020987000000000002
5528,-0.40813699999999997,-1.416069,-2.045055,-0.061166,0.9880540000000001,-0.141452,-0.059889,0.082705,0.078093,-0.030722000000000003,0.035094,-0.035245
5529,-0.403097,-1.417849,-2.041268,-0.059763,0.988326,-0.14014100000000002,-0.07805,0.049857,0.050234,-0.039708999999999994,0.028763999999999998,-0.037624
5530,-0.405765,-1.418763,-2.044706,-0.05977999999999999,0.9884649999999999,-0.139151,-0.092916,0.032992,0.018103,-0.030108999999999997,0.026305000000000002,-0.033365
5531,-0.409485,-1.4196959999999998,-2.048871,-0.05993,0.988606,-0.13808199999999998,-0.092908,0.013574000000000001,-0.001029,0.027032,0.002346,-0.036006
5532,-0.414843,-1.421343,-2.054176,-0.060013,0.9888530000000001,-0.136268,-0.08984600000000001,-0.018391,-0.0020350000000000004,0.067413,0.0025109999999999998,-0.023659
5533,-0.419368,-1.4230969999999998,-2.0582290000000003,-0.059922,0.9891120000000001,-0.134411,-0.098472,-0.022686,0.013934,0.082109,-0.000602,-0.015522
5534,-0.40925300000000003,-1.4263940000000002,-2.048506,-0.057262,0.989592,-0.132017,-0.146241,0.032869,0.015673,0.05495800000000001,-0.0040880000000000005,0.011641
5535,-0.416871,-1.429793,-2.05723,-0.056902999999999995,0.990075,-0.128501,-0.19942100000000001,0.061847000000000006,0.0077870000000000005,0.019625999999999998,0.020392,0.010398000000000001
5536,-0.429162,-1.433868,-2.071263,-0.056799,0.99064,-0.124122,-0.23967,0.103628,-0.016049,0.015646,0.029685000000000003,-0.005761
5537,-0.44809899999999997,-1.438276,-2.093286,-0.057247,0.991232,-0.11908800000000001,-0.27661199999999997,0.155041,-0.05376,0.022425999999999998,0.023004,-0.016899
5538,-0.47495200000000004,-1.442867,-2.123063,-0.058342,0.991828,-0.11345999999999999,-0.300141,0.11793699999999999,-0.078446,0.033211000000000004,0.0122,0.029262
5539,-0.5081359999999999,-1.447614,-2.157953,-0.059783,0.9924229999999999,-0.107347,-0.31649299999999997,0.039167,-0.079528,0.034651999999999995,0.011606,0.023149
5540,-0.5440189999999999,-1.4525059999999999,-2.1948,-0.061082000000000004,0.9930120000000001,-0.100977,-0.32815700000000003,0.066454,-0.062440999999999997,0.031068000000000002,-0.004136,0.060938
5541,-0.581398,-1.457906,-2.235952,-0.061867,0.993635,-0.09414199999999999,-0.37115,0.242338,-0.053352,0.052239,-0.013685,0.010707
5542,-0.623674,-1.464165,-2.283807,-0.062157000000000004,0.9943200000000001,-0.086393,-0.430034,0.225384,-0.0249,0.048592,-0.013852000000000001,-0.008029000000000001
5543,-0.673496,-1.471127,-2.335314,-0.062063,0.9950370000000001,-0.077777,-0.434457,-0.008051,0.013824000000000001,0.042074,6.500000000000001e-05,-0.017469
5544,-0.7279869999999999,-1.477853,-2.389119,-0.061752999999999995,0.995684,-0.069284,-0.415426,-0.047529,0.01294,-0.052246,0.010023,0.036476999999999996
5545,-0.793792,-1.4836799999999999,-2.454457,-0.062037,0.996208,-0.061003999999999996,-0.41417200000000004,-0.046305,-0.027645999999999997,-0.06188,0.002434,0.049957
5546,-0.879661,-1.488592,-2.53805,-0.06327,0.9966229999999999,-0.05234,-0.43477299999999997,-0.168544,-0.076771,-0.058709000000000004,0.01267,0.033525
5547,-0.9914790000000001,-1.491991,-2.646852,-0.065879,0.9968959999999999,-0.043098000000000004,-0.464286,-0.161754,-0.150693,-0.049782,-0.0016719999999999999,-0.012704
5548,-1.1267280000000002,-1.493488,-2.779229,-0.069741,0.9970129999999999,-0.03318,-0.500286,-0.159262,-0.2097,-0.013907,0.007931,-0.021004
5549,-1.2784209999999998,-1.492642,-2.9285799999999997,-0.074762,0.996948,-0.022503,-0.542524,-0.12371199999999999,-0.271998,0.023965,0.007706,-0.006626000000000001
5550,-1.440761,-1.489105,-3.0889990000000003,-0.080912,0.9966649999999999,-0.010581,-0.616004,-0.14879900000000001,-0.32802600000000004,0.041132,0.009576000000000001,0.027244
5551,-1.607102,-1.482568,3.032206,-0.088055,0.99611,0.003198,-0.707099,-0.288901,-0.377621,0.07105700000000001,0.024474,0.08745399999999999
5552,-1.7704119999999999,-1.472452,2.874647,-0.096237,0.995168,0.019469999999999998,-0.838203,-0.321227,-0.438316,0.074508,0.013636,0.107438
5553,-1.918432,-1.458245,2.730645,-0.10559500000000001,0.9936729999999999,0.038262,-0.966292,-0.160734,-0.502441,0.067204,-0.014699,0.09529800000000001
5554,-2.039886,-1.440325,2.607678,-0.116048,0.9915010000000001,0.058816,-1.081099,0.146558,-0.5260699999999999,0.076818,-0.016083,0.060980999999999994
5555,-2.1384939999999997,-1.42025,2.5010950000000003,-0.126453,0.9886889999999999,0.08064199999999999,-1.1803,0.438587,-0.475862,0.123767,0.081913,0.044755
5556,-2.2223610000000003,-1.3998549999999998,2.406006,-0.135261,0.985425,0.10315999999999999,-1.212503,0.5191600000000001,-0.351209,0.143836,0.12453,0.046314999999999995
5557,-2.29467,-1.380571,2.320984,-0.14166700000000002,0.9819620000000001,0.125226,-1.196792,0.612213,-0.192053,0.21503200000000003,0.179843,0.11423
5558,-2.361423,-1.363164,2.2386169999999996,-0.145002,0.9785219999999999,0.146526,-1.195826,0.779758,-0.001049,0.223706,0.08530599999999999,0.180622
5559,-2.427724,-1.3466069999999999,2.149171,-0.145564,0.974975,0.168034,-1.307931,1.2287709999999998,0.229397,0.17289300000000002,0.003327,0.10337400000000001
5560,-2.496337,-1.3293469999999998,2.0493360000000003,-0.143801,0.970993,0.19103599999999998,-1.439857,1.500113,0.419339,0.067874,-0.010711,0.010777
5561,-2.564174,-1.3106229999999999,1.94865,-0.140422,0.9663450000000001,0.21554099999999998,-1.4907,1.443433,0.518401,-0.10490899999999999,-0.046195,-0.101711
5562,-2.621762,-1.292211,1.861478,-0.136599,0.9614450000000001,0.23867,-1.2897239999999999,1.2554040000000002,0.479454,-0.23162600000000003,-0.045598,-0.18543199999999999
5563,-2.6586540000000003,-1.2778260000000001,1.800039,-0.13411199999999998,0.95739,0.255768,-0.8828540000000001,0.992376,0.36940100000000003,-0.259427,-0.053521000000000006,-0.241959
5564,-2.683224,-1.270343,1.76062,-0.130955,0.955202,0.265404,-0.43195900000000004,0.410304,0.353,-0.159725,-0.07435800000000001,-0.298195
5565,-2.710809,-1.2699340000000001,1.7313419999999997,-0.123748,0.955081,0.26927,-0.090205,-0.180741,0.41077600000000003,-0.070466,-0.084003,-0.21832100000000002
5566,-2.7442159999999998,-1.274271,1.7038650000000002,-0.113081,0.956358,0.26943,0.098316,-0.423479,0.477566,-0.041414,-0.08192200000000001,-0.159796
5567,-2.780376,-1.281207,1.6754259999999999,-0.10092000000000001,0.958361,0.267131,0.20458099999999999,-0.443325,0.553109,0.011931,-0.111346,-0.055888
5568,-2.8247,-1.2901690000000001,1.637524,-0.08630399999999999,0.960882,0.26316799999999996,0.26500799999999997,-0.372791,0.7104689999999999,0.045228,-0.133642,-0.032318
5569,-2.880228,-1.300511,1.5867,-0.068994,0.9636950000000001,0.257938,0.324441,-0.295824,0.858201,0.040414,-0.13386099999999998,-0.022693
5570,-2.944183,-1.311951,1.5251059999999999,-0.050202,0.966686,0.25099299999999997,0.403547,-0.175004,0.945124,0.09456,-0.059109,0.022292
5571,-3.015211,-1.323409,1.453152,-0.030864999999999997,0.969555,0.242919,0.415815,-0.001629,1.000535,0.128903,0.013309,0.0878
5572,-3.0925979999999997,-1.332489,1.372118,-0.011561,0.9717389999999999,0.235775,0.334016,0.085972,1.009466,0.11968499999999999,0.023073,0.09880499999999999
5573,3.109495,-1.3388010000000001,1.286875,0.007379000000000001,0.97321,0.22980100000000003,0.302116,0.081934,0.981474,0.084205,-0.022267,0.063198
5574,3.027952,-1.343975,1.202274,0.025501,0.9743860000000001,0.223431,0.352321,0.023459,0.9092610000000001,0.027249000000000002,-0.047766,0.022632
5575,2.9494700000000003,-1.349093,1.1209280000000001,0.041987000000000003,0.975524,0.215846,0.404129,0.067314,0.819836,-0.049769,-0.001037,-0.005564
5576,2.8795919999999997,-1.3529639999999998,1.046403,0.055976,0.976368,0.20873899999999998,0.335862,0.194775,0.705964,-0.095191,0.07699199999999999,0.004228
5577,2.823988,-1.354408,0.9834729999999999,0.06705,0.9766790000000001,0.203965,0.22614,0.345859,0.58109,-0.112399,0.083364,0.027739999999999997
5578,2.787826,-1.35541,0.93781,0.074042,0.976894,0.20049,0.22726100000000002,0.43598000000000003,0.42074700000000004,-0.124838,0.011159,0.05764299999999999
5579,2.7620080000000002,-1.358439,0.902284,0.078096,0.9775370000000001,0.19576300000000002,0.314678,0.45885,0.22050300000000003,-0.135438,-0.013593000000000001,0.045341
5580,2.7502009999999997,-1.3646399999999999,0.8806,0.078088,0.978825,0.18922,0.400943,0.467854,0.025608999999999996,-0.104485,-0.022328,0.039342
5581,2.749301,-1.372942,0.870085,0.07514900000000001,0.980491,0.181634,0.432519,0.48210600000000003,-0.102375,-0.079833,-0.015403,0.041373
5582,2.755145,-1.381567,0.865663,0.070896,0.98215,0.17423,0.394367,0.516418,-0.125118,-0.055164,0.024793,0.048838
5583,2.76133,-1.3887639999999999,0.8614040000000001,0.067191,0.9834780000000001,0.168097,0.315198,0.515437,-0.0776,0.048806,0.231717,0.136102
5584,2.765873,-1.393312,0.8563629999999999,0.064785,0.984291,0.16423900000000002,0.168415,0.433697,-0.021905,0.052646000000000005,0.234017,0.157065
5585,2.768109,-1.394866,0.8535520000000001,0.06386,0.984564,0.162959,0.033485,0.107037,4e-06,0.031859,0.205026,0.178945
5586,2.770331,-1.394588,0.857988,0.063597,0.9845149999999999,0.163355,-0.053015,-0.2035,-0.05575,-0.104216,-0.06498999999999999,0.128606
5587,2.776025,-1.393693,0.870374,0.06298,0.984358,0.164537,-0.09845599999999999,-0.384276,-0.096428,-0.103599,-0.064833,0.127425
5588,2.830303,-1.387498,0.9328059999999999,0.055827999999999996,0.983248,0.173513,-0.100864,-0.45027399999999995,-0.107057,-0.09385299999999999,-0.09901599999999999,0.06124299999999999
5589,2.8364540000000003,-1.386686,0.9479790000000001,0.055,0.9831,0.17461500000000002,-0.0697,-0.42153500000000005,-0.12824000000000002,-0.074042,-0.062338,0.017646000000000002
5590,2.860749,-1.3868040000000001,0.979533,0.050709,0.9831209999999999,0.175789,-0.035055,-0.320407,-0.13988599999999998,-0.043233,-0.016477000000000002,0.0046619999999999995
5591,2.86787,-1.3877549999999998,0.991825,0.049203,0.983295,0.175244,0.045252,-0.22281399999999998,-0.10633599999999999,0.024725,0.029218,-0.053357
5592,2.8382669999999997,-1.39229,0.968067,0.053036,0.98411,0.169454,0.110927,-0.293501,-0.068387,0.07388600000000001,0.033972,-0.053854
5593,2.830064,-1.395483,0.966147,0.053461,0.9846719999999999,0.166021,0.177818,-0.31099699999999997,-0.013418000000000001,0.060324,0.018609,-0.047077999999999995
5594,2.820783,-1.398622,0.9612809999999999,0.054025,0.9852139999999999,0.16258499999999998,0.140149,-0.147873,-0.014959,0.016974,0.02037,0.002744
5595,2.824014,-1.400514,0.9639540000000001,0.052917,0.9855370000000001,0.160986,0.051052999999999994,0.142447,-0.07897799999999999,-0.03804,0.025541,0.032831
5596,2.8420810000000003,-1.4022350000000001,0.976541,0.049499,0.985827,0.160295,0.062958,0.342978,-0.153927,-0.073196,0.004056000000000001,0.01898
5597,2.862934,-1.405385,0.991195,0.045292,0.986351,0.158307,0.159716,0.268079,-0.155292,-0.050282,0.0028,0.011219
5598,2.8782959999999997,-1.412433,1.003814,0.041044,0.9874870000000001,0.152267,0.346306,0.067967,-0.090712,-0.021299000000000002,0.004716,-0.007109999999999999
5599,2.8719189999999997,-1.420692,0.996883,0.03984,0.9887549999999999,0.144136,0.435424,0.005673,-0.040871,-0.018203,-0.006790999999999999,-0.041567
5600,2.856903,-1.429402,0.982526,0.039580000000000004,0.9900200000000001,0.135251,0.45409099999999997,-0.07762899999999999,-0.004315,-0.009611,-0.029419,-0.08944500000000001
5601,2.829224,-1.438186,0.9583079999999999,0.040633999999999997,0.9912200000000001,0.125824,0.47859799999999997,-0.26437,0.053779999999999994,0.021058,-0.043664999999999995,-0.102005
5602,2.780828,-1.446626,0.918118,0.043718,0.992301,0.115878,0.479217,-0.520365,0.135297,0.040083,-0.035422,-0.059833000000000004
5603,2.7123150000000003,-1.4538280000000001,0.861678,0.048573000000000005,0.993167,0.10611300000000001,0.45167799999999997,-0.65579,0.192962,0.038219,-0.015475,-0.021884999999999998
5604,2.633832,-1.459757,0.794823,0.053878999999999996,0.993841,0.09683,0.42651400000000006,-0.5417810000000001,0.208664,0.027435,0.014016999999999998,-0.006422
5605,2.557634,-1.464457,0.725631,0.058517999999999994,0.994351,0.08855,0.37346999999999997,-0.257088,0.1887,0.024002000000000002,0.014681999999999999,0.009899
5606,2.4916669999999996,-1.468032,0.660586,0.062076,0.9947239999999999,0.08167,0.326933,0.045713,0.163418,0.027478,0.000393,0.035136
5607,2.432947,-1.470885,0.5980409999999999,0.064915,0.9950129999999999,0.07573099999999999,0.302205,0.232258,0.154461,0.033001,0.009641,0.056196
5608,2.377121,-1.470109,0.537108,0.069574,0.994935,0.072548,0.312709,0.21510300000000002,0.17272200000000001,0.031424,0.030470999999999998,0.034782
5609,2.306996,-1.471847,0.464484,0.07320399999999999,0.995109,0.066334,0.319213,0.030667000000000003,0.202914,0.029029000000000003,0.029245,-0.004963
5610,2.207964,-1.4725700000000002,0.36699699999999996,0.078826,0.99518,0.05834299999999999,0.319321,-0.151624,0.235198,0.007661,0.0045,-0.032281
5611,2.126928,-1.4720870000000001,0.289277,0.08369800000000001,0.995132,0.052025,0.285057,-0.184507,0.229659,-0.011326000000000001,-1.4999999999999999e-05,-0.034569
5612,2.055972,-1.473135,0.220906,0.086253,0.9952350000000001,0.045473,0.241731,-0.120327,0.201495,-0.035716000000000005,-0.0033369999999999997,-0.008348999999999999
5613,1.993457,-1.47207,0.160205,0.089892,0.995131,0.04043,0.249439,-0.10634600000000001,0.16200599999999998,-0.038882,-0.001158,-0.013880000000000002
5614,1.9270610000000001,-1.474032,0.096276,0.090546,0.9953219999999999,0.033696,0.277084,-0.167005,0.12274600000000001,-0.037979,-0.004797999999999999,-0.014622999999999999
5615,1.861639,-1.473982,0.035292000000000004,0.09260399999999999,0.995317,0.027719,0.27463899999999997,-0.27974099999999996,0.079076,-0.035443999999999996,0.003264,0.006338
5616,1.8010099999999998,-1.4743469999999999,-0.018892,0.09375900000000001,0.995352,0.021974,0.241483,-0.357665,0.031006,-0.028268,0.029291,0.034102
5617,1.7525650000000002,-1.475162,-0.06060499999999999,0.093916,0.9954299999999999,0.017262,0.182074,-0.329572,-0.016446000000000002,-0.021437,0.044548000000000004,0.049923
5618,1.7497479999999999,-1.476343,-0.05815,0.092807,0.9955430000000001,0.016788,0.128226,-0.246117,-0.060726999999999996,0.006406,0.048128,0.061871
5619,1.731084,-1.478215,-0.07297200000000001,0.091264,0.995717,0.014755,0.055116,-0.164776,-0.09232,0.006652,0.027842000000000002,0.061783000000000005
5620,1.7648270000000001,-1.479741,-0.037156,0.089223,0.995857,0.017533,-0.023328,-0.071737,-0.114351,-0.000463,0.02111,0.041916
5621,1.7821650000000002,-1.481961,-0.019643,0.086744,0.996057,0.018613,-0.06865700000000001,0.036071,-0.128693,-0.0006389999999999999,0.02883,0.012134
5622,1.8078509999999999,-1.484291,0.00435,0.083981,0.9962610000000001,0.020288999999999998,-0.08218099999999999,0.11388,-0.12781900000000002,0.006184,0.022385,-0.010005
5623,1.833836,-1.486249,0.027723,0.08154199999999999,0.9964280000000001,0.021958000000000002,-0.06397699999999999,0.144645,-0.11170799999999999,0.007279000000000001,0.00044400000000000006,-0.017945
5624,1.8395110000000001,-1.487914,0.030548000000000002,0.079816,0.996567,0.021979,-0.029925,0.146567,-0.089039,0.002475,-0.014115,-0.028724
5625,1.847832,-1.489212,0.036521,0.078387,0.996674,0.022289,0.007026999999999999,0.090919,-0.057731,0.001051,-0.013869999999999999,-0.058819
5626,1.8064209999999998,-1.4911510000000001,-0.005011,0.077363,0.9968299999999999,0.018574,0.039414,-0.041378,-0.034904000000000004,-0.003679,-0.010288,-0.057102
5627,1.794587,-1.491959,-0.014261000000000001,0.076792,0.9968940000000001,0.017478,0.048388,-0.178839,-0.032529,-0.012980000000000002,-0.010093000000000001,-0.047523
5628,1.7802939999999998,-1.4929270000000001,-0.024231,0.07608999999999999,0.99697,0.016178,0.048201,-0.229933,-0.042079000000000005,-0.034296,0.004968,-0.00983
5629,1.7648869999999999,-1.494149,-0.034868,0.075134,0.997064,0.014769,0.056726,-0.246948,-0.056953,-0.033339999999999995,0.004874,-0.008421
5630,1.7479619999999998,-1.496959,-0.046584,0.072615,0.997275,0.013000999999999999,0.079024,-0.27470500000000003,-0.061038,-0.014968,0.006340999999999999,-0.000184
5631,1.717054,-1.4984540000000002,-0.071738,0.071508,0.997384,0.010534,0.115173,-0.29828499999999997,-0.056483000000000005,0.019999,0.0035159999999999996,-0.018650999999999997
5632,1.6814349999999998,-1.499849,-0.101761,0.070454,0.997484,0.007826999999999999,0.107849,-0.267362,-0.057642,0.021053,0.0034159999999999998,-0.015944999999999997
5633,1.6480099999999998,-1.499555,-0.13083599999999998,0.070969,0.9974629999999999,0.005490999999999999,0.060201,-0.18836,-0.059139,0.035187,0.011417,0.00020099999999999998
5634,1.636541,-1.500732,-0.13961099999999999,0.069856,0.9975459999999999,0.004599,0.023211000000000002,-0.10515999999999999,-0.054163,0.032133999999999996,0.018078999999999998,0.012825999999999999
5635,1.6380709999999998,-1.5003469999999999,-0.136973,0.070232,0.997519,0.004732,0.016053,-0.030587,-0.048963,0.027760000000000003,0.015252000000000002,0.010512
5636,1.634009,-1.501239,-0.14091700000000001,0.06936200000000001,0.997582,0.00439,0.01722,-0.000792,-0.041516000000000004,0.015233000000000002,-0.009101999999999999,0.003407
5637,1.6261079999999999,-1.501766,-0.14866,0.06887,0.997618,0.0038130000000000004,0.008624,-0.012489,-0.039423,0.004906000000000001,-0.014296000000000001,-0.005705
5638,1.626041,-1.5025819999999999,-0.148248,0.06805800000000001,0.997674,0.003764,-0.003184,-0.03161,-0.042686,0.004345,-0.007181,-0.0072120000000000005
5639,1.599156,-1.503903,-0.174328,0.066816,0.997764,0.001895,0.00108,-0.036938,-0.045855,-0.002576,0.012735,-0.020053
5640,1.563117,-1.505371,-0.20982199999999998,0.065377,0.9978610000000001,-0.000502,0.021447,-0.015708,-0.044674,-0.004296,0.004413,-0.023088
5641,1.548352,-1.5061129999999998,-0.224386,0.064622,0.997909,-0.001451,0.06300700000000001,-0.013774000000000002,-0.031567000000000005,-0.000749,-0.006225,-0.030242
5642,1.52005,-1.5064229999999998,-0.25219400000000003,0.06424500000000001,0.9979290000000001,-0.0032630000000000003,0.10015,-0.037420999999999996,-0.010981,0.002314,-0.005589,-0.029452
5643,1.4690530000000002,-1.505858,-0.302242,0.064557,0.997892,-0.006591,0.112764,-0.054612,0.014766999999999999,0.008517,-0.0052770000000000004,-0.02147
5644,1.42426,-1.504148,-0.34593,0.065884,0.9977799999999999,-0.009724,0.12222899999999999,-0.059013,0.041546,0.01459,-0.002144,-0.013866
5645,1.377977,-1.5011709999999998,-0.391033,0.06828,0.997577,-0.013331,0.135981,-0.06553300000000001,0.061951,0.013781999999999999,-0.00571,-0.00765
5646,1.33989,-1.498225,-0.42777,0.070583,0.997368,-0.016594,0.14866400000000002,-0.07523400000000001,0.07914600000000001,0.007954000000000001,-0.008171,-3.8e-05
5647,1.303405,-1.4954129999999999,-0.462707,0.072636,0.99716,-0.019899,0.160294,-0.08491699999999999,0.093127,0.006542,-0.003431,-0.000304
5648,1.268873,-1.492265,-0.49537299999999995,0.074902,0.9969180000000001,-0.023328,0.163351,-0.105215,0.104926,-0.000302,0.006606999999999999,0.004148
5649,1.242102,-1.489827,-0.5200170000000001,0.076551,0.9967239999999999,-0.026108999999999997,0.155834,-0.113719,0.107019,-0.008573,0.010707,0.010835
5650,1.217295,-1.487822,-0.542726,0.07775399999999999,0.99656,-0.028691,0.15482200000000002,-0.10623699999999998,0.101659,-0.012859,0.009162,0.013295
5651,1.1946510000000001,-1.486432,-0.563242,0.078374,0.9964430000000001,-0.030954000000000002,0.147332,-0.122143,0.08987300000000001,-0.020222999999999998,0.007905,0.016275
5652,1.1737790000000001,-1.4854319999999999,-0.581399,0.07862899999999999,0.996359,-0.032968,0.13128399999999998,-0.14971099999999998,0.071633,-0.018997999999999998,0.015238,0.014778999999999999
5653,1.1544290000000001,-1.483927,-0.597921,0.079348,0.9962290000000001,-0.035089999999999996,0.11114600000000001,-0.134667,0.056517,-0.014376,0.019030000000000002,0.017527
5654,1.145348,-1.483333,-0.604739,0.079565,0.9961780000000001,-0.036052999999999995,0.08996799999999999,-0.110044,0.044585,-0.002935,0.012261,0.013729
5655,1.140615,-1.482234,-0.607111,0.080388,0.996081,-0.036885,0.0707,-0.129131,0.039133999999999995,0.002101,0.005613,0.0174
5656,1.133739,-1.4813129999999999,-0.6115189999999999,0.080964,0.995999,-0.037826,0.06755499999999999,-0.119519,0.035894999999999996,-0.000168,0.005496,0.009170000000000001
5657,1.121528,-1.480004,-0.621692,0.08167,0.9958809999999999,-0.039376999999999995,0.07408,-0.089722,0.038038999999999996,0.001719,0.007520999999999999,-0.00031099999999999997
5658,1.10889,-1.478309,-0.632933,0.082677,0.995726,-0.041158999999999994,0.076291,-0.066319,0.044433999999999994,0.005427,-0.0019210000000000002,-0.002374
5659,1.09754,-1.476472,-0.6430520000000001,0.083832,0.995555,-0.042927999999999994,0.081568,-0.066389,0.05729,0.0053100000000000005,-0.006327,-0.00236
5660,1.082072,-1.4735040000000001,-0.656848,0.085767,0.9952709999999999,-0.045607,0.100529,-0.099564,0.078832,0.005542,-0.012422,-0.014727
5661,1.062166,-1.470055,-0.674168,0.08784,0.99493,-0.048976,0.12582000000000002,-0.14768,0.101504,0.004964,-0.012706,-0.017093999999999998
5662,1.041369,-1.466386,-0.691653,0.089952,0.994554,-0.052635,0.144844,-0.17019,0.119825,-0.002672,-0.0074329999999999995,-0.010597
5663,1.022348,-1.462788,-0.707343,0.091988,0.994173,-0.056201999999999995,0.15869,-0.166016,0.12953,-0.00837,-0.000185,-0.0008349999999999999
5664,1.0059639999999999,-1.4591319999999999,-0.720439,0.094125,0.993772,-0.059647000000000006,0.176773,-0.169309,0.138205,-0.00773,-0.0024850000000000002,0.009476
5665,0.989991,-1.455131,-0.73297,0.096483,0.993318,-0.063324,0.20229,-0.181146,0.145875,-0.007295,-0.004671,0.012878
5666,0.9736819999999999,-1.4509100000000001,-0.7459359999999999,0.09890399999999999,0.992822,-0.067246,0.219419,-0.168418,0.14490899999999998,-0.006481000000000001,-0.004251,0.01889
5667,0.9615360000000001,-1.446754,-0.755365,0.101463,0.992317,-0.07080299999999999,0.206889,-0.12403399999999999,0.13954,-0.0008470000000000001,0.008782,0.025255
5668,0.954594,-1.442973,-0.760664,0.10403,0.991842,-0.073673,0.180478,-0.067473,0.137146,-0.000789,0.023753,0.02605
5669,0.9511299999999999,-1.4399620000000002,-0.763451,0.106205,0.991453,-0.075767,0.146593,-0.022561,0.12403199999999999,-0.0060609999999999995,0.034364,0.028617
5670,0.950784,-1.438002,-0.763696,0.10776,0.991196,-0.076933,0.115827,-0.009563,0.097093,-0.021319,0.043608999999999995,0.038603
5671,0.946486,-1.436752,-0.767677,0.10843299999999999,0.99103,-0.07811900000000001,0.08713,-0.024218,0.057385000000000005,-0.031025999999999998,0.048323000000000005,0.037806
5672,0.943076,-1.436667,-0.770937,0.10823499999999998,0.9910180000000001,-0.078539,0.044735000000000004,0.000586,0.018598,-0.037572,0.049936,0.039201
5673,0.9419059999999999,-1.436517,-0.772353,0.10826300000000001,0.9909979999999999,-0.078752,-0.004158,0.013651,-0.009534,-0.036424,0.034454000000000005,0.027589
5674,0.9427540000000001,-1.4380469999999999,-0.7714989999999999,0.107103,0.991202,-0.07777,-0.02876,-0.011781999999999999,-0.021426,-0.032258999999999996,0.023035,0.020717
5675,0.9424,-1.439395,-0.771181,0.105995,0.9913790000000001,-0.07702200000000001,-0.018251,-0.044851,-0.019176,-0.025962,0.013106999999999999,0.0135
5676,0.940738,-1.439746,-0.771688,0.10558499999999998,0.991425,-0.07699299999999999,-0.002382,-0.068368,-0.012626,-0.011545,-0.001374,-0.0037869999999999996
5677,0.938009,-1.43982,-0.772642,0.105315,0.9914350000000001,-0.077237,0.0059759999999999995,-0.098263,-0.002915,-0.008329999999999999,-0.00016299999999999998,-0.002246
5678,0.933685,-1.439811,-0.774908,0.10498800000000001,0.991434,-0.077697,0.013391,-0.10364100000000001,0.0035520000000000005,-0.006751000000000001,0.0019440000000000002,-0.001602
5679,0.9299620000000001,-1.439387,-0.776566,0.10503499999999999,0.9913780000000001,-0.07833899999999999,0.027198000000000003,-0.104806,0.016469,-0.0013050000000000002,0.003266,0.009323999999999999
5680,0.9277540000000001,-1.438569,-0.776906,0.10550999999999999,0.9912709999999999,-0.079057,0.044291000000000004,-0.085746,0.030451,0.004139,-0.000792,0.008790000000000001
5681,0.923308,-1.43733,-0.7800050000000001,0.10613800000000001,0.991107,-0.08026699999999999,0.057170000000000006,-0.059197,0.040121,0.00873,-0.0015279999999999998,0.01087
5682,0.9245110000000001,-1.4354200000000001,-0.777904,0.10774500000000001,0.990851,-0.08127899999999999,0.058254999999999994,-0.046452,0.04866,0.026639,0.004862,0.007884
5683,0.926586,-1.4333639999999999,-0.774799,0.10954100000000001,0.9905709999999999,-0.082278,0.050638,-0.06777799999999999,0.060387,0.027558999999999997,0.01245,0.005999
5684,0.930284,-1.431216,-0.769227,0.111551,0.990275,-0.083143,0.036505,-0.114648,0.072101,0.030142000000000002,0.016058000000000003,0.006331
5685,0.9440729999999999,-1.429333,-0.752672,0.114197,0.9900110000000001,-0.082691,0.022435,-0.160397,0.06992999999999999,0.013855000000000001,0.0008039999999999999,0.014484
5686,0.9458469999999999,-1.428166,-0.746691,0.11528,0.9898459999999999,-0.083164,0.015712,-0.243418,0.058239,0.006226,-0.001183,0.013462
5687,0.945722,-1.427384,-0.7412850000000001,0.115898,0.989734,-0.08363200000000001,0.007037000000000001,-0.281708,0.05075,5.4000000000000005e-05,0.000546,0.013472
5688,0.93824,-1.425794,-0.743486,0.11653699999999999,0.989506,-0.085426,0.016862000000000002,-0.24441,0.039021,0.009836,0.011134999999999999,-0.022941999999999997
5689,0.931357,-1.424177,-0.746059,0.11723099999999999,0.9892709999999999,-0.087181,0.041645999999999996,-0.200777,0.028457999999999997,0.017825,0.005587,-0.024086
5690,0.9222870000000001,-1.4222,-0.7515189999999999,0.117993,0.98898,-0.089422,0.061019000000000004,-0.167804,0.02428,0.022281,-0.0064670000000000005,-0.025660000000000002
5691,0.912078,-1.419442,-0.75902,0.11923099999999999,0.988568,-0.092291,0.067669,-0.11562,0.022126,0.018281,-0.005093,-0.020822
5692,0.905799,-1.4177739999999999,-0.763789,0.119947,0.9883149999999999,-0.094056,0.068971,-0.062365,0.023136,0.014956,-0.006670999999999999,-0.006881
5693,0.908918,-1.416221,-0.759716,0.12145,0.9880770000000001,-0.094624,0.06361499999999999,-0.059179999999999996,0.030576,0.010706,-0.003198,0.020955
5694,0.909014,-1.4151120000000001,-0.75827,0.122323,0.987906,-0.09528500000000001,0.063445,-0.079488,0.047693,0.001685,0.00023799999999999998,0.013132
5695,0.9033760000000001,-1.413268,-0.762135,0.123215,0.987618,-0.09710099999999999,0.07181699999999999,-0.095577,0.068067,-0.0051270000000000005,0.000541,-0.009375
5696,0.891834,-1.410947,-0.771192,0.12387000000000001,0.987251,-0.09995599999999999,0.070485,-0.13931400000000002,0.084136,-0.01863,0.000938,-0.027134
5697,0.8735870000000001,-1.40913,-0.785709,0.1234,0.9869600000000001,-0.103351,0.07347999999999999,-0.19680699999999998,0.073543,-0.041262,0.007226000000000001,-0.034161000000000004
5698,0.8671629999999999,-1.4071850000000001,-0.7881060000000001,0.124197,0.9866450000000001,-0.10538399999999999,0.079948,-0.201014,0.054366,-0.049582,0.01459,-0.039911
5699,0.8521059999999999,-1.405749,-0.7991520000000001,0.12366300000000001,0.986411,-0.108174,0.076865,-0.197717,0.031904,-0.037023,0.018762,-0.032802
5700,0.8439840000000001,-1.404574,-0.8034560000000001,0.123646,0.986217,-0.109945,0.058848000000000004,-0.187998,0.014675,-0.022831,0.021381999999999998,-0.00857
5701,0.8369129999999999,-1.403852,-0.807473,0.123394,0.9860969999999999,-0.111294,0.041052,-0.128216,-0.00155,-0.014584,0.024019,0.00494
5702,0.831641,-1.403999,-0.811366,0.122698,0.9861219999999999,-0.111845,0.026619,-0.035408999999999996,-0.020998,0.004209,0.023324,0.009138
5703,0.830815,-1.404241,-0.812534,0.12243,0.9861620000000001,-0.111785,0.019513,0.034968,-0.03182,0.012351,0.019530000000000002,0.016586
5704,0.8285440000000001,-1.4045459999999999,-0.8159890000000001,0.12195399999999999,0.9862120000000001,-0.11185999999999999,0.0036590000000000004,0.069108,-0.030906,0.009866,0.017877,0.025006999999999998
5705,0.833535,-1.405397,-0.812814,0.12189000000000001,0.986353,-0.11068599999999999,-0.023981,0.096881,-0.025793,0.012754000000000001,0.009481999999999999,0.02632
5706,0.837256,-1.4061709999999998,-0.81085,0.121734,0.9864799999999999,-0.10972,-0.04439,0.078791,-0.013093,0.012681,0.000215,0.014124000000000001
5707,0.8424969999999999,-1.406828,-0.80661,0.121823,0.9865870000000001,-0.108649,-0.046807,0.036107,0.007241,0.012058,-0.004577,0.004142
5708,0.847249,-1.4067319999999999,-0.801779,0.12240899999999999,0.9865719999999999,-0.10813199999999999,-0.034339,-0.020469,0.025561,-0.001422,-0.005035,-0.033882
5709,0.8444149999999999,-1.405878,-0.8037770000000001,0.122732,0.986432,-0.10903800000000001,-0.0066879999999999995,-0.036562,0.030047000000000004,-0.0076040000000000005,-0.005475,-0.04265
5710,0.8451110000000001,-1.405283,-0.802474,0.12324700000000001,0.986334,-0.10934200000000001,0.023227,-0.029200999999999998,0.028110000000000003,-0.010683,-0.0055899999999999995,-0.037585
5711,0.839432,-1.404425,-0.807254,0.123254,0.986192,-0.110605,0.038112,-0.052641999999999994,0.016493,-0.009942,0.011244,-0.018286
5712,0.836125,-1.403915,-0.8097310000000001,0.123261,0.986108,-0.11135,0.028682999999999997,-0.031235000000000002,-0.000692,1.4999999999999999e-05,0.03057,0.002478
5713,0.834577,-1.403887,-0.811457,0.123108,0.9861030000000001,-0.11155799999999999,0.000213,0.032824,-0.011655,0.011672,0.031277,0.015688
5714,0.8411370000000001,-1.404534,-0.8063819999999999,0.12336199999999999,0.98621,-0.110323,-0.026202,0.092564,-0.009779000000000001,0.017431,0.017086,0.026338999999999998
5715,0.848999,-1.4052280000000001,-0.801053,0.12371199999999999,0.986325,-0.10889800000000001,-0.053721000000000005,0.14803,-0.003632,0.009376,0.021457,0.007015
5716,0.858196,-1.406199,-0.795222,0.123983,0.986484,-0.107129,-0.074895,0.181141,-0.007026999999999999,0.011728,0.022808000000000002,-0.000339
5717,0.867445,-1.4073440000000002,-0.789407,0.124107,0.986671,-0.10524700000000001,-0.06957999999999999,0.167312,-0.016586,-0.003517,0.012107999999999999,-0.00718
5718,0.872339,-1.408639,-0.787341,0.123643,0.9868809999999999,-0.103817,-0.05575499999999999,0.130707,-0.031293,-0.007645,0.008419,-0.006138
5719,0.876268,-1.40985,-0.785582,0.12313099999999999,0.9870760000000001,-0.102566,-0.045197,0.09767999999999999,-0.039723,-0.004922,-0.006775,-0.008945999999999999
5720,0.8783709999999999,-1.4107100000000001,-0.7851739999999999,0.12269300000000001,0.9872129999999999,-0.101765,-0.037824,0.082715,-0.033242,0.008334000000000001,-0.00647,-0.005047
5721,0.883699,-1.410825,-0.78187,0.123146,0.987232,-0.101037,-0.039869999999999996,0.116752,-0.018343,0.012322,0.000851,-0.005072
5722,0.8899879999999999,-1.41145,-0.778263,0.1233,0.987331,-0.099872,-0.041961,0.143323,-0.0013,0.012443000000000001,0.0036200000000000004,-0.0060079999999999995
5723,0.8960540000000001,-1.411247,-0.775225,0.12405899999999999,0.9872989999999999,-0.099248,-0.042925,0.16145299999999999,-0.005601,0.006068,-0.006357,-0.010478
5724,0.902001,-1.4119110000000001,-0.772474,0.124133,0.9874040000000001,-0.098102,-0.043944,0.159378,-0.018424,-0.0017420000000000003,0.006523,-0.001401
5725,0.907394,-1.413001,-0.7701,0.12381199999999999,0.987576,-0.09676799999999999,-0.036470999999999996,0.150868,-0.027975,-0.002932,0.01366,0.003094
5726,0.9122370000000001,-1.414707,-0.76856,0.122946,0.987843,-0.095135,-0.033066000000000005,0.176504,-0.048282,-0.00405,0.011562000000000001,0.011029
5727,0.920515,-1.4168049999999999,-0.764401,0.12208,0.988167,-0.09286,-0.039202999999999995,0.21814499999999998,-0.066538,0.002187,0.0074849999999999995,0.017787
5728,0.926717,-1.41876,-0.762725,0.121108,0.9884649999999999,-0.090941,-0.042367,0.221374,-0.071905,0.002305,0.008284999999999999,0.018644
5729,0.932765,-1.420692,-0.760987,0.120122,0.9887549999999999,-0.08906900000000001,-0.048841,0.212844,-0.064462,0.001368,0.009505,0.014133000000000001
5730,0.941722,-1.423664,-0.7565109999999999,0.118538,0.989196,-0.08626,-0.058404,0.229893,-0.057076,-0.007653,0.008439,0.012620999999999999
5731,0.9501149999999999,-1.425611,-0.752487,0.117691,0.9894790000000001,-0.084142,-0.066012,0.206454,-0.049622,-0.006225,0.0071790000000000005,0.011266
5732,0.9580690000000001,-1.427505,-0.74783,0.116823,0.989751,-0.082125,-0.069534,0.139336,-0.045288,-0.00728,0.0052899999999999996,0.008318
5733,0.957918,-1.429997,-0.75003,0.114793,0.9901040000000001,-0.080724,-0.061196,0.096692,-0.044111000000000004,-0.0132,0.003319,-0.007487000000000001
5734,0.9596629999999999,-1.431247,-0.750228,0.11392000000000001,0.9902790000000001,-0.079813,-0.045187,0.104067,-0.0376,-0.007871,-0.0017230000000000001,-0.013753999999999999
5735,0.959788,-1.431912,-0.752181,0.113391,0.9903709999999999,-0.079421,-0.019624000000000003,0.105,-0.026741,-0.002734,-0.0026850000000000003,-0.016724
5736,0.9587969999999999,-1.4319709999999999,-0.75525,0.113264,0.9903790000000001,-0.0795,-0.004711,0.107049,-0.019162000000000002,-0.002104,-0.008308,-0.000197
5737,0.959674,-1.43238,-0.756456,0.11300199999999999,0.9904360000000001,-0.07916799999999999,0.011225,0.096323,-0.014764,-0.005229,-0.006793,0.007909000000000001
5738,0.9620790000000001,-1.4333120000000001,-0.755861,0.112435,0.9905639999999999,-0.078368,0.025043,0.08137899999999999,-0.018922,-0.006813,0.009634,0.031051
5739,0.968334,-1.434723,-0.751221,0.11177100000000001,0.990756,-0.07687100000000001,0.023927,0.067552,-0.023186000000000002,-0.00615,0.012433,0.038923
5740,0.969959,-1.4355040000000001,-0.7506149999999999,0.111257,0.9908620000000001,-0.076252,0.009858,0.036657,-0.010426999999999999,-0.007742,0.023527,0.034992
5741,0.978816,-1.437184,-0.742578,0.110547,0.991087,-0.074335,-0.011528,0.038814999999999995,0.001169,-0.01254,0.032198000000000004,0.016503999999999998
5742,0.9839870000000001,-1.437291,-0.738488,0.11084100000000001,0.991101,-0.07370299999999999,-0.038156999999999996,0.06335,0.015907,-0.030992000000000002,0.038318,0.003696
5743,0.992074,-1.437675,-0.731748,0.111115,0.991152,-0.07259600000000001,-0.050858,0.070912,0.0008529999999999999,-0.035248,0.029599,0.0032600000000000003
5744,0.99572,-1.439396,-0.7292069999999999,0.109948,0.9913790000000001,-0.07126299999999999,-0.057236,0.050797,-0.024806,-0.037637000000000004,0.02391,0.000218
5745,0.998091,-1.441344,-0.727376,0.108493,0.991633,-0.06995499999999999,-0.041237,0.015347999999999999,-0.050200999999999996,-0.025913,0.019247,0.01153
5746,0.9999959999999999,-1.443495,-0.7253850000000001,0.106831,0.991908,-0.068596,-0.040244,-0.016549,-0.066178,-0.016789,0.004872,0.02317
5747,1.016183,-1.446365,-0.708847,0.10550699999999999,0.992268,-0.065359,-0.048767000000000005,-0.021807,-0.07584400000000001,0.007148999999999999,0.002116,0.033666
5748,1.026074,-1.448525,-0.698929,0.104315,0.992534,-0.063201,-0.0614,0.009161,-0.08344800000000001,0.011881000000000001,0.015187,0.01686
5749,1.033232,-1.450549,-0.6922659999999999,0.103039,0.9927790000000001,-0.061424,-0.073094,0.031521,-0.070739,0.011631,0.017277,0.013800999999999999
5750,1.0485440000000001,-1.452641,-0.67774,0.102167,0.993028,-0.058802999999999994,-0.081661,0.042136,-0.053720000000000004,0.0027370000000000003,0.016311000000000003,0.011989
5751,1.060846,-1.454726,-0.6661779999999999,0.101075,0.9932709999999999,-0.05653,-0.075382,0.029276,-0.039773,-0.007554000000000001,0.013350999999999998,0.012463
5752,1.0703340000000001,-1.456472,-0.656775,0.10008500000000001,0.9934719999999999,-0.054737,-0.074541,-0.009124,-0.027969,-0.013872999999999998,0.015836000000000003,0.011555
5753,1.078014,-1.459119,-0.648608,0.098186,0.993771,-0.052723,-0.079937,-0.028408,-0.034368,-0.018032,0.011921,0.009311
5754,1.089707,-1.4617639999999998,-0.635768,0.096464,0.9940620000000001,-0.050354,-0.102381,-0.068682,-0.066522,-0.009993,0.008074,0.012863
5755,1.0980299999999998,-1.464439,-0.626059,0.094513,0.9943489999999999,-0.048339,-0.08725,-0.055827,-0.097412,-0.0,0.013966999999999999,-0.001222
5756,1.09303,-1.466146,-0.63094,0.092763,0.9945290000000001,-0.04803,-0.048445999999999996,0.027145999999999997,-0.10151900000000001,0.014186,0.003945000000000001,-0.031438
5757,1.087616,-1.4663709999999999,-0.637318,0.092303,0.994553,-0.048428,-0.031329,0.055772,-0.082204,0.037076,-0.00116,-0.028294
5758,1.0887129999999998,-1.46574,-0.637659,0.092912,0.9944870000000001,-0.048618,-0.029207,0.08652,-0.048039,0.04492,-0.009272,-0.020794999999999998
5759,1.092661,-1.466435,-0.636042,0.09249,0.994559,-0.047932,-0.017414,0.133215,-0.013833000000000002,0.053522,-0.033607,-0.017223
5760,1.095612,-1.466277,-0.636228,0.09277,0.9945430000000001,-0.047731,0.025275,0.171275,0.021667,0.055529999999999996,-0.07514,-0.015135
5761,1.0918510000000001,-1.463769,-0.643265,0.094803,0.9942780000000001,-0.049229,0.074138,0.150752,0.049812,0.039672000000000006,-0.029769999999999998,-0.027126
5762,1.085513,-1.46171,-0.652505,0.0963,0.9940559999999999,-0.050783,0.103835,0.134379,0.07142899999999999,0.0081,-0.007377,-0.066068
5763,1.0634549999999998,-1.458232,-0.676854,0.098178,0.9936709999999999,-0.054574,0.143199,0.099126,0.062136000000000004,0.01402,-0.034092000000000004,-0.060111000000000005
5764,1.044404,-1.455517,-0.697531,0.099453,0.9933629999999999,-0.05779,0.183572,0.062761,0.063533,0.014209999999999999,-0.02034,-0.05204299999999999
5765,1.021932,-1.452202,-0.72137,0.100938,0.992976,-0.061728,0.214439,0.057284,0.074438,0.012816,-0.006784999999999999,-0.04104
5766,1.000118,-1.447908,-0.744225,0.103154,0.992459,-0.066217,0.21221500000000001,0.029625,0.066983,0.028482999999999998,0.000965,-0.011023
5767,0.979029,-1.444769,-0.765842,0.104321,0.9920690000000001,-0.070116,0.18662,0.019112999999999998,0.053999,0.031437,0.007504,0.002779
5768,0.9638690000000001,-1.442237,-0.781948,0.105308,0.991748,-0.073121,0.13669800000000001,0.056619,0.041852,0.03167,0.011212999999999999,0.008439
5769,0.9610139999999999,-1.440037,-0.786875,0.10688800000000001,0.9914629999999999,-0.074671,0.093321,0.122708,0.025463999999999997,0.031555,0.035545,0.012872999999999999
5770,0.956425,-1.439151,-0.795132,0.10726199999999998,0.991347,-0.075667,0.057637,0.21991,-0.009093,0.034874,0.039445,0.0157
5771,0.954628,-1.439202,-0.8025979999999999,0.107084,0.9913540000000001,-0.07583,0.028316,0.309629,-0.042527999999999996,0.042483,0.028009,0.021967
5772,0.961832,-1.439532,-0.802154,0.10736,0.991397,-0.07487,0.019957,0.338464,-0.053302999999999996,0.010118,0.005231,0.018275
5773,0.961822,-1.4401709999999999,-0.8092600000000001,0.10683800000000002,0.991481,-0.074508,0.0179,0.358699,-0.050138999999999996,-0.004894,-0.000895,0.012740999999999999
5774,0.9586469999999999,-1.441398,-0.819507,0.10560599999999999,0.99164,-0.074149,0.01779,0.340564,-0.043709,-0.027054,-0.001634,-0.0011380000000000001
5775,0.9582950000000001,-1.441909,-0.8257260000000001,0.10516600000000001,0.991706,-0.073895,0.018473,0.253218,-0.045729,-0.059023,0.005868,-0.005161
5776,0.95416,-1.442459,-0.833492,0.104414,0.991776,-0.074013,0.030786,0.133906,-0.056173,-0.070494,0.011306,-0.006462000000000001
5777,0.9325450000000001,-1.444892,-0.856557,0.100852,0.992085,-0.07481499999999999,0.043233,0.038944,-0.07197200000000001,-0.07247100000000001,0.014874,-0.007215999999999999
5778,0.919651,-1.445659,-0.8692280000000001,0.099273,0.992181,-0.075648,0.036481,-0.048347,-0.081522,-0.045776,0.028480000000000002,-0.001684
5779,0.9065280000000001,-1.446653,-0.880899,0.097495,0.9923040000000001,-0.076336,0.022483000000000003,-0.080243,-0.084783,-0.028404000000000002,0.032507,-0.002751
5780,0.895279,-1.447738,-0.8910520000000001,0.09579,0.9924379999999999,-0.076754,0.015159,-0.041893,-0.078474,-0.0051990000000000005,0.037942000000000004,-0.003461
5781,0.8862260000000001,-1.4484489999999999,-0.8998149999999999,0.094545,0.992525,-0.077173,0.01426,-0.004605,-0.078527,0.012785,0.021284,-0.004081
5782,0.877094,-1.4495719999999999,-0.909422,0.09297899999999999,0.992661,-0.07732,0.0048590000000000005,0.035926,-0.08291799999999999,0.013283000000000001,0.011855,-0.002301
5783,0.871173,-1.451006,-0.9168459999999999,0.091431,0.992834,-0.07695199999999999,-0.023687,0.09567300000000001,-0.081057,0.009414,0.007945,0.004351
5784,0.872764,-1.452814,-0.9178860000000001,0.090178,0.9930479999999999,-0.075653,-0.045886,0.14898499999999998,-0.073803,-0.005293,-0.0022949999999999997,0.000213
5785,0.8754959999999999,-1.454499,-0.9187200000000001,0.089099,0.993245,-0.074334,-0.048951999999999996,0.188373,-0.064261,-0.011539,-0.005849,-0.004538
5786,0.867917,-1.4560170000000001,-0.929951,0.087382,0.9934200000000001,-0.074032,-0.026647000000000004,0.177595,-0.052342999999999994,-0.028529000000000002,-0.002545,-0.028263
5787,0.8662139999999999,-1.456978,-0.934752,0.086529,0.9935299999999999,-0.073563,-0.000148,0.134908,-0.056376,-0.032559,-0.010406,-0.030792
5788,0.847642,-1.457743,-0.954987,0.084578,0.9936159999999999,-0.074654,0.021851,0.053831,-0.046508,-0.029936,0.000967,-0.022072
5789,0.8409540000000001,-1.457862,-0.9619260000000001,0.083989,0.9936299999999999,-0.075139,0.02575,-0.006989,-0.025039,-0.026539,-0.000725,-0.009944
5790,0.828462,-1.458166,-0.9739629999999999,0.082821,0.993664,-0.07597899999999999,0.034156,-0.041086000000000004,-0.030279,-0.004101,-0.012066,0.0008439999999999999
5791,0.818652,-1.458057,-0.982348,0.08215,0.9936520000000001,-0.076861,0.041393,-0.088001,-0.025894999999999998,0.004275,0.00702,0.002612
5792,0.8213379999999999,-1.45804,-0.9781979999999999,0.08237,0.99365,-0.076652,0.040371,-0.06355,-0.012045,0.006055,0.005816,0.015968
5793,0.8251350000000001,-1.457818,-0.9740190000000001,0.082822,0.993625,-0.076488,0.041656,-0.001819,0.0007059999999999999,0.010424,0.008725,0.012676
5794,0.826425,-1.457334,-0.972925,0.083274,0.9935700000000001,-0.07670700000000001,0.021365000000000002,0.0056619999999999995,0.012306000000000001,0.009362,0.01647,0.012056
5795,0.8283969999999999,-1.457172,-0.970831,0.08354400000000001,0.993552,-0.076652,-0.018167,-0.004861,0.014178999999999999,-0.019717,0.035318,-0.001259
5796,0.825789,-1.457889,-0.973557,0.08282,0.993633,-0.076386,-0.028691,0.018646,0.005527000000000001,-0.030802999999999997,0.014180000000000002,-0.020065
5797,0.827817,-1.458185,-0.971823,0.082758,0.9936659999999999,-0.076019,-0.011616,0.0058579999999999995,-0.008223999999999999,-0.031244,0.006456,-0.02536
5798,0.817408,-1.458727,-0.98196,0.08157,0.993727,-0.076508,-0.009548000000000001,-0.018612,-0.017795,-0.019756,0.015778999999999998,-0.016082
5799,0.807549,-1.459047,-0.9913870000000001,0.080582,0.993763,-0.077088,-0.021262,-0.016432,-0.020018,-0.003357,0.014065000000000001,-0.014831
5800,0.80685,-1.459272,-0.9916889999999999,0.08036599999999999,0.9937879999999999,-0.07699,-0.025638,-0.025003,-0.004014,0.0014060000000000001,0.010485,-0.014227000000000002
5801,0.8072159999999999,-1.458487,-0.990202,0.080958,0.9937,-0.0775,-0.020574000000000002,-0.07407000000000001,0.007836,0.005667,-0.014116,-0.005691
5802,0.8062090000000001,-1.4585,-0.9893129999999999,0.08087000000000001,0.9937010000000001,-0.077572,-0.009937999999999999,-0.099601,-0.010216,-0.005202,-0.022616999999999998,-0.001529
5803,0.802365,-1.458611,-0.99124,0.080493,0.993714,-0.077807,0.013576,-0.09009600000000001,-0.010064,-0.011477,-0.021698,-0.000532
5804,0.787378,-1.459008,-1.0049139999999999,0.079038,0.993758,-0.078725,0.033951999999999996,-0.046572,0.010314,-0.027112,-0.011184,-0.0028940000000000003
5805,0.7730560000000001,-1.45876,-1.018801,0.078074,0.9937309999999999,-0.080025,0.031916,-0.005101,0.030538,-0.021937,0.008162,-0.012931
5806,0.767616,-1.457681,-1.024135,0.07838200000000001,0.993609,-0.081221,0.046777,-0.008404,0.044531,-0.017881,0.007947,-0.013978999999999998
5807,0.7577699999999999,-1.456451,-1.033323,0.078419,0.9934700000000001,-0.082876,0.050839999999999996,-0.045737,0.05315,-0.019352,0.015762,-0.007470999999999999
5808,0.753904,-1.455738,-1.0357,0.078583,0.9933879999999999,-0.083695,0.030400999999999997,-0.088256,0.047719,-0.029876999999999997,0.035375,0.010026
5809,0.755213,-1.455021,-1.032242,0.07918,0.9933059999999999,-0.084111,0.003677,-0.112613,0.034745,-0.035052,0.03918,0.016789
5810,0.757397,-1.454708,-1.0278909999999999,0.079578,0.9932690000000001,-0.084164,-0.011163,-0.098682,0.027145,-0.032260000000000004,0.014177,0.025174000000000002
5811,0.754558,-1.455288,-1.029059,0.078944,0.9933360000000001,-0.08397,-0.013153,-0.070961,0.02282,-0.013743,0.016963,-0.005508
5812,0.756779,-1.45519,-1.025169,0.079196,0.993325,-0.083864,-0.011125,-0.099709,0.01753,-0.013994999999999999,0.016975,-0.005613
5813,0.754267,-1.455655,-1.02465,0.078669,0.9933790000000001,-0.083726,-0.023187,-0.179533,0.010069,-0.009959,0.010406,0.003846
5814,0.753853,-1.457517,-1.020792,0.07736900000000001,0.993591,-0.082411,-0.039322,-0.22309299999999999,-0.004946,-0.020362,0.0168,0.023313
5815,0.754754,-1.459339,-1.015519,0.07620299999999999,0.9937950000000001,-0.081022,-0.051993,-0.208075,-0.020011,-0.017762,0.014688999999999999,0.026289
5816,0.755315,-1.46117,-1.011172,0.075,0.9939969999999999,-0.079654,-0.046493,-0.181419,-0.03069,-0.012027,0.008688,0.023684999999999998
5817,0.7591939999999999,-1.4630969999999999,-1.003898,0.07399,0.9942059999999999,-0.077973,-0.037885,-0.165466,-0.031719,0.001281,0.01852,0.007188
5818,0.75618,-1.464105,-1.003911,0.073068,0.9943139999999999,-0.077467,-0.031335,-0.143075,-0.042384,0.004874,0.034006,0.000502
5819,0.751237,-1.465554,-1.006122,0.0717,0.994467,-0.076774,-0.049295,-0.136488,-0.075633,0.009278,0.047662,0.012687
5820,0.758023,-1.468896,-0.996776,0.06993400000000001,0.994813,-0.07387200000000001,-0.10135599999999999,-0.12473,-0.112293,0.010205,0.041808,0.029941000000000002
5821,0.761633,-1.4735200000000002,-0.991107,0.067025,0.9952719999999999,-0.070289,-0.158624,-0.095575,-0.1608,0.006553,0.020429,0.034705
5822,0.7675649999999999,-1.479691,-0.983713,0.063174,0.9958530000000001,-0.065469,-0.195661,-0.060158,-0.194219,-0.001315,-0.001132,0.01574
5823,0.7633850000000001,-1.485842,-0.987067,0.058664999999999995,0.996394,-0.06130599999999999,-0.22312600000000002,-0.033293,-0.228629,0.001165,0.005514,-0.008182
5824,0.756811,-1.492104,-0.9931180000000001,0.053975,0.9969049999999999,-0.057152999999999995,-0.250705,-0.02775,-0.258738,0.016031999999999998,0.027280000000000002,-0.02967
5825,0.753738,-1.498281,-0.995609,0.049582999999999995,0.9973719999999999,-0.052827,-0.272044,-0.029802,-0.25995,0.025856,0.021747,-0.020751
5826,0.759875,-1.505225,-0.989042,0.045135,0.997851,-0.0475,-0.283769,-0.015959,-0.248297,0.010926,0.002759,-0.004441
5827,0.767239,-1.512845,-0.981558,0.040204000000000004,0.9983209999999999,-0.041692,-0.295443,-0.001008,-0.24733000000000002,-0.010083,-0.006469,0.009801
5828,0.781482,-1.520628,-0.966979,0.035321,0.998742,-0.035599,-0.313718,-0.028655,-0.24421700000000002,-0.036862,-0.006966,0.024857
5829,0.800357,-1.5302129999999998,-0.947133,0.029113999999999998,0.9991770000000001,-0.028256,-0.342598,-0.055143,-0.255071,-0.059189,-0.019181,0.03883
5830,0.834938,-1.538826,-0.9109,0.023694,0.999489,-0.021455000000000002,-0.338416,-0.097674,-0.278488,-0.050321,-0.016777,0.034608
5831,0.870807,-1.547352,-0.872871,0.01793,0.999725,-0.015102,-0.309645,-0.11690299999999999,-0.290013,-0.032945,0.004135,0.0035210000000000003
5832,0.9175030000000001,-1.555407,-0.8233090000000001,0.012223000000000001,0.9998819999999999,-0.009355,-0.27574499999999996,-0.15437,-0.27370500000000003,-0.026047000000000004,0.010173999999999999,-0.021528
5833,1.004545,-1.562427,-0.732876,0.007062000000000001,0.999965,-0.004489,-0.22689,-0.175957,-0.245562,-0.029706,0.008122,-0.039212000000000004
5834,1.356213,-1.568293,-0.377127,0.00244,0.9999969999999999,-0.000532,-0.184568,-0.232918,-0.22272399999999998,-0.024184,-0.018445,-0.041842000000000004
5835,-2.542506,-1.567388,2.013287,-0.001917,0.999994,0.0028079999999999997,-0.159485,-0.343816,-0.217065,-0.012167,-0.01124,-0.012695
5836,-2.330908,-1.562028,2.232942,-0.0063549999999999995,0.9999620000000001,0.0060409999999999995,-0.16728900000000002,-0.43215200000000004,-0.23089400000000002,-0.013314,-0.0038979999999999996,-0.008833
5837,-2.273956,-1.555364,2.299035,-0.011768,0.9998809999999999,0.009976,-0.21522600000000003,-0.462689,-0.278192,0.01305,0.016827,0.016773
5838,-2.251514,-1.5480260000000001,2.329303,-0.017693,0.999741,0.014328,-0.232575,-0.34521599999999997,-0.336147,0.013359000000000001,0.034805,-0.016602000000000002
5839,-2.2370419999999998,-1.5389979999999999,2.350078,-0.024995,0.9994940000000001,0.01965,-0.277005,-0.301222,-0.377106,0.011964,0.033999,-0.042752
5840,-2.234737,-1.529184,2.358095,-0.032763,0.999134,0.025635,-0.29272,-0.268019,-0.408237,0.023532,-0.035191,-0.056701999999999995
5841,-2.233663,-1.5191780000000001,2.364509,-0.040669,0.998668,0.031751,-0.333341,-0.298718,-0.421299,0.051091000000000004,-0.055965,0.016268
5842,-2.2597650000000002,-1.5087899999999999,2.346686,-0.047832,0.998078,0.039395,-0.380372,-0.46828500000000006,-0.333816,0.085979,-0.024659,0.043629
5843,-2.338449,-1.500911,2.275678,-0.050244,0.997559,0.048492,-0.388484,-0.282199,-0.242236,0.090451,-0.008728,0.001755
5844,-2.3692159999999998,-1.49265,2.2467669999999997,-0.054478,0.996948,0.055915999999999993,-0.340516,-0.013018,-0.20058499999999999,0.096211,0.008316,-0.058815
5845,-2.400787,-1.4901280000000001,2.214271,-0.05438200000000001,0.996748,0.059462,-0.23590999999999998,0.059869000000000006,-0.13691199999999998,0.104431,0.011918999999999999,-0.060958000000000005
5846,-2.4163259999999998,-1.486073,2.197446,-0.056133,0.9964129999999999,0.063325,-0.180779,0.068918,-0.050012,0.035838999999999996,-0.003829,-0.046967
5847,-2.431679,-1.485336,2.180425,-0.055633,0.99635,0.064736,-0.140468,0.077055,0.01115,0.018935,0.024615,-0.049339999999999995
5848,-2.453711,-1.48406,2.1575159999999998,-0.055,0.9962409999999999,0.066928,-0.09504800000000001,0.011769,0.047871,0.014197999999999999,0.039083,-0.051547
5849,-2.465821,-1.485774,2.145711,-0.053117,0.9963879999999999,0.066256,-0.046373000000000004,-0.038632,0.08887,0.011049,0.068035,-0.060382000000000005
5850,-2.488727,-1.487519,2.123758,-0.05053,0.996534,0.06607400000000001,0.05896799999999999,-0.040309,0.150496,0.036202,0.079576,-0.049809
5851,-2.508348,-1.494991,2.104058,-0.044817,0.997128,0.06105,0.24131,0.02475,0.23928600000000003,0.044832,0.060382000000000005,-0.043548
5852,-2.517404,-1.5040930000000001,2.093275,-0.038955000000000004,0.997776,0.054085,0.39819699999999997,0.12929300000000002,0.33318400000000004,0.07572899999999999,0.057812,-0.050454
5853,-2.5358959999999997,-1.517083,2.0704689999999997,-0.030566000000000003,0.998558,0.044136,0.48384499999999997,0.269311,0.408381,0.093859,0.084053,-0.059516999999999994
5854,-2.565491,-1.530461,2.033305,-0.021967,0.999187,0.033815,0.514273,0.444767,0.460712,0.092035,0.078328,-0.049196
5855,-2.669882,-1.544146,1.918247,-0.012109,0.9996450000000001,0.023738,0.46652299999999997,0.56718,0.525384,0.102899,0.020939,-0.049052
5856,-3.08681,-1.555194,1.490301,-0.0008539999999999999,0.999878,0.015578999999999999,0.363481,0.505446,0.601655,0.136139,-0.062989,-0.028014999999999998
5857,2.246611,-1.555597,0.533079,0.011859,0.999884,0.009507999999999999,0.276852,0.281796,0.662225,0.121274,-0.078101,0.004972
5858,1.742849,-1.544808,0.024937,0.025604000000000002,0.999662,0.004449,0.249673,0.206107,0.69952,0.056687,-0.06526,-0.030282
5859,1.563009,-1.531233,-0.159945,0.039550999999999996,0.999218,-0.000308,0.23933000000000001,0.27115500000000003,0.691887,-0.014466,-0.087841,-0.089032
5860,1.472093,-1.517414,-0.25645300000000004,0.053098,0.998576,-0.005258,0.278848,0.260446,0.6718810000000001,-0.060071000000000006,-0.093775,-0.096961
5861,1.3965020000000001,-1.503585,-0.336187,0.066143,0.997742,-0.011647,0.360718,0.164421,0.638392,-0.078564,-0.08277899999999999,-0.057857000000000006
5862,1.319469,-1.4903520000000001,-0.415603,0.077833,0.996766,-0.019984000000000002,0.464228,0.079201,0.548425,-0.086134,-0.061311000000000004,-0.03864
5863,1.238243,-1.4781389999999999,-0.49768999999999997,0.08745599999999999,0.99571,-0.030206,0.538985,-0.009055,0.44330699999999995,-0.086403,-0.034758,-0.025748000000000004
5864,1.162501,-1.467973,-0.572754,0.094205,0.994718,-0.040754000000000005,0.5328609999999999,-0.055470000000000005,0.334363,-0.093473,0.045901,0.047406000000000004
5865,1.1010469999999999,-1.458805,-0.634865,0.099652,0.993735,-0.050588,0.463421,0.068718,0.240783,-0.12426400000000001,0.06022,0.092199
5866,1.062643,-1.451641,-0.676233,0.103853,0.992909,-0.057839999999999996,0.322156,0.156774,0.187341,-0.133882,0.053782,0.10425699999999999
5867,1.046437,-1.446104,-0.695729,0.10765999999999999,0.992236,-0.062266999999999996,0.196219,0.145501,0.185407,-0.027948,0.034848000000000004,0.08556699999999999
5868,1.044232,-1.44107,-0.699771,0.11183900000000001,0.991597,-0.065014,0.12525,0.05294600000000001,0.216009,0.040916,0.025737,0.033733
5869,1.0460459999999998,-1.436234,-0.698187,0.116105,0.9909600000000001,-0.067212,0.112265,0.0029620000000000002,0.206368,0.019835,0.036902,0.007336
5870,1.045256,-1.432259,-0.7000270000000001,0.119459,0.990419,-0.069279,0.10448299999999999,0.099151,0.13461900000000002,-0.061247,0.054411,0.010274
5871,1.0442129999999998,-1.430041,-0.704821,0.12128599999999999,0.99011,-0.070508,0.073474,0.23784699999999998,0.050936,-0.12375799999999999,0.074907,0.024457
5872,1.045264,-1.4291209999999999,-0.710106,0.122148,0.989981,-0.070837,0.04003,0.349989,0.007829000000000001,-0.101457,0.070886,0.016363
5873,1.051558,-1.42907,-0.710688,0.122635,0.989974,-0.070092,-0.018777000000000002,0.315066,0.0010539999999999998,-0.05426,0.051362,0.020333
5874,1.064092,-1.42979,-0.703073,0.12288099999999999,0.990075,-0.068204,-0.090616,0.221629,-0.013215000000000001,-0.031282,0.060614999999999995,0.035367
5875,1.0811959999999998,-1.431562,-0.690081,0.12247999999999999,0.990323,-0.06526699999999999,-0.135319,0.211269,-0.047697,-0.041746,0.051715,0.030826999999999997
5876,1.0959450000000002,-1.433891,-0.679016,0.121378,0.990643,-0.062398,-0.106571,0.169738,-0.076285,-0.069009,0.00101,0.01653
5877,1.103121,-1.436035,-0.674063,0.119926,0.990933,-0.060568,-0.064299,0.079046,-0.076942,-0.044822,-0.010572,0.013616999999999999
5878,1.107799,-1.437604,-0.670265,0.11881800000000001,0.991143,-0.059312000000000004,-0.057162,0.036286,-0.045859,-0.029584,-0.008187,0.011170999999999999
5879,1.11592,-1.43931,-0.6629970000000001,0.117776,0.991368,-0.057602,-0.064699,0.05429,-0.012821,-0.010858,-0.005268999999999999,0.00589
5880,1.126542,-1.439727,-0.6536890000000001,0.11800799999999999,0.9914229999999999,-0.056171000000000006,-0.061536,0.077587,0.019218,0.011798000000000001,-0.020277,-0.018674
5881,1.130368,-1.4391129999999999,-0.651191,0.118773,0.9913420000000001,-0.055978,-0.057433000000000005,0.06362999999999999,0.042765,-0.00244,-0.017694,-0.019644
5882,1.141466,-1.438554,-0.640821,0.11989000000000001,0.9912690000000001,-0.054887,-0.043809,0.025168,0.058933000000000006,-0.01935,-0.012828999999999998,-0.021422
5883,1.1361059999999998,-1.4389020000000001,-0.646026,0.119281,0.991315,-0.055384,-0.026937,-0.017511000000000002,0.061236,-0.029941000000000002,0.036868,-0.023108
5884,1.143169,-1.437969,-0.638128,0.120512,0.9911909999999999,-0.054923,-0.031305,-0.034562,0.066569,-0.017544999999999998,0.034839999999999996,0.010414
5885,1.168476,-1.438259,-0.613133,0.121598,0.9912299999999999,-0.051744000000000005,-0.057614,0.049679,0.068413,-0.003083,0.024731,0.040742
5886,1.1849809999999998,-1.4375799999999999,-0.598748,0.12305899999999999,0.9911399999999999,-0.049983,-0.08493099999999999,0.14352,0.068102,0.024905,0.023554,0.037196
5887,1.2256,-1.436384,-0.5615979999999999,0.126103,0.99098,-0.045346,-0.11788,0.18513,0.08064099999999999,0.030239,0.027773000000000003,0.039593
5888,1.253571,-1.435802,-0.537481,0.127869,0.9909020000000001,-0.041981,-0.160387,0.220442,0.078163,0.028151999999999996,0.03455,0.035481
5889,1.299679,-1.434497,-0.496483,0.130914,0.990726,-0.036389,-0.20269600000000002,0.294129,0.069232,0.031043,0.01695,0.022305000000000002
5890,1.3406850000000001,-1.43416,-0.462084,0.13262100000000002,0.9906799999999999,-0.031068000000000002,-0.232251,0.376212,0.08067,0.03637,0.005811,0.010484
5891,1.385839,-1.4318620000000002,-0.424515,0.136126,0.9903639999999999,-0.025469,-0.254693,0.403843,0.116801,0.029707,0.009956,-0.009459
5892,1.4353280000000002,-1.4299620000000002,-0.382495,0.13908299999999998,0.990099,-0.018956999999999998,-0.28479499999999996,0.388889,0.15292999999999998,0.0063030000000000004,0.006803,-0.013512999999999999
5893,1.485755,-1.427246,-0.339314,0.142541,0.989714,-0.012151,-0.283848,0.386656,0.177508,-0.009943,-0.00418,-0.026376999999999998
5894,1.519333,-1.424763,-0.312913,0.145322,0.9893559999999999,-0.0074849999999999995,-0.238098,0.371527,0.19173099999999998,-0.036985000000000004,-0.020437999999999998,-0.050498
5895,1.554633,-1.421103,-0.28365100000000004,0.149115,0.9888170000000001,-0.0024100000000000002,-0.19478299999999998,0.272321,0.187888,-0.044989,-0.003587,-0.051636
5896,1.570296,-1.419872,-0.271231,0.15035199999999999,0.988633,-7.5e-05,-0.165429,0.134883,0.166897,-0.048332,0.003341,-0.018449
5897,1.59125,-1.416868,-0.25151,0.153289,0.988176,0.003136,-0.144375,0.042249,0.13725199999999999,-0.051757000000000004,-0.022050999999999998,0.019646
5898,1.621715,-1.416568,-0.22117199999999998,0.153418,0.98813,0.007819,-0.14977200000000002,-0.003406,0.104152,-0.044211,-0.027147000000000004,0.044946
5899,1.64114,-1.414484,-0.201379,0.155291,0.987808,0.010942,-0.16463599999999998,-0.001168,0.090159,-0.029757,0.005997,0.062743
5900,1.663444,-1.412508,-0.179287,0.156952,0.987498,0.014583,-0.194279,0.040520999999999995,0.08028400000000001,-0.011414,0.028035,0.073887
5901,1.690507,-1.4106450000000001,-0.15323900000000001,0.158327,0.987203,0.019045,-0.227088,0.08225,0.06291000000000001,-0.0054340000000000005,0.034358,0.072386
5902,1.720231,-1.409098,-0.12501500000000002,0.1592,0.9869549999999999,0.023969,-0.234359,0.098366,0.035065,-0.012701,0.037351999999999996,0.058001
5903,1.748088,-1.407999,-0.09891599999999999,0.15953900000000001,0.986778,0.028585000000000003,-0.2022,0.109001,0.011775,-0.014931,0.034051,0.036752999999999994
5904,1.770252,-1.407369,-0.078931,0.159475,0.986676,0.032237,-0.14766500000000002,0.122715,-0.001749,-0.019459999999999998,0.021595,0.013952
5905,1.7894919999999999,-1.406725,-0.061194000000000005,0.159446,0.9865700000000001,0.035437,-0.142527,0.082203,0.001544,-0.02201,0.012636,-0.0021420000000000002
5906,1.80308,-1.407241,-0.048539,0.15845399999999998,0.986655,0.037482999999999995,-0.128834,0.043801,0.002754,-0.017814,0.004404,-0.015236000000000001
5907,1.81808,-1.406591,-0.033710000000000004,0.158496,0.986549,0.040012,-0.12365699999999999,0.006506999999999999,0.000701,0.005384000000000001,0.009911,-0.015719999999999998
5908,1.831395,-1.406016,-0.019777,0.158497,0.986454,0.042265,-0.11213800000000002,-0.04041,0.0019100000000000002,0.0209,0.016536000000000002,-0.016005000000000002
5909,1.838007,-1.403404,-0.011271,0.160699,0.986023,0.043993,-0.07744,-0.122682,0.033242,0.031058,-0.012603,0.002287
5910,1.837457,-1.401917,-0.007305,0.16213699999999998,0.9857739999999999,0.044289999999999996,-0.039958,-0.28385,0.078575,0.010836,-0.046350999999999996,0.004187
5911,1.831089,-1.3998680000000001,-0.006745,0.164367,0.985427,0.043776999999999996,-0.028720999999999997,-0.366031,0.107601,0.002732,-0.06135499999999999,-0.025253
5912,1.813209,-1.397259,-0.017866,0.16761900000000002,0.98498,0.041448,-0.010329999999999999,-0.289481,0.128997,0.010619,-0.053233,-0.042943
5913,1.8046810000000002,-1.3947209999999999,-0.022728,0.170398,0.9845389999999999,0.040596,0.024558,-0.122358,0.13009500000000002,0.030438,-0.040798,-0.057564
5914,1.7953599999999998,-1.392722,-0.031398,0.172688,0.984187,0.039445,0.06893200000000001,-0.0009939999999999999,0.11102100000000001,0.042095,-0.031824,-0.063019
5915,1.7667220000000001,-1.389476,-0.060869000000000006,0.176879,0.983606,0.035105000000000004,0.12578499999999998,0.06804199999999999,0.113472,0.035341000000000004,-0.002573,-0.043635
5916,1.748875,-1.3881219999999999,-0.08101,0.178787,0.983361,0.032179,0.18903599999999998,0.110535,0.08822200000000001,-0.0022429999999999998,0.012809000000000001,-0.004149
5917,1.7270330000000003,-1.387577,-0.10558,0.179977,0.9832620000000001,0.02835,0.227645,0.11694600000000001,0.050026999999999995,-0.013366,0.017196,0.01114
5918,1.711596,-1.388717,-0.123896,0.179283,0.983469,0.025411000000000003,0.21605,0.11923800000000001,0.020030000000000003,-0.023262,0.033941000000000006,0.03213
5919,1.693807,-1.389092,-0.144515,0.179341,0.9835370000000001,0.022173,0.169218,0.124805,0.000468,0.002681,0.024031,0.052626
5920,1.697055,-1.3892790000000002,-0.144151,0.179085,0.9835709999999999,0.022732,0.13181199999999998,0.104726,-0.007245000000000001,0.004493,0.030223000000000003,0.060413
5921,1.690179,-1.389766,-0.152636,0.17876199999999998,0.9836590000000001,0.021443,0.044161,0.056076999999999995,-0.019545,-0.0057729999999999995,0.05017,0.062083000000000006
5922,1.70871,-1.390499,-0.134918,0.177619,0.9837899999999999,0.024653,-0.021072,0.012473,-0.030605,-0.0065379999999999995,0.027226,0.061346000000000005
5923,1.7118919999999997,-1.391158,-0.131813,0.176898,0.983908,0.025127,-0.014671,0.003961999999999999,-0.039095,-0.011524,0.009576000000000001,0.063527
5924,1.7113150000000001,-1.391843,-0.13250499999999998,0.176245,0.984031,0.02493,0.029042000000000002,0.01015,-0.025979000000000002,-0.012687,-0.0076359999999999996,0.050281
5925,1.708176,-1.392566,-0.136715,0.175618,0.984159,0.024279,0.09,0.068425,8e-06,-0.0075569999999999995,-0.009504,0.0024850000000000002
5926,1.6975470000000001,-1.392535,-0.149444,0.175896,0.9841530000000001,0.022415,0.11885799999999999,0.104446,0.024732,-0.012887000000000001,0.002205,-0.000595
5927,1.685302,-1.392376,-0.164051,0.176313,0.984125,0.020278,0.12951700000000002,0.09803400000000001,0.020541999999999998,-0.021054,0.007314,0.002473
5928,1.6757990000000003,-1.393981,-0.175098,0.174926,0.984409,0.018436,0.13356700000000002,0.035229,0.005692,-0.028686,0.010112999999999999,0.010526
5929,1.6601580000000002,-1.394232,-0.19050699999999998,0.174948,0.984453,0.015675,0.13637,-0.061687,-0.00271,-0.02767,0.010023,0.017039
5930,1.6425669999999999,-1.3946120000000002,-0.20602399999999998,0.174823,0.9845200000000001,0.012569,0.13603900000000002,-0.143678,-0.011153,-0.029238999999999998,0.010277,0.01566
5931,1.626372,-1.3967180000000001,-0.219067,0.172932,0.9848870000000001,0.009621,0.1434,-0.185177,-0.029213,-0.023427,0.020179,0.004386999999999999
5932,1.6058290000000002,-1.397665,-0.236062,0.17216199999999998,0.98505,0.006034,0.152017,-0.187256,-0.049446,-0.0126,0.02943,0.002679
5933,1.586087,-1.399378,-0.252841,0.170561,0.985344,0.0026079999999999996,0.149137,-0.140275,-0.07409600000000001,0.005221,0.046639,0.004899000000000001
5934,1.568611,-1.401455,-0.268431,0.168532,0.9856959999999999,-0.000368,0.127116,-0.09211,-0.1117,0.005097,0.036841000000000006,0.002428
5935,1.5531549999999998,-1.4042459999999999,-0.282346,0.165756,0.9861629999999999,-0.002924,0.101675,-0.084449,-0.14073,0.0034340000000000004,0.032895999999999995,-8.1e-05
5936,1.53562,-1.407576,-0.298412,0.162396,0.9867090000000001,-0.005715,0.07625,-0.074653,-0.17083099999999998,0.005084,0.010315000000000001,-0.016028999999999998
5937,1.525395,-1.411223,-0.307169,0.15873299999999999,0.987295,-0.0072120000000000005,0.054946,-0.089402,-0.193394,0.000325,-0.004079999999999999,-0.002432
5938,1.51544,-1.415585,-0.31500700000000004,0.154352,0.987979,-0.008553,0.05703099999999999,-0.12234300000000001,-0.21577,-0.004419,-0.007845999999999999,0.002846
5939,1.500981,-1.420156,-0.32695599999999997,0.149706,0.988675,-0.010469,0.093377,-0.13726,-0.24647600000000003,-0.039019,-0.008328,-0.02069
5940,1.466386,-1.426981,-0.35865,0.14254,0.989676,-0.014937,0.15424000000000002,-0.163955,-0.28341,-0.041969,-0.019553,-0.049379
5941,1.43006,-1.432574,-0.391235,0.13642,0.9904629999999999,-0.019327,0.21382600000000002,-0.23326999999999998,-0.31708800000000004,-0.038642,-0.029388,-0.058539
5942,1.361376,-1.439015,-0.454078,0.12853,0.9913290000000001,-0.027317,0.260362,-0.352633,-0.344387,-0.045538,-0.053005,-0.065593
5943,1.297183,-1.4447379999999999,-0.5097729999999999,0.121048,0.992065,-0.033972,0.287564,-0.50493,-0.377117,-0.064575,-0.07173099999999999,-0.047952
5944,1.21918,-1.450559,-0.576824,0.11260899999999999,0.9927799999999999,-0.041312,0.29789699999999997,-0.5954510000000001,-0.392953,-0.066787,-0.068906,-0.034783999999999995
5945,1.13957,-1.4543629999999999,-0.646699,0.10553599999999999,0.9932290000000001,-0.048558,0.315235,-0.414901,-0.271285,0.011559999999999999,0.057476,-0.030468000000000002
5946,1.0794709999999998,-1.454234,-0.7031109999999999,0.10254100000000001,0.9932139999999999,-0.05486900000000001,0.272036,-0.086417,-0.062637,0.15016,0.11435999999999999,0.00044100000000000004
5947,1.055968,-1.451915,-0.7262109999999999,0.103228,0.992942,-0.058398,0.098758,-0.035281,0.086707,0.202711,0.09324,0.051302
5948,1.071879,-1.449807,-0.70855,0.10598199999999999,0.99269,-0.057749,-0.119467,-0.090212,0.160028,0.143835,0.015062,0.17805
5949,1.112511,-1.449047,-0.667238,0.10891700000000001,0.992598,-0.05372999999999999,-0.234089,0.020007,0.13558599999999998,-0.028258999999999996,-0.032438,0.092015
5950,1.143551,-1.4488530000000002,-0.6350100000000001,0.110707,0.992574,-0.050404000000000004,-0.10638199999999999,-0.12183499999999998,0.065089,-0.134327,-0.052236000000000005,-0.063305
5951,1.132161,-1.448191,-0.64051,0.110721,0.9924930000000001,-0.051940999999999994,0.142421,-0.399318,-0.022549,-0.183871,-0.043838999999999996,-0.18012999999999998
5952,1.079499,-1.447292,-0.68593,0.10862000000000001,0.992383,-0.058117999999999996,0.31400100000000003,-0.287725,-0.10588299999999999,-0.054328999999999995,0.027331,-0.147464
5953,1.027002,-1.4462059999999999,-0.736626,0.106342,0.9922489999999999,-0.064294,0.283059,-0.047941000000000004,-0.103201,0.014965000000000001,0.013412,-0.081427
5954,0.989542,-1.444896,-0.772826,0.104947,0.992085,-0.06894600000000001,0.17795999999999998,-0.1096,-0.044036,0.080386,0.009548000000000001,0.000983
5955,0.969967,-1.4443629999999998,-0.789935,0.10401300000000001,0.9920180000000001,-0.071286,0.07864600000000001,-0.13055799999999998,-0.044703,0.031928,0.007906,0.171414
5956,0.9528780000000001,-1.4443350000000001,-0.805018,0.10280299999999999,0.992014,-0.07306900000000001,0.084225,-0.09428500000000001,-0.06287000000000001,-0.011616,-0.004542,0.133921
5957,0.928848,-1.444504,-0.82639,0.100883,0.992036,-0.075417,0.11168499999999999,-0.193302,-0.099939,-0.048132999999999995,-0.009065,0.078652
5958,0.9019149999999999,-1.445215,-0.8473360000000001,0.098262,0.992125,-0.07767,0.056489,-0.37205900000000003,-0.104369,-0.0536,0.06595,-0.034436
5959,0.88802,-1.44602,-0.853809,0.096554,0.992226,-0.078524,-0.01945,-0.327403,-0.017362,-0.007061,0.07109800000000001,-0.025602
5960,0.888774,-1.4457879999999999,-0.849065,0.096791,0.9921969999999999,-0.078596,-0.007095999999999999,-0.129547,0.043358999999999995,0.036113,0.012183,-0.016085
5961,0.8928379999999999,-1.444874,-0.844299,0.097816,0.992082,-0.07877,0.006353,0.017402,0.04647,-0.020424,0.017302,0.015111000000000001
5962,0.894609,-1.444669,-0.844045,0.09811399999999999,0.992057,-0.078724,0.008034,0.09539700000000001,-0.012371,-0.020722,0.017328,0.015065
5963,0.889014,-1.444867,-0.85093,0.09751900000000001,0.992081,-0.079148,0.040938999999999996,0.024045,-0.046232999999999996,-0.064576,0.01245,-0.030288
5964,0.8767739999999999,-1.44518,-0.8618950000000001,0.096305,0.9921209999999999,-0.080138,0.038201,-0.122902,-0.058882000000000004,-0.049446,-0.010202,0.001372
5965,0.866083,-1.445989,-0.868741,0.094831,0.9922219999999999,-0.08064199999999999,-0.013512,-0.233515,-0.058033,-0.036405,-0.007648,0.026106999999999998
5966,0.857808,-1.447195,-0.8712629999999999,0.09325599999999999,0.9923709999999999,-0.08064199999999999,-0.028841000000000002,-0.31550900000000004,-0.052694000000000005,-0.014108,0.007904000000000001,0.055205
5967,0.84765,-1.4481,-0.874972,0.091758,0.992482,-0.08098999999999999,0.002084,-0.314569,-0.048207,-0.005302,0.02595,0.042157
5968,0.845239,-1.449826,-0.8720379999999999,0.090281,0.992692,-0.080074,0.038600999999999996,-0.245508,-0.034154000000000004,-0.000162,0.036315,0.030314999999999998
5969,0.834973,-1.4496040000000001,-0.878152,0.08961799999999999,0.9926649999999999,-0.08114500000000001,0.023746,-0.199761,-0.006543000000000001,0.014034999999999999,0.021693,-0.00647
5970,0.832778,-1.4495719999999999,-0.8762909999999999,0.089463,0.992661,-0.081363,-0.023306,-0.201816,0.015563999999999998,-0.0039829999999999996,0.002471,-0.022946
5971,0.824448,-1.449654,-0.880914,0.08872200000000001,0.9926709999999999,-0.08205,-0.032728,-0.160246,0.017579,-0.012107999999999999,0.005833,-0.016964
5972,0.825412,-1.4498030000000002,-0.8774930000000001,0.088692,0.9926889999999999,-0.08186399999999999,-0.012131,-0.10273299999999999,0.002694,-0.025353,0.0024579999999999997,-0.007217
5973,0.8231780000000001,-1.449861,-0.877863,0.08846699999999999,0.9926959999999999,-0.082023,0.005035,-0.093331,-0.007864,-0.021146,0.007181999999999999,-0.004159
5974,0.816121,-1.450526,-0.8829030000000001,0.087405,0.992776,-0.08219299999999999,0.0018059999999999999,-0.10713800000000001,-0.015349000000000002,-0.009219,0.012061,0.000925
5975,0.8131619999999999,-1.450955,-0.8834420000000001,0.086852,0.992828,-0.08215800000000001,-0.019637,-0.13262100000000002,-0.017602,0.011308,0.019074,0.009572
5976,0.821314,-1.451494,-0.87264,0.087127,0.992892,-0.081083,-0.029275,-0.131556,-0.009123000000000001,0.014542,0.016477000000000002,0.011488
5977,0.8293530000000001,-1.453008,-0.862349,0.086667,0.9930709999999999,-0.07936499999999999,-0.044094,-0.099567,-0.003927,-0.0015539999999999998,0.015459,0.019093000000000002
5978,0.835325,-1.456317,-0.8544799999999999,0.084703,0.9934540000000001,-0.076641,-0.066483,-0.09522699999999999,-0.0040939999999999995,-0.019639,0.015121,0.011791
5979,0.825715,-1.459684,-0.8617040000000001,0.08150299999999999,0.993833,-0.075183,-0.080386,-0.12385499999999999,-0.025527,-0.028113,0.011323999999999999,-0.000532
5980,0.8196100000000001,-1.4625629999999998,-0.8648959999999999,0.078951,0.9941479999999999,-0.073726,-0.076061,-0.149283,-0.063924,-0.027743,0.01075,0.0005139999999999999
5981,0.8065829999999999,-1.466917,-0.8750469999999999,0.07485900000000001,0.994609,-0.071752,-0.048229,-0.147173,-0.082967,-0.023055000000000003,0.06847,0.002325
5982,0.800908,-1.4692889999999998,-0.8782559999999999,0.072756,0.9948520000000001,-0.070534,-0.086387,-0.11074300000000001,-0.10250899999999999,-0.018908,0.034948,-0.0056229999999999995
5983,0.801609,-1.472499,-0.8752639999999999,0.070511,0.995173,-0.068261,-0.132205,-0.10628699999999999,-0.11137999999999999,-0.013886,0.019247,0.005288
5984,0.8081619999999999,-1.4764549999999999,-0.867036,0.06811,0.995553,-0.065078,-0.11604600000000001,-0.07437200000000001,-0.11451300000000002,0.008413,-0.002435,0.008406
5985,0.804661,-1.4793209999999999,-0.86935,0.065825,0.995819,-0.063337,-0.077567,-0.0511,-0.106797,0.008882,-0.004105,-0.004611
5986,0.79961,-1.4805629999999999,-0.873659,0.064617,0.9959319999999999,-0.062806,-0.050899,-0.029976999999999997,-0.084203,0.017445,-0.012532999999999999,-0.014769999999999998
5987,0.795315,-1.481957,-0.8775280000000001,0.063355,0.9960559999999999,-0.062111,-0.026489999999999996,-0.02169,-0.046655,0.038345,-0.025842,-0.044364999999999995
5988,0.789622,-1.478885,-0.882443,0.06517300000000001,0.9957790000000001,-0.064625,0.008359,-0.051845,0.004909,0.050427,-0.017065,-0.059887
5989,0.788185,-1.478011,-0.882279,0.065697,0.995699,-0.065332,0.043186,-0.095805,0.045801,0.054603,-0.022737,-0.05892000000000001
5990,0.788462,-1.4728139999999998,-0.8797959999999999,0.069385,0.9952040000000001,-0.068961,0.074973,-0.11733699999999998,0.0749,0.059598000000000005,-0.022914,-0.051248
5991,0.785838,-1.470161,-0.8801620000000001,0.07107100000000001,0.994941,-0.071008,0.10796900000000001,-0.10585,0.103958,0.058675,-0.018912,-0.04534
5992,0.783137,-1.466668,-0.881149,0.073331,0.994584,-0.073663,0.13786500000000002,-0.075164,0.12976500000000002,0.059162,-0.019669,-0.042807
5993,0.781824,-1.462512,-0.881395,0.076145,0.994143,-0.076692,0.152849,-0.039099,0.155461,0.068188,-0.011355,-0.028089999999999997
5994,0.784275,-1.457959,-0.8787510000000001,0.079529,0.993641,-0.079708,0.15083,0.010878,0.179952,0.061569000000000006,-0.005695,-0.026860000000000002
5995,0.794782,-1.45082,-0.8689969999999999,0.085423,0.9928110000000001,-0.083835,0.153096,0.047060000000000005,0.187405,0.04655,-0.009413,-0.02493
5996,0.801178,-1.4431610000000001,-0.86349,0.091416,0.991866,-0.088576,0.14990499999999998,0.041770999999999996,0.18098699999999998,0.018264,-0.001372,-0.016527
5997,0.7992819999999999,-1.437946,-0.8661200000000001,0.094955,0.991188,-0.09235399999999999,0.14998399999999998,0.037594999999999996,0.15963,-0.005157,0.009514,-0.008842000000000001
5998,0.795424,-1.434082,-0.8705299999999999,0.097332,0.990669,-0.095399,0.14791400000000002,0.022803999999999998,0.13079100000000002,-0.014019,0.014259,-0.002882
5999,0.792525,-1.430502,-0.874027,0.09958,0.990175,-0.09817000000000001,0.136384,0.036821,0.09864500000000001,-0.022262999999999998,0.028029000000000002,0.012248
6000,0.789714,-1.427608,-0.878033,0.101338,0.989766,-0.100467,0.109957,0.06684,0.073853,-0.012776000000000001,0.031702999999999995,0.024082
6001,0.7888430000000001,-1.425446,-0.880326,0.102769,0.989455,-0.102064,0.075894,0.07021000000000001,0.059724,-0.005647,0.02765,0.029905
6002,0.795233,-1.424722,-0.8756079999999999,0.10393,0.98935,-0.101906,0.058954999999999994,0.089488,0.048899,0.0007599999999999999,0.021331,0.026649000000000003
6003,0.796485,-1.423473,-0.8765629999999999,0.104941,0.989168,-0.10264000000000001,0.039967,0.121577,0.032701,-0.012564,0.029845,0.023034
6004,0.7999470000000001,-1.424142,-0.8758530000000001,0.104821,0.989266,-0.101815,0.015614,0.146233,0.015406,-0.018518,0.02462,0.02311
6005,0.803036,-1.425016,-0.875734,0.10451300000000001,0.9893930000000001,-0.10089,0.000724,0.145266,0.00355,-0.01975,0.015337,0.014281
6006,0.804407,-1.426567,-0.87695,0.103546,0.989617,-0.099682,-0.006828,0.11763399999999999,-0.006085,-0.017685,0.020759,0.009198
6007,0.804195,-1.427677,-0.879006,0.10273299999999999,0.989776,-0.098942,-0.015489,0.081479,-0.014647,-0.018627,0.021622,0.005985
6008,0.8034720000000001,-1.429047,-0.8809459999999999,0.101685,0.9899700000000001,-0.098074,-0.024144,0.048512,-0.021077000000000002,-0.019456,0.019002,0.0067659999999999994
6009,0.799629,-1.431426,-0.885338,0.099619,0.9903040000000001,-0.096823,-0.038139,0.027229000000000003,-0.014743000000000001,-0.009409,0.021049000000000002,0.002829
6010,0.802797,-1.432379,-0.882811,0.099246,0.9904360000000001,-0.095851,-0.038145,0.034651999999999995,-0.006207,-0.007159,0.002301,0.003017
6011,0.806968,-1.432982,-0.8790620000000001,0.099213,0.990519,-0.095023,-0.029744,0.011161,0.000291,-0.001603,-0.005808,0.003989
6012,0.81295,-1.433605,-0.8729690000000001,0.099332,0.990604,-0.09400399999999999,-0.026641,-0.012277,-0.001794,-0.0008060000000000001,0.006497,0.005549
6013,0.815742,-1.434243,-0.8701200000000001,0.099134,0.990691,-0.093293,-0.02544,0.009059000000000001,-0.010359,-0.001402,0.009767,0.005113
6014,0.818623,-1.434919,-0.8677309999999999,0.098913,0.990783,-0.09255,-0.023173,0.032513,-0.016782,0.001825,0.008485,0.005361
6015,0.829551,-1.434998,-0.8576360000000001,0.099861,0.9907940000000001,-0.091411,-0.012497,0.034607,-0.016707,0.010994,-0.004954,0.010997
6016,0.832725,-1.435273,-0.855232,0.099949,0.9908309999999999,-0.090909,-0.009336,0.035622,-0.007072,0.007336,-0.001161,0.008054
6017,0.835676,-1.4356870000000002,-0.852835,0.099913,0.9908870000000001,-0.090339,-0.020081,0.023921,-0.001791,-0.000593,0.003254,0.005836
6018,0.836859,-1.437093,-0.852089,0.098985,0.991075,-0.089288,-0.023255,0.025019,-0.007157999999999999,-0.010469,0.011672,0.0066
6019,0.837781,-1.437741,-0.851675,0.09859,0.9911610000000001,-0.088767,-0.010453,0.023913,-0.008136,-0.009433,0.008839,0.0050880000000000005
6020,0.837348,-1.4383780000000002,-0.852382,0.098083,0.991245,-0.08838700000000001,-0.0051909999999999994,0.004733,-0.01128,-0.011184,0.012936000000000001,0.0073019999999999995
6021,0.838261,-1.4403920000000001,-0.851283,0.096678,0.991509,-0.086961,-0.020212,-0.017568,-0.015633,-0.015271999999999999,0.013694,0.015489
6022,0.839834,-1.441789,-0.849301,0.09578400000000001,0.99169,-0.085885,-0.036212,-0.01963,-0.018948,-0.017888,0.016992,0.017724
6023,0.842181,-1.444984,-0.846551,0.09362000000000001,0.9920959999999999,-0.083549,-0.043661,-0.020643,-0.025414,-0.019005,0.020248,0.017738
6024,0.845316,-1.447174,-0.8429399999999999,0.09225599999999999,0.992368,-0.081814,-0.046845,-0.026076,-0.032899,-0.011507,0.015169,0.016354
6025,0.8474889999999999,-1.448871,-0.8401780000000001,0.091171,0.992576,-0.080499,-0.051099,-0.033475,-0.043601999999999995,-0.009201,0.009392,0.015618
6026,0.8512780000000001,-1.451861,-0.8356110000000001,0.08924299999999999,0.992936,-0.078196,-0.06071,-0.041934,-0.051139,-0.013605,0.014328,0.015803
6027,0.852975,-1.454496,-0.833073,0.087405,0.993245,-0.076324,-0.06601699999999999,-0.039767000000000004,-0.055453999999999996,-0.012393000000000001,0.01144,0.011474
6028,0.853756,-1.456438,-0.8314520000000001,0.086011,0.993468,-0.074988,-0.062865,-0.048309,-0.053285,-0.009183,0.010041,0.004079999999999999
6029,0.8517549999999999,-1.458142,-0.8321620000000001,0.084586,0.993661,-0.074044,-0.060878999999999996,-0.072851,-0.044695,-0.006278,0.011145,-0.006934
6030,0.84931,-1.459634,-0.832852,0.08329199999999999,0.993828,-0.073272,-0.059864,-0.085633,-0.045741000000000004,-0.005625,0.009148,-0.00821
6031,0.847526,-1.4613040000000002,-0.832866,0.08191699999999999,0.9940120000000001,-0.072322,-0.058744000000000005,-0.093017,-0.064952,0.000801,0.027839,-0.009221
6032,0.850029,-1.463665,-0.828152,0.080334,0.994267,-0.07056699999999999,-0.067353,-0.117454,-0.073526,-0.000606,0.009319,0.019313
6033,0.853549,-1.46661,-0.822472,0.078375,0.994577,-0.068359,-0.07792400000000001,-0.09929,-0.07789700000000001,-0.0071920000000000005,0.012334999999999999,0.020584
6034,0.856418,-1.469409,-0.818052,0.076468,0.994865,-0.06631000000000001,-0.093751,-0.065124,-0.08339400000000001,-0.007437,0.008202,0.018032
6035,0.866547,-1.472941,-0.807022,0.07445700000000001,0.995216,-0.06325700000000001,-0.11919600000000001,-0.031999,-0.08681900000000001,0.002448,0.016030000000000003,0.005777
6036,0.875243,-1.475906,-0.7979649999999999,0.072738,0.995501,-0.060715,-0.131902,-0.009588,-0.085869,0.002152,0.007261,-0.001495
6037,0.8835430000000001,-1.478736,-0.789602,0.071061,0.995765,-0.058322000000000006,-0.12437100000000001,0.007418000000000001,-0.082633,0.002273,0.00782,-0.009351
6038,0.8875139999999999,-1.4812610000000002,-0.7859119999999999,0.069343,0.995994,-0.056451999999999995,-0.117916,0.01487,-0.08687,-0.0008150000000000001,0.002846,-0.014119999999999999
6039,0.8906,-1.483932,-0.7825850000000001,0.06744800000000001,0.99623,-0.054564,-0.111729,-0.03415,-0.08783300000000001,-0.0059240000000000004,0.003129,-0.016099000000000002
6040,0.8903690000000001,-1.486713,-0.781197,0.065282,0.996467,-0.052837,-0.104553,-0.101279,-0.089834,-0.011387999999999999,0.004967,-0.015721000000000002
6041,0.8769870000000001,-1.489143,-0.79245,0.062706,0.996668,-0.052157,-0.08747,-0.10026900000000001,-0.090786,-0.010765,-0.0039770000000000005,-0.026639999999999997
6042,0.868492,-1.4906700000000002,-0.7989069999999999,0.0611,0.996792,-0.051704999999999994,-0.058758000000000005,-0.10788199999999999,-0.076688,0.007427,-0.008022,-0.033851
6043,0.8604139999999999,-1.49143,-0.804311,0.060105,0.9968520000000001,-0.051702,-0.045169,-0.15168299999999998,-0.057308000000000005,0.0251,-0.004176,-0.033519
6044,0.855189,-1.4909430000000001,-0.806052,0.060201,0.996813,-0.052334000000000006,-0.042185,-0.17841500000000002,-0.034816,0.025401,0.0034,-0.028553
6045,0.853124,-1.4899850000000001,-0.804751,0.060812,0.9967370000000001,-0.053086,-0.032575,-0.157223,-0.014476,0.028635,-0.002489,-0.030012999999999998
6046,0.8519969999999999,-1.489077,-0.803147,0.061433,0.996663,-0.053751,0.0005480000000000001,-0.12334400000000001,0.009215000000000001,0.033492,-0.007298000000000001,-0.032629000000000005
6047,0.8514459999999999,-1.485209,-0.8014640000000001,0.064303,0.99634,-0.056324,0.044223,-0.109767,0.039421,0.054273,-0.016619,-0.04095
6048,0.8476229999999999,-1.483499,-0.802908,0.06536499999999999,0.996192,-0.057698,0.068536,-0.12809,0.071661,0.048969,-0.01908,-0.040966
6049,0.843943,-1.48115,-0.804027,0.0669,0.995984,-0.059491999999999996,0.09514500000000001,-0.12293299999999999,0.091068,0.044703,-0.037992000000000005,-0.030351999999999997
6050,0.836675,-1.477048,-0.808507,0.069498,0.995609,-0.062713,0.119546,-0.146485,0.098749,0.029089,0.00256,-0.029495999999999998
6051,0.828617,-1.471665,-0.813281,0.07293999999999999,0.9950899999999999,-0.066893,0.128932,-0.175361,0.119153,0.025906000000000002,-0.004246,-0.02289
6052,0.824867,-1.467219,-0.8138479999999999,0.075937,0.994641,-0.070168,0.139678,-0.148805,0.12880999999999998,0.024374,-0.013881999999999999,-0.011512999999999999
6053,0.8279030000000001,-1.462061,-0.808172,0.079928,0.994094,-0.073406,0.14188399999999998,-0.127527,0.134144,0.028395,-0.012206,0.003094
6054,0.829766,-1.457851,-0.804354,0.083151,0.9936280000000001,-0.076081,0.13889300000000002,-0.08064400000000001,0.13406600000000002,0.026087,0.004861,0.012178
6055,0.8329780000000001,-1.45403,-0.8004560000000001,0.086204,0.9931909999999999,-0.07836699999999999,0.122182,-0.011299,0.12318,0.017159999999999998,0.011753,0.008787
6056,0.838628,-1.4503549999999998,-0.795031,0.08935900000000001,0.992756,-0.080318,0.101017,0.011211,0.106982,0.016507,0.002728,0.005871
6057,0.8426450000000001,-1.447478,-0.791205,0.091813,0.9924059999999999,-0.081859,0.08505599999999999,0.010245,0.096191,0.017456,0.011821,0.008892
6058,0.8456020000000001,-1.4447649999999999,-0.788874,0.094069,0.9920690000000001,-0.083373,0.078875,0.047599,0.084351,0.00847,0.02496,-0.0038009999999999997
6059,0.8462709999999999,-1.442625,-0.789555,0.095714,0.9917969999999999,-0.084717,0.068389,0.074323,0.070357,0.001652,0.021859,-0.00047300000000000006
6060,0.848316,-1.441335,-0.788958,0.096847,0.991632,-0.085367,0.044955,0.07019600000000001,0.057379,-0.004195,0.008841,0.005609
6061,0.8490690000000001,-1.440347,-0.789696,0.097647,0.991504,-0.085941,0.036539999999999996,0.079881,0.040215,-0.010687,0.0035369999999999998,0.00214
6062,0.848749,-1.439558,-0.791851,0.09820599999999999,0.991401,-0.08649,0.03988,0.101213,0.030597000000000003,-0.011979,-0.0011970000000000001,0.0018030000000000001
6063,0.8499620000000001,-1.4383620000000001,-0.792713,0.099202,0.991243,-0.087153,0.038818,0.100161,0.028455,0.005886,0.015608000000000002,-0.002843
6064,0.8508030000000001,-1.437424,-0.7937109999999999,0.09997400000000001,0.9911190000000001,-0.08768300000000001,0.029144,0.086338,0.030541000000000002,0.0025039999999999997,0.017516999999999998,-0.0032600000000000003
6065,0.852483,-1.436708,-0.7937609999999999,0.100656,0.991024,-0.087982,0.018504,0.090644,0.028325,-0.002175,0.015233000000000002,-0.002442
6066,0.8522639999999999,-1.436533,-0.796185,0.100767,0.991,-0.088118,0.012276,0.125833,0.02503,-0.007947,0.007489,-0.003084
6067,0.8536520000000001,-1.435983,-0.797512,0.1013,0.990926,-0.088336,0.020893000000000002,0.13860799999999998,0.019732,-0.0007599999999999999,0.00503,-0.00343
6068,0.854194,-1.435841,-0.7994979999999999,0.101453,0.990907,-0.08837300000000001,0.018692,0.117336,0.013333000000000001,-0.010373,0.010283,0.0035340000000000002
6069,0.85416,-1.436305,-0.801679,0.101103,0.99097,-0.088075,0.012275,0.10461300000000001,0.0036880000000000003,-0.014906,0.011059999999999999,0.009170999999999999
6070,0.8547239999999999,-1.436634,-0.803111,0.100908,0.991014,-0.087804,0.008026,0.09827899999999999,-0.007016,-0.013536000000000001,0.011733,0.010121
6071,0.857176,-1.437516,-0.802618,0.100462,0.991131,-0.086984,0.000551,0.09618,-0.008136,-0.002592,0.013202,0.007989
6072,0.86025,-1.43793,-0.8015909999999999,0.100418,0.991186,-0.08640700000000001,-0.0068650000000000004,0.10686300000000001,-0.00927,0.000138,0.008295,0.005154
6073,0.8643719999999999,-1.438286,-0.799899,0.100505,0.991233,-0.08576399999999999,-0.015305000000000001,0.12925899999999999,-0.008289,0.003057,0.006539,0.006006
6074,0.8691110000000001,-1.4386510000000001,-0.79786,0.100633,0.991282,-0.085052,-0.013133,0.137774,-0.008284,0.000746,0.010656,-0.0017239999999999998
6075,0.872266,-1.438917,-0.79765,0.100699,0.991317,-0.084565,-0.007737000000000001,0.15584800000000001,-0.003997,-0.00199,0.004625,-0.001007
6076,0.875558,-1.4390690000000002,-0.797532,0.100861,0.9913370000000001,-0.084137,-0.0055969999999999995,0.158901,0.000288,-0.002503,0.004055,-3.1e-05
6077,0.8789129999999999,-1.439804,-0.797121,0.100582,0.991433,-0.083333,-0.015296,0.141874,0.0045130000000000005,-0.011516,0.010444,0.006611
6078,0.8820549999999999,-1.44095,-0.796619,0.099966,0.991582,-0.082294,-0.023851,0.130216,-0.003012,-0.020529,0.012721,0.007723999999999999
6079,0.8856639999999999,-1.4419819999999999,-0.795473,0.09947,0.991715,-0.081285,-0.021709,0.12172899999999999,-0.013669999999999998,-0.024031,0.009307,0.011797
6080,0.8871290000000001,-1.443276,-0.796435,0.098594,0.9918799999999999,-0.080329,-0.009946,0.119591,-0.022133,-0.014488,0.012392,0.0067209999999999995
6081,0.88731,-1.444507,-0.798431,0.097662,0.992036,-0.07954,-0.010039,0.100413,-0.021043,-0.015493,0.009444,0.00938
6082,0.8889600000000001,-1.445516,-0.798555,0.09701599999999999,0.9921629999999999,-0.078748,-0.022904,0.082365,-0.025384,-0.01384,0.009256,0.012525
6083,0.8928280000000001,-1.4472459999999998,-0.796201,0.09598200000000001,0.9923770000000001,-0.077295,-0.035747,0.072827,-0.026532,-0.013279,0.009927,0.017618
6084,0.896818,-1.448612,-0.793617,0.095231,0.9925450000000001,-0.076065,-0.037906,0.06963,-0.024406999999999998,-0.015747999999999998,0.01037,0.01564
6085,0.900709,-1.449915,-0.791122,0.094512,0.9927030000000001,-0.074891,-0.035778,0.07067999999999999,-0.022259,-0.015991,0.010883,0.012605
6086,0.902118,-1.4512260000000001,-0.7910229999999999,0.093596,0.9928600000000001,-0.073951,-0.028364,0.06318,-0.017925999999999997,-0.012846999999999999,0.004561,7.000000000000001e-06
6087,0.902756,-1.451915,-0.791371,0.09310700000000001,0.992942,-0.07346799999999999,-0.019958,0.040754000000000005,-0.01143,-0.011854,0.002282,-0.0020629999999999997
6088,0.9027379999999999,-1.452491,-0.791822,0.09265599999999999,0.9930100000000001,-0.073115,-0.019021,0.013049000000000002,-0.010320999999999999,-0.012837000000000001,0.0032670000000000004,-0.002874
6089,0.9017430000000001,-1.4533690000000001,-0.792953,0.091899,0.9931129999999999,-0.072666,-0.012648999999999999,0.005575,-0.011337,-0.012081,0.006551,0.004002
6090,0.901708,-1.4538719999999998,-0.792937,0.09150599999999999,0.9931719999999999,-0.07236000000000001,-0.009511,-0.008284999999999999,-0.011298,-0.005827000000000001,0.006828,0.0034049999999999996
6091,0.90151,-1.4542709999999999,-0.792925,0.09118,0.9932190000000001,-0.072132,-0.006334,-0.010439,-0.008068,-0.003747,0.008719,0.004368
6092,0.902314,-1.454726,-0.792044,0.090883,0.9932709999999999,-0.071778,-0.010555,-0.001893,-0.010246,-0.001375,0.013350999999999998,0.0025800000000000003
6093,0.903866,-1.455495,-0.7902939999999999,0.090394,0.99336,-0.071164,-0.024472999999999998,-0.015681,-0.013531,-0.008927,0.015475,0.009839
6094,0.90735,-1.456532,-0.786475,0.08983,0.9934790000000001,-0.070215,-0.038305,-0.013475999999999998,-0.020040000000000002,-0.007509,0.013571000000000001,0.011972
6095,0.9132530000000001,-1.4581790000000001,-0.780462,0.088948,0.9936649999999999,-0.06868300000000001,-0.040354,-0.000659,-0.026481,-0.005925,0.013231999999999999,0.015125
6096,0.916939,-1.459757,-0.7766529999999999,0.08795499999999999,0.993842,-0.067401,-0.036108,-0.01024,-0.031782,-0.010745999999999999,0.007318000000000001,0.011538
6097,0.919018,-1.46118,-0.774208,0.086971,0.9939979999999999,-0.06636,-0.041486,-0.02087,-0.032875,-0.0135,0.007084999999999999,0.011551
6098,0.921335,-1.4627700000000001,-0.771533,0.085866,0.9941709999999999,-0.065203,-0.045692,-0.014433000000000001,-0.040391,-0.0127,0.010376,0.011614
6099,0.922249,-1.4650940000000001,-0.770271,0.084084,0.994419,-0.06372799999999999,-0.044656,-0.020828,-0.040379000000000005,-0.010384000000000001,0.00639,0.007439
6100,0.9241469999999999,-1.466214,-0.767652,0.083316,0.9945360000000001,-0.062898,-0.044779,-0.044389,-0.035015,-0.009616,0.006272,0.006608
6101,0.9258149999999999,-1.4675610000000001,-0.764694,0.08235,0.994676,-0.061952999999999994,-0.038536,-0.073199,-0.028526,-0.003935,0.003539,0.001773
6102,0.92311,-1.468641,-0.765642,0.081326,0.9947870000000001,-0.061528,-0.032244999999999996,-0.092417,-0.023117,-0.005901,0.003535,-0.003215
6103,0.9222319999999999,-1.46949,-0.764636,0.080598,0.994873,-0.061089,-0.031197000000000003,-0.092438,-0.018838,-0.008104,0.0046689999999999995,-0.001518
6104,0.921348,-1.470306,-0.763672,0.079897,0.9949549999999999,-0.06066900000000001,-0.026925,-0.092448,-0.019877000000000002,-0.006975,0.004526,-0.000641
6105,0.918452,-1.47153,-0.764686,0.07875399999999999,0.995077,-0.060161,-0.022677000000000003,-0.09247999999999999,-0.015576,-0.008701,-0.00115,0.0025440000000000003
6106,0.918018,-1.47223,-0.763254,0.07817400000000001,0.9951459999999999,-0.059772000000000006,-0.022654,-0.096703,-0.025185,-3.4e-05,0.012559,0.000659
6107,0.917112,-1.472783,-0.761892,0.077684,0.995201,-0.059508000000000005,-0.023831,-0.119078,-0.023027000000000002,0.006789,0.003457,-0.000825
6108,0.917493,-1.473652,-0.759214,0.077019,0.9952850000000001,-0.058953,-0.027013,-0.1095,-0.017721,-0.00425,0.015137000000000001,0.0037619999999999997
6109,0.919585,-1.474697,-0.755073,0.076315,0.9953860000000001,-0.058161000000000004,-0.046131,-0.099807,-0.027482,-0.00524,0.010901000000000001,0.010767
6110,0.924825,-1.476475,-0.747829,0.075205,0.995555,-0.056695,-0.05248099999999999,-0.099738,-0.039277,-0.004922999999999999,0.009389,0.012277
6111,0.9278270000000001,-1.478115,-0.743012,0.07406900000000001,0.995708,-0.05549,-0.054515,-0.082665,-0.044655,-0.007159,0.006169,0.010232999999999999
6112,0.9300370000000001,-1.479765,-0.739314,0.072874,0.9958600000000001,-0.054344,-0.060835,-0.069838,-0.050057,-0.00485,0.012745999999999999,0.002723
6113,0.931826,-1.481631,-0.7360939999999999,0.071479,0.996027,-0.05310499999999999,-0.069351,-0.072974,-0.057590999999999996,-0.000343,0.013859999999999999,-0.001109
6114,0.935321,-1.4835120000000002,-0.7309680000000001,0.070156,0.996193,-0.051743,-0.07789,-0.08567999999999999,-0.069385,0.0032689999999999998,0.011894,-0.0016940000000000002
6115,0.937641,-1.4852969999999999,-0.726813,0.068843,0.996347,-0.050527999999999997,-0.066188,-0.089995,-0.066093,0.00591,0.001562,-0.0037630000000000003
6116,0.935976,-1.486464,-0.726823,0.06782200000000001,0.9964459999999999,-0.049953,-0.045888,-0.07836900000000001,-0.060623,0.010318,-0.0021219999999999998,-0.011356999999999999
6117,0.930809,-1.486149,-0.73035,0.067815,0.9964200000000001,-0.05049,-0.035311,-0.086979,-0.047716,0.020182,-0.003698,-0.020692
6118,0.9282100000000001,-1.48642,-0.730908,0.067467,0.996442,-0.050504,-0.028038,-0.11264400000000001,-0.029470999999999997,0.023216,-0.0062840000000000005,-0.022997999999999998
6119,0.925154,-1.4856129999999999,-0.731457,0.067955,0.996374,-0.051193999999999996,-0.023892,-0.129745,-0.018734,0.025841000000000003,-0.0022489999999999997,-0.024505000000000002
6120,0.9245909999999999,-1.485001,-0.729221,0.068412,0.9963219999999999,-0.051599,-0.020766,-0.144678,-0.016554,0.019997,-0.006927,-0.011984999999999999
6121,0.923243,-1.484988,-0.7278979999999999,0.068353,0.9963209999999999,-0.051699,-0.0036,-0.125555,-0.018593000000000002,0.020361,-0.004744,-0.005674
6122,0.922977,-1.483479,-0.725938,0.069538,0.9961899999999999,-0.052624000000000004,0.006052,-0.106447,-0.009999,0.027447000000000003,0.008845,-0.013187
6123,0.921271,-1.482175,-0.725614,0.070483,0.9960760000000001,-0.05352899999999999,0.007092,-0.101171,0.001755,0.025892000000000002,0.0041530000000000004,-0.015288999999999999
6124,0.9200510000000001,-1.4813,-0.7249939999999999,0.07111100000000001,0.9959979999999999,-0.054141999999999996,0.010332,-0.080989,0.013503999999999999,0.025478,-0.000606,-0.015178
6125,0.9247790000000001,-1.479012,-0.7194189999999999,0.073186,0.995791,-0.055178,0.034000999999999997,-0.033151,0.017887,0.024257,0.008787,-0.00717
6126,0.923509,-1.477409,-0.72012,0.074389,0.9956430000000001,-0.056233000000000005,0.024378999999999998,-0.030041,0.025277,0.022336,0.010812,-0.014262
6127,0.92386,-1.476374,-0.718561,0.07523099999999999,0.9955459999999999,-0.056828,0.009261,-0.067285,0.028424,0.017054,0.010039,-0.012615000000000001
6128,0.9234549999999999,-1.4755790000000002,-0.7179369999999999,0.075839,0.9954700000000001,-0.057336,0.032924,-0.036439,0.016798,0.0008210000000000001,-0.001391,0.006661
6129,0.9185209999999999,-1.474773,-0.722766,0.076193,0.9953930000000001,-0.058196000000000005,0.055524000000000004,0.00822,0.017967,0.000711,0.0014939999999999999,0.005767
6130,0.9115139999999999,-1.4737770000000001,-0.730014,0.076566,0.995297,-0.059336,0.06192,0.002889,0.013746000000000001,0.003207,0.010454999999999999,0.002725
6131,0.903315,-1.472481,-0.737837,0.07709099999999999,0.9951709999999999,-0.06076,0.052152,-0.035423,0.01266,0.008175,0.007698,-0.006211
6132,0.8967120000000001,-1.47163,-0.7436159999999999,0.077349,0.995087,-0.061796000000000004,0.042536000000000004,-0.040707,0.010463,0.0036439999999999997,0.000763,-0.002993
6133,0.8910469999999999,-1.470969,-0.748846,0.07751,0.9950209999999999,-0.06264700000000001,0.041613,-0.011928,0.007215000000000001,0.000646,0.001927,0.0005740000000000001
6134,0.887202,-1.470423,-0.752779,0.07769,0.994967,-0.063288,0.04387,0.007273999999999999,-0.0013390000000000001,0.005333,0.011762,0.0052439999999999995
6135,0.883611,-1.469953,-0.7566609999999999,0.077823,0.99492,-0.063863,0.032177,0.014780000000000001,-0.0035659999999999997,0.009518,0.011687000000000001,0.006398
6136,0.8818530000000001,-1.469516,-0.758767,0.078046,0.994876,-0.064276,0.022556,0.015858,0.001707,0.010957999999999999,0.009961,0.002691
6137,0.8769549999999999,-1.468642,-0.7639130000000001,0.078399,0.9947870000000001,-0.065214,0.017166,0.011581999999999999,0.010222,0.0038,0.0068,-0.013354
6138,0.875056,-1.468212,-0.766105,0.078604,0.994743,-0.065637,0.01078,0.016922,0.012306000000000001,-0.00115,0.009224,-0.009420999999999999
6139,0.872531,-1.467752,-0.768955,0.078788,0.9946959999999999,-0.066129,0.02465,0.016873,0.012403,-0.0026620000000000003,0.007181,-0.006976
6140,0.863282,-1.466673,-0.778496,0.078988,0.994584,-0.067552,0.049151,0.013569999999999999,0.017919,-0.000207,-0.002091,-0.014662
6141,0.8565879999999999,-1.4651969999999999,-0.785359,0.079644,0.9944299999999999,-0.06904099999999999,0.05652000000000001,0.003906,0.030802,0.005104,-0.004043,-0.015859
6142,0.8521190000000001,-1.463515,-0.7897930000000001,0.080594,0.994251,-0.070498,0.05001,-0.007840999999999999,0.043591000000000005,0.007297,0.000332,-0.016279
6143,0.8472870000000001,-1.461837,-0.794201,0.08150299999999999,0.9940700000000001,-0.071991,0.044576,-0.027010000000000003,0.046782,-9.7e-05,0.00564,-0.010361
6144,0.843548,-1.46048,-0.797322,0.08224,0.9939209999999999,-0.073192,0.053087999999999996,-0.030244,0.048982,-0.003856,0.010351,-0.004888
6145,0.8381540000000001,-1.458915,-0.802161,0.083,0.993748,-0.074674,0.060586,-0.026,0.046892,-0.005501,0.008297,-0.010943000000000001
6146,0.8337040000000001,-1.457294,-0.806194,0.083859,0.9935649999999999,-0.076125,0.052085,-0.017453,0.047889999999999995,-0.002606,0.0042369999999999994,-0.011581999999999999
6147,0.8309719999999999,-1.455442,-0.808738,0.085011,0.9933540000000001,-0.07759500000000001,0.044681,-0.003578,0.047820999999999995,0.005657,0.0016870000000000001,-0.008037
6148,0.83141,-1.4541680000000001,-0.808477,0.085979,0.993207,-0.07841000000000001,0.039438,0.016681,0.047758,0.004688,0.001834,-0.007222
6149,0.8336819999999999,-1.452833,-0.806647,0.087139,0.99305,-0.079106,0.035237,0.024183,0.040243,0.002125,0.008842000000000001,0.001423
6150,0.829468,-1.452174,-0.811337,0.087288,0.992973,-0.079914,0.040625,0.024211,0.028527999999999998,-0.013099000000000001,0.0038229999999999996,-0.002559
6151,0.827684,-1.451278,-0.813649,0.0878,0.992866,-0.080671,0.038534,0.026379000000000003,0.021033,-0.013611000000000002,0.003929,-0.001802
6152,0.824116,-1.450772,-0.817655,0.08788,0.992806,-0.081325,0.026746,0.017884999999999998,0.024165,-0.010838,0.013969,-0.0017739999999999998
6153,0.82589,-1.4504540000000001,-0.8158920000000001,0.088257,0.992768,-0.081384,0.01909,-0.014085,0.033766000000000004,-0.002228,0.014206,0.006494
6154,0.8276889999999999,-1.449703,-0.8134100000000001,0.088952,0.992677,-0.08173,0.011473,-0.041777,0.039089,-0.0029230000000000003,0.014296000000000001,0.0068390000000000005
6155,0.828937,-1.449458,-0.8112699999999999,0.089233,0.992648,-0.08178200000000001,0.014668,-0.042852999999999995,0.039112,-0.01831,0.006055,0.004786
6156,0.82794,-1.449125,-0.811556,0.089395,0.992607,-0.082095,0.021131999999999998,-0.030088,0.038071,-0.017434,0.005547,0.004214
6157,0.82911,-1.4483190000000001,-0.809846,0.09008,0.992509,-0.08252999999999999,0.019041,-0.023676,0.034843,-0.019249000000000002,0.004409000000000001,0.0039020000000000005
6158,0.828932,-1.4491020000000001,-0.8094520000000001,0.08949299999999999,0.992604,-0.082022,0.017952000000000003,-0.035361000000000004,0.02737,-0.017838,0.011195,0.016211
6159,0.8287760000000001,-1.449546,-0.8085600000000001,0.089156,0.992658,-0.081738,0.010406,-0.05980599999999999,0.019869,-0.01924,0.0152,0.017453
6160,0.827192,-1.4500309999999998,-0.809085,0.088671,0.992717,-0.081553,0.006229,-0.045917,0.013411000000000001,-0.021761000000000003,0.017415,0.012018000000000001
6161,0.823521,-1.45049,-0.811807,0.088037,0.992772,-0.081568,0.008347,-0.052302999999999995,0.010227,-0.007166,0.008205,0.000346
6162,0.82158,-1.450472,-0.812335,0.087891,0.99277,-0.081751,0.00395,-0.079989,0.011299,-0.007615,0.007566,0.004953
6163,0.8218409999999999,-1.450767,-0.810404,0.087699,0.9928049999999999,-0.08152899999999999,-0.005667,-0.08102899999999999,0.013368999999999999,-0.00907,0.010689,0.009278
6164,0.823111,-1.4514790000000002,-0.807538,0.087283,0.9928899999999999,-0.08093600000000001,-0.006716,-0.082069,0.008020000000000001,-0.005954,0.011016,0.012073
6165,0.8231139999999999,-1.4519389999999999,-0.805822,0.086949,0.9929450000000001,-0.080626,-0.003507,-0.085255,0.002705,-0.007344,0.00884,0.012343000000000002
6166,0.8222809999999999,-1.452456,-0.805016,0.086506,0.9930059999999999,-0.080349,-0.005603,-0.083091,-0.0037229999999999997,-0.008579,0.00939,0.010768999999999999
6167,0.823759,-1.4533559999999999,-0.801844,0.08596799999999999,0.9931120000000001,-0.079613,-0.012006999999999999,-0.08519,-0.005902,-0.001114,0.009406,0.012825999999999999
6168,0.82552,-1.454014,-0.798586,0.085629,0.993189,-0.079019,-0.021523,-0.064921,-0.004926,-0.002651,0.009420999999999999,0.012659
6169,0.828399,-1.4546139999999999,-0.794717,0.08541599999999999,0.993258,-0.07836900000000001,-0.02249,-0.040424,-0.0028280000000000002,-0.0012029999999999999,0.008374,0.00882
6170,0.83295,-1.455451,-0.7893600000000001,0.08515700000000001,0.9933549999999999,-0.077421,-0.020368,-0.041500999999999996,-0.001744,-0.00186,0.0053479999999999995,0.009061
6171,0.834464,-1.4559010000000001,-0.787035,0.08494299999999999,0.9934069999999999,-0.07699099999999999,-0.0129,-0.040466,-0.0006259999999999999,-0.009138,0.006013,-0.00014199999999999998
6172,0.8340059999999999,-1.456227,-0.786591,0.084668,0.9934440000000001,-0.076812,-0.012943000000000001,-0.047931,0.001519,-0.007045999999999999,0.006159,-0.00047300000000000006
6173,0.8304290000000001,-1.456599,-0.788967,0.08412,0.9934870000000001,-0.07686599999999999,-0.009824,-0.06393,0.0036969999999999998,-0.008406,0.004804,-0.003243
6174,0.828073,-1.456874,-0.7897930000000001,0.083737,0.993518,-0.076879,-0.008838,-0.080982,0.004793,-0.0045899999999999995,0.008374,-0.00031600000000000004
6175,0.8286469999999999,-1.457147,-0.787471,0.08358099999999999,0.993549,-0.076647,-0.010995999999999999,-0.087362,0.0037170000000000003,-0.003152,0.007977,0.006152
6176,0.8299719999999999,-1.457682,-0.784471,0.08329099999999999,0.993609,-0.076178,-0.012020999999999999,-0.080953,0.000496,-0.0034869999999999996,0.004743,0.005057
6177,0.830263,-1.457962,-0.782626,0.083107,0.993641,-0.07596599999999999,-0.010921,-0.076815,0.001552,-0.00251,0.006770999999999999,0.004065999999999999
6178,0.830867,-1.458382,-0.7805489999999999,0.082845,0.9936879999999999,-0.07563500000000001,-0.016222,-0.071461,-0.000629,-0.0050409999999999995,0.008219,0.004497999999999999
6179,0.832312,-1.459281,-0.777608,0.082294,0.9937889999999999,-0.074913,-0.026887,-0.075664,-0.00604,-0.00542,0.011445,0.007927
6180,0.8344729999999999,-1.460825,-0.773792,0.081319,0.993959,-0.07370499999999999,-0.03756,-0.085203,-0.014653999999999999,-0.011037,0.014387,0.012731000000000001
6181,0.834667,-1.462681,-0.7719229999999999,0.079966,0.9941610000000001,-0.07245,-0.043886,-0.080868,-0.027525,-0.014704,0.010554000000000001,0.008364
6182,0.8339469999999999,-1.464178,-0.771027,0.078811,0.9943219999999999,-0.071507,-0.049177,-0.08081100000000001,-0.037176999999999995,-0.013,0.011202,0.004842
6183,0.833982,-1.466477,-0.769297,0.07712100000000001,0.9945639999999999,-0.069969,-0.054504,-0.086089,-0.044687,-0.005481000000000001,0.012242,0.006523
6184,0.834584,-1.4682030000000001,-0.7670279999999999,0.07589,0.994742,-0.06876900000000001,-0.061934,-0.081785,-0.049018,-0.005028,0.01098,0.005354
6185,0.8372629999999999,-1.470485,-0.7625890000000001,0.074388,0.994973,-0.06704600000000001,-0.067313,-0.092414,-0.050111,-0.004472,0.007331,0.007888
6186,0.838993,-1.472528,-0.759025,0.072992,0.995175,-0.065559,-0.07261000000000001,-0.08493400000000001,-0.051226999999999995,-0.005746,0.006595,0.002189
6187,0.841216,-1.474316,-0.755326,0.071811,0.9953489999999999,-0.06421,-0.071466,-0.065772,-0.049107,-0.002292,0.0064659999999999995,-0.000517
6188,0.845601,-1.475867,-0.749638,0.070935,0.995498,-0.06287000000000001,-0.06937,-0.066885,-0.045913999999999996,0.003421,0.0014810000000000001,-0.0009880000000000002
6189,0.850234,-1.477396,-0.7434470000000001,0.070082,0.995641,-0.061536,-0.06840399999999999,-0.083954,-0.040544,0.001207,0.00355,0.001051
6190,0.853877,-1.478923,-0.738007,0.06916,0.995783,-0.060282,-0.063085,-0.08822999999999999,-0.041569999999999996,0.001626,0.007498,0.002268
6191,0.8548899999999999,-1.480128,-0.735416,0.068316,0.995892,-0.059425,-0.052320000000000005,-0.07014400000000001,-0.044722000000000005,0.0037359999999999997,0.002948,-0.005654
6192,0.855309,-1.481154,-0.7337239999999999,0.067569,0.995985,-0.058726,-0.049089999999999995,-0.061641999999999995,-0.042573,0.005444,0.005282,-0.006719
6193,0.8563440000000001,-1.482208,-0.731421,0.066836,0.996079,-0.057967,-0.048061,-0.06274,-0.035087,0.005414,0.002334,-0.006959
6194,0.8582489999999999,-1.4829860000000001,-0.7283649999999999,0.06636,0.9961469999999999,-0.057333,-0.046993,-0.057439,-0.029744,0.005295,0.005455,-0.00361
6195,0.861225,-1.484057,-0.7241489999999999,0.065721,0.9962409999999999,-0.05644,-0.047027,-0.065957,-0.030802,-0.001497,0.00672,0.001829
6196,0.863359,-1.4853379999999998,-0.720504,0.064872,0.996351,-0.055471000000000006,-0.048123,-0.07871,-0.037203,-0.002128,0.006381,0.0031030000000000003
6197,0.8620120000000001,-1.487121,-0.720334,0.063448,0.996501,-0.054402,-0.049165,-0.072262,-0.046889,-0.003435,0.010762,0.006962
6198,0.86308,-1.488668,-0.717904,0.062335,0.9966290000000001,-0.053330999999999996,-0.05230800000000001,-0.064772,-0.052262,-0.000277,0.010801999999999999,0.006182
6199,0.865099,-1.49031,-0.7147180000000001,0.061197,0.996763,-0.052144,-0.059724,-0.05515,-0.054462,0.001898,0.010073,0.004582999999999999
6200,0.87067,-1.492019,-0.708088,0.06018300000000001,0.996899,-0.050705,-0.061849,-0.054073,-0.055546000000000005,0.003385,0.0059240000000000004,0.003082
6201,0.8739459999999999,-1.493615,-0.7037869999999999,0.059128,0.997023,-0.049486,-0.060763,-0.048754,-0.054477,0.0020440000000000002,0.004137,-0.000579
6202,0.8752620000000001,-1.495124,-0.701548,0.058039,0.997138,-0.048444,-0.056476,-0.043447,-0.053386,0.002996,0.0061270000000000005,-0.004214
6203,0.8754299999999999,-1.496148,-0.7004859999999999,0.057263999999999995,0.997215,-0.047781,-0.053288999999999996,-0.045593,-0.052291,0.006945000000000001,0.0035479999999999995,-0.007792
6204,0.875056,-1.497044,-0.699902,0.056559000000000005,0.997281,-0.047229,-0.048038,-0.048766000000000004,-0.046965,0.00945,0.003863,-0.010541
6205,0.875466,-1.498006,-0.698431,0.055841999999999996,0.997352,-0.046591,-0.041684,-0.054136000000000004,-0.041572000000000005,0.01087,0.0047079999999999995,-0.010416
6206,0.8734370000000001,-1.498059,-0.6993010000000001,0.055707000000000007,0.9973559999999999,-0.046669999999999996,-0.032157,-0.063786,-0.034013,0.011371,0.000661,-0.013007
6207,0.871439,-1.498536,-0.69977,0.055249,0.99739,-0.046475,-0.024788,-0.084061,-0.031798,0.012941999999999999,-0.000641,-0.010517
6208,0.8685879999999999,-1.498921,-0.700846,0.054823000000000004,0.997418,-0.046383999999999995,-0.017348,-0.086234,-0.027469999999999998,0.011675,0.001239,-0.010362999999999999
6209,0.866604,-1.498656,-0.701385,0.054933,0.9973989999999999,-0.046664,-0.007683,-0.066053,-0.021016999999999997,0.018508,0.005103,-0.010053
6210,0.864624,-1.498485,-0.7021350000000001,0.054970000000000005,0.9973870000000001,-0.046883999999999995,-0.0034340000000000004,-0.061841,-0.012445,0.017768,0.0027660000000000002,-0.008979000000000001
6211,0.8652799999999999,-1.498281,-0.700337,0.055156,0.9973719999999999,-0.04698,-0.0044859999999999995,-0.054397,-0.008187999999999999,0.020146,0.0061990000000000005,-0.005647999999999999
6212,0.867835,-1.49785,-0.696851,0.055603999999999994,0.997341,-0.047116000000000005,-0.0044469999999999996,-0.042692,-0.0049960000000000004,0.012343999999999999,0.005391,-0.0028870000000000002
6213,0.869273,-1.497801,-0.694682,0.055709,0.997337,-0.047068,-0.005471,-0.034162,-0.0060810000000000005,0.008714,0.007073,0.000376
6214,0.870484,-1.497822,-0.69288,0.05575,0.997339,-0.046987,-0.009709,-0.026694,-0.005052,0.007803,0.001349,-0.001078
6215,0.87311,-1.497684,-0.689752,0.055978999999999994,0.9973280000000001,-0.046929000000000005,-0.00759,-0.029897000000000003,-0.005031,0.007147,0.0033280000000000002,-0.002464
6216,0.873347,-1.49766,-0.688788,0.056008,0.9973270000000001,-0.046931,-0.004437,-0.04056,-0.004995,0.006171,0.010074,-0.005986
6217,0.870367,-1.497571,-0.691021,0.055936,0.9973200000000001,-0.047155,0.001998,-0.033125999999999996,-0.00496,0.00339,0.010843,-0.008187999999999999
6218,0.867347,-1.4972,-0.693509,0.056075,0.997293,-0.047563,0.006286,-0.023575,0.0004,0.006287,0.002936,-0.0045
6219,0.870661,-1.496737,-0.6897220000000001,0.056585,0.997259,-0.047674,0.006271,-0.021465,0.0057399999999999994,0.009562000000000001,0.005045,0.001196
6220,0.871267,-1.4965950000000001,-0.688716,0.056723,0.9972479999999999,-0.047731,-0.00014,-0.021450999999999998,0.007831,0.009424,0.005056000000000001,0.001253
6221,0.8758440000000001,-1.496553,-0.683523,0.056972,0.997245,-0.047498,-0.003408,-0.036352999999999996,0.007828,-0.0017809999999999998,0.0077599999999999995,0.0016760000000000002
6222,0.875942,-1.496659,-0.682621,0.056896,0.9972530000000001,-0.047425,-0.00018899999999999999,-0.03953,0.000377,-0.0044670000000000005,0.009323,0.003007
6223,0.8743489999999999,-1.496879,-0.683643,0.056652,0.9972690000000001,-0.047375,0.002055,-0.021402,-0.0060409999999999995,-0.001324,0.010604,0.001446
6224,0.8748370000000001,-1.497049,-0.68294,0.056545000000000005,0.997282,-0.047238,-0.0010689999999999999,-0.008591,-0.010352,0.003788,0.011477,0.002606
6225,0.8768870000000001,-1.497309,-0.6806760000000001,0.05644299999999999,0.997301,-0.046956,-0.010686,-0.013875,-0.012548,-0.000229,0.009565,0.0033619999999999995
6226,0.878051,-1.4978850000000001,-0.6792560000000001,0.056055999999999995,0.997343,-0.046524,-0.022379,-0.009551,-0.017977,-0.001811,0.006075,0.002915
6227,0.8801329999999999,-1.498641,-0.67706,0.05557,0.997398,-0.045926,-0.030861000000000003,-0.0020469999999999998,-0.022319,-0.0026379999999999997,0.006218,0.0009279999999999999
6228,0.8850290000000001,-1.499895,-0.672144,0.054827,0.9974879999999999,-0.044862,-0.036239999999999994,0.001318,-0.026736000000000003,-0.0034200000000000003,0.005488,0.003815
6229,0.8880309999999999,-1.5007840000000001,-0.6691600000000001,0.054273,0.99755,-0.044137,-0.03623,0.001327,-0.028872000000000002,-0.002866,0.005425,0.003091
6230,0.8923969999999999,-1.502173,-0.664809,0.053386,0.9976459999999999,-0.04303,-0.036212,0.001344,-0.033145999999999995,-0.0041,0.006611,0.003464
6231,0.8931469999999999,-1.503364,-0.664094,0.052493,0.997727,-0.042246,-0.037251,0.005618,-0.035296,-0.004459,0.005782,9e-06
6232,0.8949950000000001,-1.504471,-0.662367,0.051709000000000005,0.997801,-0.041457,-0.038298,0.008822,-0.036376,-0.00253,0.003908,1.4000000000000001e-05
6233,0.8934620000000001,-1.505452,-0.66399,0.050883,0.997866,-0.040923,-0.035131,0.002415,-0.035276999999999996,0.00031,0.005796,-0.004792
6234,0.890611,-1.506149,-0.666674,0.050226,0.9979110000000001,-0.040631,-0.02559,-0.010406,-0.034126,0.001364,0.006712,-0.010211
6235,0.887337,-1.506793,-0.6696810000000001,0.049594,0.9979530000000001,-0.040389,-0.016012000000000002,-0.012583,-0.030851999999999997,0.003431,0.006228,-0.014024000000000002
6236,0.880191,-1.50684,-0.6765979999999999,0.049268,0.997956,-0.040713,-0.008565999999999999,-0.010508,-0.023324,0.00838,0.006241,-0.012922
6237,0.876919,-1.506813,-0.6795939999999999,0.049155000000000004,0.9979540000000001,-0.040891000000000004,-0.0032979999999999997,-0.015891,-0.013665,0.011163,0.004869,-0.011262999999999999
6238,0.874391,-1.506606,-0.681816,0.049210000000000004,0.997941,-0.041147,0.0020039999999999997,-0.013818,-0.004016,0.010467,0.004898,-0.010519
6239,0.8735930000000001,-1.505434,-0.68248,0.050073,0.997865,-0.041937,0.013741,-0.002187,0.007804000000000001,0.014227000000000002,0.002944,-0.012582
6240,0.87261,-1.504636,-0.683504,0.050643,0.997812,-0.042499,0.020119,0.003074,0.018525,0.013109,0.003882,-0.008862
6241,0.872218,-1.503676,-0.683932,0.051359,0.997748,-0.043134,0.023286,0.001972,0.024959000000000002,0.011904000000000001,0.0037619999999999997,-0.008227
6242,0.8715879999999999,-1.502579,-0.684602,0.05217,0.997674,-0.043872,0.028607,0.00088,0.027135000000000003,0.004959000000000001,0.0060030000000000005,-0.005215999999999999
6243,0.868662,-1.501398,-0.687683,0.052940999999999995,0.9975930000000001,-0.044785000000000005,0.032919,0.012575,0.029287,0.004905,0.0033840000000000003,-0.006729000000000001
6244,0.865225,-1.49996,-0.6915319999999999,0.053878999999999996,0.997492,-0.045897,0.03936,0.024258000000000002,0.032523,0.008011,0.005163,-0.009935
6245,0.863088,-1.498333,-0.694343,0.055013,0.997376,-0.047067000000000005,0.041547,0.03809,0.034658999999999995,0.012858000000000001,0.00386,-0.008612
6246,0.8621270000000001,-1.496861,-0.6961189999999999,0.05608200000000001,0.997268,-0.048075,0.043667000000000004,0.040192,0.040013,0.010965,0.001816,-0.007756999999999999
6247,0.861664,-1.495285,-0.697315,0.057253,0.99715,-0.049124,0.047873,0.033756,0.047529,0.009382,-5e-05,-0.007104000000000001
6248,0.863718,-1.493009,-0.6959420000000001,0.059079,0.996976,-0.050481,0.054247000000000004,0.034769,0.055052,0.010974,0.0069299999999999995,-0.006511
6249,0.862556,-1.490844,-0.697947,0.060659000000000005,0.996806,-0.051953,0.060673000000000005,0.046439999999999995,0.06149299999999999,0.008768000000000001,0.0068260000000000005,-0.009448
6250,0.861058,-1.4887629999999998,-0.7004729999999999,0.062154999999999995,0.9966370000000001,-0.053395000000000005,0.067085,0.052792,0.065803,0.007975,0.005301,-0.009745
6251,0.859877,-1.486161,-0.702767,0.06405599999999999,0.9964209999999999,-0.055161,0.072411,0.058070000000000004,0.073313,0.009751000000000001,0.002786,-0.008681999999999999
6252,0.8595719999999999,-1.4834399999999999,-0.704443,0.066094,0.996187,-0.056951,0.078861,0.075066,0.079747,0.008537000000000001,0.0014939999999999999,-0.007045
6253,0.8597370000000001,-1.48117,-0.705961,0.067817,0.995986,-0.058414999999999995,0.077828,0.08571000000000001,0.08292999999999999,0.006814,0.0016940000000000002,-0.00558
6254,0.8630059999999999,-1.47882,-0.704122,0.069785,0.9957729999999999,-0.059713999999999996,0.073436,0.06015,0.08507,0.0013369999999999999,0.004608,0.0041719999999999995
6255,0.863346,-1.476586,-0.704815,0.071495,0.995566,-0.061136,0.08299400000000001,0.05053,0.085149,-0.005776,0.0048920000000000005,0.000788
6256,0.86088,-1.474317,-0.70848,0.073058,0.9953489999999999,-0.06278500000000001,0.088424,0.066511,0.079824,-0.007155,0.004193,0.000727
6257,0.8587309999999999,-1.472264,-0.7121149999999999,0.07447000000000001,0.99515,-0.064277,0.084238,0.077209,0.07230299999999999,-0.0030440000000000003,0.004393,0.003959000000000001
6258,0.858031,-1.470359,-0.714515,0.07585900000000001,0.9949600000000001,-0.065568,0.075779,0.087917,0.065821,-0.000892,0.006703,0.006288
6259,0.8579530000000001,-1.468495,-0.716547,0.07725599999999999,0.994772,-0.066787,0.072636,0.100712,0.06578200000000001,-0.002961,0.0063880000000000004,0.004699
6260,0.8602290000000001,-1.466672,-0.716374,0.078783,0.994584,-0.06779400000000001,0.065196,0.10712999999999999,0.065722,0.001387,0.006225,0.005019
6261,0.8630629999999999,-1.4648709999999998,-0.715866,0.080335,0.994395,-0.068734,0.060980999999999994,0.123107,0.06994600000000001,-0.000868,0.006459,0.004739
6262,0.867382,-1.4631129999999999,-0.7144119999999999,0.081965,0.994208,-0.069518,0.052589,0.159339,0.074113,-0.0014140000000000001,0.006723000000000001,0.0039049999999999996
6263,0.875178,-1.461492,-0.710228,0.083742,0.9940319999999999,-0.06991,0.043121,0.1892,0.074009,0.002196,0.004656,0.0021609999999999997
6264,0.8816290000000001,-1.4599209999999998,-0.7073729999999999,0.085396,0.9938600000000001,-0.070361,0.044101,0.17214400000000002,0.076174,-0.004997,0.004538,0.003924
6265,0.88666,-1.458566,-0.7054729999999999,0.086792,0.9937090000000001,-0.070781,0.039751,0.149805,0.071898,-0.01236,0.002568,0.006084
6266,0.886441,-1.458387,-0.708433,0.086914,0.9936889999999999,-0.070913,0.027991000000000002,0.13391,0.061149,-0.029800999999999998,0.012995,0.004705
6267,0.885292,-1.458817,-0.712052,0.086502,0.9937370000000001,-0.070742,0.023740999999999998,0.122271,0.045106,-0.033035,0.013053,0.008272
6268,0.883268,-1.4584840000000001,-0.716487,0.086614,0.9937,-0.071127,0.044054,0.117994,0.031363,-0.031652,0.010283,0.004415
6269,0.872765,-1.458451,-0.729042,0.085888,0.9936959999999999,-0.07205399999999999,0.063205,0.093477,0.018705,-0.025433,0.002444,0.0012230000000000001
6270,0.863533,-1.45831,-0.739726,0.085325,0.9936799999999999,-0.072934,0.057679999999999995,0.059582,0.012202,-0.017149,0.013415,0.0057350000000000005
6271,0.859878,-1.457962,-0.7446010000000001,0.08532000000000001,0.993641,-0.07347100000000001,0.042738,0.064935,0.018498,-0.014977,0.014721000000000001,0.01268
6272,0.862093,-1.458392,-0.744027,0.085159,0.9936889999999999,-0.073005,0.032138,0.089439,0.026936,-0.006546,0.008813,0.016395
6273,0.8680899999999999,-1.458148,-0.740041,0.08578,0.993662,-0.072649,0.021529,0.102264,0.025776999999999998,0.000325,0.010717,0.014956
6274,0.873014,-1.4578389999999999,-0.737246,0.086371,0.993627,-0.072423,0.013046,0.10658499999999999,0.018234999999999998,0.001092,0.007426,0.015324
6275,0.8781030000000001,-1.4578,-0.734309,0.086769,0.9936229999999999,-0.072007,0.015163,0.11080899999999999,0.025720999999999997,-0.018455000000000003,0.00299,0.004945000000000001
6276,0.880099,-1.457589,-0.734803,0.087074,0.993599,-0.07196699999999999,0.014134,0.134189,0.040637,-0.025886000000000003,0.007103,0.005072999999999999
6277,0.881495,-1.457414,-0.7360260000000001,0.087309,0.9935790000000001,-0.07195700000000001,0.014134,0.12676199999999999,0.033166,-0.03108,0.016278,0.005261
6278,0.878423,-1.457856,-0.7410720000000001,0.086749,0.9936290000000001,-0.07194400000000001,0.028925,0.08202000000000001,0.020503999999999998,-0.023517,0.0046159999999999994,0.006056000000000001
6279,0.8694700000000001,-1.458444,-0.751092,0.085655,0.9936950000000001,-0.072341,0.031945999999999995,0.041671,0.01197,-0.020850999999999998,0.00336,0.00244
6280,0.863557,-1.458651,-0.75744,0.085069,0.993718,-0.072712,0.030754000000000004,0.009734,0.0077269999999999995,-0.016863,0.000361,0.006687
6281,0.8596459999999999,-1.458988,-0.761355,0.084531,0.993756,-0.072826,0.032857,-0.0051530000000000005,-0.000787,-0.010084000000000001,0.016666,0.013668000000000001
6282,0.856875,-1.459047,-0.764058,0.084284,0.993763,-0.073021,0.022192,-0.00405,-0.000863,-0.008372,0.022076,0.014336000000000002
6283,0.8577969999999999,-1.4593559999999999,-0.7631640000000001,0.08412,0.9937969999999999,-0.07274299999999999,0.004078,0.005582999999999999,0.0032700000000000003,-0.002577,0.014046000000000001,0.023198
6284,0.8676780000000001,-1.460127,-0.753814,0.08425,0.9938819999999999,-0.071413,-0.004332,0.038619,0.007442,0.0018399999999999998,0.003173,0.014100999999999999
6285,0.873052,-1.46002,-0.7497689999999999,0.084714,0.993871,-0.07102699999999999,0.006489,0.076915,0.011742,0.006167,-0.007176,0.013151
6286,0.8767020000000001,-1.459775,-0.747514,0.085159,0.993843,-0.070873,0.010674,0.061973,0.014995,0.003143,0.0011359999999999999,0.010036
6287,0.8764620000000001,-1.460235,-0.748919,0.08479099999999999,0.993894,-0.070601,0.004286,0.062009,0.011743,-0.015211,0.016421,0.0013570000000000001
6288,0.876135,-1.460322,-0.750508,0.084702,0.9939040000000001,-0.070574,6.7e-05,0.063128,0.002097,-0.011963,0.018807,-0.0038740000000000003
6289,0.8752340000000001,-1.460582,-0.752434,0.08444,0.993933,-0.070485,-0.007444,0.039773,-0.011812999999999999,-0.008222,0.013956,-0.0045119999999999995
6290,0.8740700000000001,-1.4607860000000001,-0.753822,0.084202,0.9939549999999999,-0.070453,-0.018275,-0.0038350000000000003,-0.01931,0.00465,-0.0006230000000000001,-0.004254
6291,0.873609,-1.461173,-0.754175,0.083875,0.9939969999999999,-0.070245,-0.010778,0.002531,-0.019265,0.004336,-0.001032,-0.0038829999999999997
6292,0.871345,-1.461255,-0.756943,0.08365299999999999,0.994006,-0.070382,0.0032259999999999997,0.034432,-0.017071,0.005824,0.008145,-0.009834
6293,0.868276,-1.461247,-0.7605390000000001,0.083442,0.9940049999999999,-0.070643,-5e-05,0.020582,-0.013872,-6.8e-05,0.009595999999999999,-0.001318
6294,0.866209,-1.461747,-0.762997,0.08291799999999999,0.99406,-0.070493,-0.013947999999999999,0.022727,-0.005427,-0.008714,0.023274,-0.003527
6295,0.867243,-1.4620309999999999,-0.762563,0.082776,0.994091,-0.070225,-0.011814,0.036513,0.008456,-0.011288,0.015369999999999998,-0.0036270000000000004
6296,0.873397,-1.462105,-0.75718,0.08315,0.994099,-0.06966699999999999,0.011564,0.033167,0.025715,-0.0018210000000000001,-0.019809999999999998,0.014872999999999999
6297,0.878026,-1.462077,-0.752846,0.083493,0.9940959999999999,-0.069299,0.029477,-0.002105,0.039771,-0.011791,-0.0019850000000000002,0.020547
6298,0.878655,-1.4617040000000001,-0.7516619999999999,0.08382200000000001,0.9940549999999999,-0.069483,0.029293,-0.039402,0.043019999999999996,-0.022649000000000002,0.011224,0.021830000000000002
6299,0.875682,-1.4621959999999998,-0.753613,0.083239,0.994109,-0.06941900000000001,0.027104000000000003,-0.054296000000000004,0.039813999999999995,-0.028002,0.012498,0.015036
6300,0.874509,-1.4625219999999999,-0.7535029999999999,0.082909,0.994144,-0.06930900000000001,0.022785,-0.071299,0.033393,-0.019249000000000002,0.019604,0.015918
6301,0.8738549999999999,-1.461807,-0.752562,0.083409,0.994067,-0.069819,0.015284,-0.082974,0.029082999999999998,-0.019749,0.019681999999999998,0.016429
6302,0.8746229999999999,-1.462156,-0.749981,0.083196,0.9941040000000001,-0.069533,0.009889,-0.096799,0.027992000000000003,-0.013890999999999999,0.010046,0.013059999999999999
6303,0.8721700000000001,-1.462289,-0.750459,0.082924,0.9941190000000001,-0.069651,0.002454,-0.094621,0.022594,-0.012505,0.018012,-0.003988
6304,0.872675,-1.461977,-0.748332,0.08319700000000001,0.994085,-0.06980900000000001,0.0015119999999999999,-0.07116499999999999,0.018284,-0.012777,0.018046,-0.0038299999999999996
6305,0.865741,-1.461362,-0.753922,0.083177,0.9940180000000001,-0.070781,0.00584,-0.060517999999999995,0.016163999999999998,0.002502,0.011445,-0.023198
6306,0.861933,-1.4604059999999999,-0.756454,0.083628,0.9939129999999999,-0.071715,0.014377000000000001,-0.07115700000000001,0.005556,0.025534,-0.0036479999999999998,-0.020402
6307,0.857822,-1.460045,-0.758842,0.083604,0.993873,-0.072293,0.025992,-0.09676900000000001,0.006737999999999999,0.025558,-0.0036079999999999997,-0.019824
6308,0.856311,-1.458921,-0.758393,0.084338,0.993748,-0.073151,0.029198,-0.093593,0.008895,0.028638,0.003749,-0.004745
6309,0.8525360000000001,-1.4584780000000002,-0.7608229999999999,0.084392,0.993699,-0.073758,0.021927000000000002,-0.052012,0.0066549999999999995,0.032109,0.002288,-0.006152
6310,0.850384,-1.458176,-0.762415,0.08446000000000001,0.9936649999999999,-0.074139,0.015684,-0.017897,0.005499,0.038267,0.0008880000000000001,-0.011646
6311,0.852916,-1.45655,-0.759671,0.085864,0.993481,-0.074987,0.013571000000000001,-0.00514,0.014019,0.043455,-0.014202000000000001,-0.019206
6312,0.8537399999999999,-1.456146,-0.758937,0.086228,0.9934350000000001,-0.07518,0.007208,0.007648,0.018231,0.033462,0.002186,-0.018234
6313,0.857331,-1.454933,-0.75549,0.087408,0.993295,-0.075658,-0.001344,0.004478,0.019246,0.028849,0.003928,-0.017466
6314,0.8574350000000001,-1.4530969999999999,-0.755587,0.088795,0.993082,-0.076842,0.0019089999999999999,0.017242,0.021393000000000002,0.016674,0.012320000000000001,-0.025972000000000002
6315,0.853348,-1.4513129999999999,-0.759854,0.08981499999999999,0.99287,-0.07836900000000001,0.007162999999999999,0.0033539999999999998,0.026789999999999998,0.010634000000000001,0.012866999999999998,-0.027511
6316,0.852524,-1.450504,-0.7603449999999999,0.09035499999999999,0.9927739999999999,-0.078971,0.005973,-0.026461000000000002,0.024684,0.001366,-0.0008,-0.016121
6317,0.8512930000000001,-1.449984,-0.760785,0.090646,0.992711,-0.07942300000000001,0.003778,-0.044545999999999995,0.020419,8.3e-05,-0.000539,-0.0018449999999999999
6318,0.8528690000000001,-1.4498280000000001,-0.758067,0.090888,0.992692,-0.07938200000000001,-0.000567,-0.06475800000000001,0.01721,0.00022200000000000003,0.003829,0.004752
6319,0.854367,-1.449911,-0.755012,0.09094400000000001,0.9927020000000001,-0.079191,-0.004893,-0.08177000000000001,0.012928,-0.002977,0.01598,0.009198999999999999
6320,0.855291,-1.450689,-0.752526,0.090434,0.9927959999999999,-0.078601,-0.008029000000000001,-0.074272,0.005417,-0.004634,0.016390000000000002,0.006915
6321,0.8573370000000001,-1.451249,-0.7491,0.090175,0.9928629999999999,-0.078052,-0.022889,-0.065664,-0.0032450000000000005,-0.0024980000000000002,0.013531,0.006595
6322,0.860442,-1.4519739999999999,-0.74488,0.089871,0.992949,-0.077302,-0.037721,-0.047481,-0.008713,-0.0017670000000000001,0.018907,0.007737000000000001
6323,0.865762,-1.453388,-0.7387739999999999,0.089212,0.993116,-0.075913,-0.050429,-0.033557,-0.016299,-0.003793,0.016589,0.007035
6324,0.870498,-1.454669,-0.733504,0.08859700000000001,0.993265,-0.074669,-0.05675499999999999,-0.019674,-0.019566,-0.003041,0.003073,0.001519
6325,0.8744149999999999,-1.4557229999999999,-0.729333,0.088086,0.9933860000000001,-0.07365,-0.049214999999999995,-0.009026000000000001,-0.024868,-0.002301,-0.00364,-0.000614
6326,0.878603,-1.456912,-0.724734,0.087484,0.9935219999999999,-0.072527,-0.041786000000000004,-0.027123,-0.034407,-3.6e-05,0.011208,0.006914
6327,0.8788860000000001,-1.458566,-0.723949,0.086239,0.9937090000000001,-0.07145399999999999,-0.034281,-0.017565,-0.033301,-0.01669,0.042806,0.004208
6328,0.8795649999999999,-1.4601879999999998,-0.722969,0.08504600000000001,0.9938889999999999,-0.070368,-0.060805,0.0038799999999999998,-0.045266,-0.017509999999999998,0.02314,0.002664
6329,0.8867520000000001,-1.462208,-0.715492,0.083992,0.99411,-0.068485,-0.085507,-0.032253,-0.045392,0.001655,-0.004242,0.012531
6330,0.894957,-1.464612,-0.706616,0.082688,0.994368,-0.066299,-0.073789,-0.028912,-0.048605,-0.009705,0.005403,0.015778
6331,0.900508,-1.466674,-0.7004739999999999,0.081447,0.994584,-0.064565,-0.070595,-0.029989,-0.048582,-0.011379,0.009063,0.012609
6332,0.90576,-1.4691809999999998,-0.694398,0.079823,0.994842,-0.062598,-0.07597899999999999,-0.044866,-0.052876,-0.012334,0.004579,0.011847
6333,0.9103629999999999,-1.471308,-0.6888569999999999,0.078439,0.9950549999999999,-0.06093099999999999,-0.078085,-0.044833,-0.059301,-0.008034999999999999,0.011811,0.008853
6334,0.914551,-1.4735719999999999,-0.6837,0.076909,0.9952770000000001,-0.059227999999999996,-0.083401,-0.04798,-0.066812,-0.0070079999999999995,0.014763,0.004357
6335,0.915214,-1.4756120000000001,-0.681992,0.075338,0.9954729999999999,-0.057939,-0.07913200000000001,-0.0533,-0.072117,0.003031,0.009806,-0.009047
6336,0.916884,-1.477585,-0.679198,0.073876,0.995659,-0.056617999999999995,-0.082332,-0.056472,-0.075339,0.005424,0.004997,-0.010078
6337,0.9197280000000001,-1.479791,-0.675124,0.07228899999999999,0.995862,-0.055077,-0.086575,-0.060679,-0.084977,0.006171,0.004382,-0.0036090000000000002
6338,0.9269350000000001,-1.481767,-0.666806,0.07111100000000001,0.9960389999999999,-0.053373000000000004,-0.087595,-0.051084,-0.086063,0.011607,0.005547,0.0019199999999999998
6339,0.9316,-1.483715,-0.661292,0.069801,0.9962110000000001,-0.051883000000000006,-0.08114500000000001,-0.035148,-0.080695,0.018212,0.00043200000000000004,-0.00575
6340,0.9362739999999999,-1.485378,-0.656077,0.068709,0.9963540000000001,-0.050574,-0.07686699999999999,-0.021361,-0.06893099999999999,0.019303999999999998,-0.001359,-0.010140999999999999
6341,0.941233,-1.485843,-0.650644,0.068584,0.996394,-0.049960000000000004,-0.075849,-0.024595,-0.060369000000000006,0.01746,-0.000742,-0.01399
6342,0.947098,-1.487235,-0.644253,0.06775,0.996511,-0.048746,-0.073788,-0.025547,-0.054019000000000005,0.014831,0.00175,-0.011923
6343,0.9536479999999999,-1.488689,-0.63725,0.066886,0.9966309999999999,-0.047463,-0.06844299999999999,-0.020252000000000003,-0.050783,0.010019,0.002392,-0.006506999999999999
6344,0.9586319999999999,-1.48967,-0.631853,0.066322,0.996711,-0.046567000000000004,-0.055664,-0.021379,-0.046418,0.009332,-0.003059,-0.007951999999999999
6345,0.959884,-1.490183,-0.630073,0.065961,0.9967530000000001,-0.046191,-0.039741000000000005,-0.027873000000000002,-0.034546,0.011737000000000001,-0.002841,-0.013181
6346,0.9619489999999999,-1.490982,-0.627351,0.065403,0.996817,-0.0456,-0.028100999999999998,-0.036487,-0.021634999999999998,0.012294,-0.002905,-0.013772
6347,0.959451,-1.490635,-0.628901,0.065573,0.9967889999999999,-0.045961,-0.014339,-0.053610000000000005,-0.014037,0.005915,0.003654,-0.014128
6348,0.953607,-1.490351,-0.633451,0.065532,0.996766,-0.046507,0.0004980000000000001,-0.06542200000000001,-0.0032359999999999997,0.003346,-0.001832,-0.011599
6349,0.950684,-1.490181,-0.635273,0.065535,0.9967520000000001,-0.046797000000000005,0.01654,-0.046346,0.007534000000000001,0.003343,-0.001818,-0.011309
6350,0.944412,-1.488866,-0.6407510000000001,0.066302,0.9966459999999999,-0.047975,0.034611,-0.037856,0.021469,0.017240000000000002,0.002561,-0.012587000000000001
6351,0.942267,-1.486086,-0.642356,0.06844,0.9964139999999999,-0.049747,0.059118,-0.022056,0.045126,0.035945,-0.013306,-0.023984000000000002
6352,0.935874,-1.4840440000000001,-0.648482,0.069759,0.996239,-0.05139,0.09528099999999999,-0.01061,0.081684,0.034627,-0.013131,-0.022341
6353,0.928773,-1.478369,-0.655306,0.073918,0.995732,-0.055268,0.127067,-0.021532,0.121451,0.032573000000000005,-0.028446,-0.033828
6354,0.919373,-1.472349,-0.6641699999999999,0.07816100000000001,0.995158,-0.05959400000000001,0.148251,-0.029174000000000002,0.14938800000000002,0.025644999999999998,-0.020808,-0.024619
6355,0.9133459999999999,-1.467072,-0.6696479999999999,0.081956,0.994625,-0.06327200000000001,0.159912,-0.027161,0.168697,0.021712000000000002,-0.010891,-0.019842
6356,0.9064530000000001,-1.461071,-0.676,0.086216,0.993986,-0.06751499999999999,0.180133,-0.030461000000000002,0.17739100000000002,0.010433,-0.010740000000000001,-0.011221
6357,0.898123,-1.45543,-0.6835829999999999,0.090035,0.993353,-0.071723,0.199275,-0.043316,0.178611,0.004677000000000001,-0.008581,-0.002084
6358,0.8891120000000001,-1.4501760000000001,-0.691601,0.093436,0.992734,-0.07581900000000001,0.20137,-0.056089,0.174369,0.001275,-0.007962,0.002012
6359,0.8820790000000001,-1.445706,-0.697679,0.096326,0.992186,-0.079294,0.188634,-0.044150999999999996,0.15921300000000002,-0.0069700000000000005,0.022111000000000002,0.013544
6360,0.879022,-1.441843,-0.7004739999999999,0.099034,0.9916969999999999,-0.08203200000000001,0.168667,-0.000305,0.134448,0.002925,0.027163,0.015153
6361,0.873114,-1.438004,-0.706874,0.101464,0.991196,-0.085061,0.145446,0.031827999999999995,0.11074400000000001,0.000495,0.027663999999999998,0.018182
6362,0.877345,-1.43585,-0.7034630000000001,0.10346500000000002,0.990909,-0.085996,0.110354,0.039486,0.091261,-0.001109,0.035718,0.030011000000000003
6363,0.877792,-1.434561,-0.704294,0.104486,0.990734,-0.086765,0.078614,0.075911,0.06749,-0.023111000000000003,0.034092000000000004,0.028002999999999997
6364,0.8776959999999999,-1.43295,-0.706126,0.105706,0.9905139999999999,-0.087795,0.052072,0.08354600000000001,0.04593,-0.02433,0.034312,0.029033
6365,0.880228,-1.434043,-0.705091,0.105093,0.990664,-0.086837,0.022238,0.06883600000000001,0.021167,-0.023351,0.026212,0.02597
6366,0.884465,-1.435547,-0.702158,0.104307,0.9908680000000001,-0.08544700000000001,-0.0065260000000000006,0.062736,0.000609,-0.016035,0.028816,0.018078999999999998
6367,0.886868,-1.435885,-0.70091,0.104253,0.9909129999999999,-0.084985,-0.020376,0.055375,-0.011229000000000001,-0.015981,0.028770999999999998,0.017616999999999997
6368,0.88579,-1.437434,-0.702821,0.10297200000000001,0.9911200000000001,-0.084125,-0.026836000000000002,0.040492,-0.013394999999999999,-0.018698,0.025313,-0.00021
6369,0.885484,-1.438451,-0.704087,0.10216599999999999,0.9912549999999999,-0.08351900000000001,-0.030993,0.05758099999999999,-0.020925,-0.018135,0.010561,-0.004143
6370,0.885627,-1.439351,-0.705073,0.101487,0.991374,-0.08294,-0.028858999999999996,0.056513,-0.021978,-0.011734999999999999,0.005697,-0.0052710000000000005
6371,0.88946,-1.439255,-0.7021850000000001,0.101878,0.991361,-0.08261,-0.019319,0.039448000000000004,-0.025092,0.013265,0.000537,0.00022799999999999999
6372,0.8910799999999999,-1.439614,-0.70136,0.101735,0.991408,-0.082221,-0.01075,0.042631999999999996,-0.029307999999999997,0.013774000000000002,-0.0035689999999999997,0.001685
6373,0.8918299999999999,-1.4397879999999998,-0.701905,0.101662,0.991431,-0.082037,1.9e-05,0.074514,-0.019658000000000002,0.010413,-0.004477,3.6e-05
6374,0.892892,-1.4396520000000002,-0.702448,0.101854,0.9914129999999999,-0.082013,-0.005299,0.078899,-0.012253,0.006468000000000001,0.005978,-0.003558
6375,0.895437,-1.439884,-0.701427,0.101883,0.9914430000000001,-0.08161,-0.013844,0.077859,-0.011243000000000001,0.005905,0.010479,-0.000513
6376,0.8976209999999999,-1.440141,-0.701097,0.101862,0.991477,-0.081228,-0.00628,0.101261,-0.009084,0.002066,0.006952,-0.000925
6377,0.8983629999999999,-1.4402270000000001,-0.702415,0.10185599999999999,0.9914879999999999,-0.0811,-0.004155,0.101245,-0.006931999999999999,0.0019190000000000001,0.01048,-0.004014
6378,0.9002479999999999,-1.440749,-0.70244,0.101603,0.991556,-0.080586,-0.014858000000000001,0.090642,-0.010199,-0.007319,0.013525,0.0024
6379,0.9031600000000001,-1.441088,-0.7012079999999999,0.101573,0.9916,-0.080082,-0.015982,0.081046,-0.0069900000000000006,-0.01057,0.010872,0.001957
6380,0.904386,-1.4419950000000001,-0.701579,0.100964,0.991717,-0.079401,-0.011715999999999999,0.08103099999999999,-0.006962,-0.019543,0.007139,0.007593000000000001
6381,0.9049280000000001,-1.443056,-0.702735,0.10017899999999999,0.9918520000000001,-0.078696,-0.010587000000000001,0.087449,-0.014440999999999999,-0.021948,0.005004,0.009559
6382,0.905143,-1.444032,-0.7042149999999999,0.099435,0.991976,-0.078077,-0.008406,0.07910299999999999,-0.01655,-0.017159999999999998,0.007551,0.008466
6383,0.9045799999999999,-1.445223,-0.705928,0.098462,0.9921260000000001,-0.077403,-0.010737,0.048166,-0.00371,-0.012891,0.0085,0.004038
6384,0.9021520000000001,-1.446215,-0.7090609999999999,0.09750199999999999,0.99225,-0.077032,-0.007642,0.032147,0.0038060000000000004,-0.01866,0.007398999999999999,0.0012109999999999998
6385,0.903143,-1.446182,-0.708596,0.097604,0.992246,-0.076955,0.001916,0.021465,0.0028190000000000003,-0.018105,0.008136,-0.0018260000000000001
6386,0.898467,-1.446799,-0.71338,0.096764,0.9923219999999999,-0.077029,0.002882,-0.003031,0.000718,-0.011574,0.006670999999999999,7.900000000000001e-05
6387,0.894442,-1.447933,-0.717065,0.095575,0.9924620000000001,-0.076713,0.000695,-0.017925,-0.002486,-0.011179000000000001,0.006272,0.003242
6388,0.892497,-1.4481959999999998,-0.71868,0.095223,0.9924940000000001,-0.076736,0.006053,-0.016861,-0.006723000000000001,-0.008492,0.006911,0.00299
6389,0.8913969999999999,-1.448397,-0.719457,0.094983,0.992519,-0.07671499999999999,0.006043,-0.016869,-0.004587,0.002154,0.008595,0.0048920000000000005
6390,0.894389,-1.448484,-0.716179,0.09514500000000001,0.9925290000000001,-0.076376,0.002892,-0.015604,-0.001419,0.004876,0.006693000000000001,0.004645000000000001
6391,0.895474,-1.4485059999999998,-0.714807,0.09521,0.992532,-0.07625900000000001,-0.004586,-0.014525,0.001732,0.003941,0.0032259999999999997,0.004634
6392,0.897482,-1.448544,-0.712549,0.095334,0.9925370000000001,-0.076044,-0.009911,-0.012375,0.0016920000000000001,0.002002,0.007677,-0.001257
6393,0.8988389999999999,-1.448604,-0.710819,0.09539,0.9925440000000001,-0.075878,-0.004611,-0.023034,-0.001462,0.001183,0.004511,-0.000615
6394,0.8981899999999999,-1.448591,-0.710938,0.095351,0.992542,-0.075948,0.002838,-0.028382,-0.002471,0.003251,0.007107,-0.000926
6395,0.8960629999999999,-1.448749,-0.712463,0.095066,0.992562,-0.076052,0.003886,-0.030524000000000003,-0.000325,-0.004124,0.006279,-0.00015
6396,0.895072,-1.448732,-0.712824,0.09500499999999999,0.992559,-0.076157,-0.000396,-0.034766000000000005,-0.001417,0.002865,0.004786,-0.000411
6397,0.894697,-1.448705,-0.71236,0.094997,0.992556,-0.07621,-0.002558,-0.044333,-0.004625,0.006138,0.005933,-0.001
6398,0.895983,-1.4485139999999999,-0.710309,0.095243,0.992533,-0.076206,-0.001443,-0.035617,-0.006823,0.006792,0.0055899999999999995,-0.004101
6399,0.8950100000000001,-1.448434,-0.710511,0.095231,0.9925229999999999,-0.076348,-0.002543,-0.04307,-0.0068200000000000005,0.008239,0.005707,-0.004432
6400,0.894759,-1.44849,-0.709754,0.09516799999999999,0.9925299999999999,-0.076337,-0.008973,-0.0505,-0.007923000000000001,0.006822,0.008386,-0.0017420000000000003
6401,0.894619,-1.448616,-0.7090930000000001,0.095061,0.9925450000000001,-0.07627300000000001,-0.008891,-0.034512,-0.010079000000000001,0.005403,0.005212,-0.0005099999999999999
6402,0.894651,-1.448893,-0.708426,0.094848,0.9925790000000001,-0.076097,-0.008872,-0.032373,-0.012218000000000001,0.0035409999999999994,0.006490000000000001,0.0024129999999999998
6403,0.89491,-1.449282,-0.707471,0.094566,0.992626,-0.07583,-0.012093000000000001,-0.035561,-0.011168,0.00103,0.0052829999999999995,0.004984000000000001
6404,0.893026,-1.450156,-0.708592,0.093748,0.992732,-0.075465,-0.015297999999999999,-0.039798,-0.014391,-0.010435,0.012319,0.00059
6405,0.891842,-1.4508940000000001,-0.708886,0.093088,0.99282,-0.075116,-0.018504,-0.045096,-0.018681,-0.009836,0.010582,0.00314
6406,0.890487,-1.451665,-0.709316,0.092391,0.9929120000000001,-0.07476000000000001,-0.020624,-0.046137,-0.022968000000000002,-0.00656,0.012581,0.0008460000000000001
6407,0.8904280000000001,-1.452402,-0.708403,0.091818,0.993,-0.074306,-0.020624,-0.049319999999999996,-0.026168,0.000772,0.007534999999999999,0.003917
6408,0.889757,-1.453066,-0.7081029999999999,0.09125599999999999,0.993078,-0.073952,-0.019548,-0.049315,-0.028297000000000003,0.002601,0.00796,0.000389
6409,0.8885040000000001,-1.4537010000000001,-0.70835,0.090674,0.993152,-0.07366900000000001,-0.022758,-0.051434,-0.028317000000000002,0.003824,0.0063289999999999996,-0.0029
6410,0.8867389999999999,-1.4542110000000001,-0.709209,0.090151,0.9932120000000001,-0.073509,-0.016327,-0.037637000000000004,-0.020812,0.001585,0.0033090000000000003,-0.005562
6411,0.884991,-1.454372,-0.7104229999999999,0.089899,0.99323,-0.07356499999999999,-0.005625,-0.022791,-0.013278,0.003348,-0.006856,-0.007276
6412,0.8829229999999999,-1.454217,-0.711952,0.089865,0.9932120000000001,-0.073848,0.009255,-0.033504,-0.011023,0.007379999999999999,-0.0042450000000000005,-0.003179
6413,0.881033,-1.453802,-0.713008,0.090043,0.9931639999999999,-0.07428,0.019827,-0.047419,-0.003453,0.005644,-0.0012050000000000001,0.000657
6414,0.875539,-1.453941,-0.7172270000000001,0.089528,0.99318,-0.074686,0.013335,-0.069759,-0.005607,-0.011968000000000001,0.024398,0.0024809999999999997
6415,0.871418,-1.45422,-0.720286,0.089008,0.9932129999999999,-0.074876,-0.001505,-0.051584000000000005,-0.00894,-0.008289,0.042142,-0.0054009999999999996
6416,0.871373,-1.454359,-0.719318,0.088898,0.9932290000000001,-0.07479,-0.0025440000000000003,-0.049433,-0.013222,0.006362,-0.009525,0.0030280000000000003
6417,0.871489,-1.454352,-0.71818,0.088912,0.9932280000000001,-0.074785,0.003785,-0.055885000000000004,-0.0035549999999999996,0.009415,0.004468,0.006197
6418,0.871125,-1.454509,-0.7175590000000001,0.088766,0.993246,-0.07471599999999999,-0.003607,-0.041997,-0.006829000000000001,-0.00472,0.012171,0.005319
6419,0.869613,-1.455208,-0.718437,0.088122,0.9933270000000001,-0.074403,-0.005631000000000001,-0.028099000000000002,-0.017544,-0.0037560000000000002,0.006917,0.002046
6420,0.8666370000000001,-1.455458,-0.720857,0.087711,0.9933559999999999,-0.074503,0.0018280000000000002,-0.028133,-0.015356,-0.001025,0.0037450000000000005,-0.002859
6421,0.8615370000000001,-1.455638,-0.725356,0.08719400000000001,0.9933770000000001,-0.07483300000000001,0.002881,-0.031332,-0.015345,-0.0036060000000000003,0.008973,-0.007595
6422,0.8560780000000001,-1.455871,-0.730085,0.08661,0.993403,-0.075157,-0.002486,-0.038771,-0.015373,-0.0028239999999999997,0.009679,-0.004386999999999999
6423,0.854547,-1.456316,-0.730797,0.086161,0.9934540000000001,-0.074999,-0.009983,-0.044075,-0.014351,-0.002695,0.004989,0.0024129999999999998
6424,0.8531920000000001,-1.4566729999999999,-0.7311979999999999,0.085792,0.9934950000000001,-0.074882,-0.010036,-0.05122,-0.015535,-0.003409,0.003163,0.0034409999999999996
6425,0.849648,-1.457066,-0.733658,0.085232,0.99354,-0.074928,-0.0015300000000000001,-0.057641,-0.015468,-0.004529,0.00675,-0.002175
6426,0.842606,-1.456956,-0.7395010000000001,0.084785,0.993527,-0.0756,0.0037770000000000004,-0.06086799999999999,-0.012222,0.000176,0.004520000000000001,-0.009743
6427,0.839925,-1.457107,-0.740889,0.08447,0.9935440000000001,-0.075726,-0.001596,-0.06725,-0.010115,0.000491,0.004503,-0.009616
6428,0.8388049999999999,-1.4574639999999999,-0.740644,0.084121,0.993585,-0.075584,-0.006915999999999999,-0.067218,-0.013356999999999999,0.002091,0.008109,0.004875
6429,0.8381270000000001,-1.457783,-0.740226,0.083835,0.9936209999999999,-0.075429,-0.002558,-0.046993,-0.013352000000000001,0.003064,0.007142,0.004323
6430,0.8368959999999999,-1.45797,-0.740704,0.083604,0.993642,-0.075408,-0.005711,-0.036328,-0.013387999999999999,0.004699,0.008081999999999999,-0.000718
6431,0.8376370000000001,-1.4580600000000001,-0.739252,0.083593,0.9936520000000001,-0.075286,-0.008916,-0.036321,-0.012341,0.007562999999999999,0.005722,-0.0016640000000000001
6432,0.836313,-1.457902,-0.739945,0.08361,0.993634,-0.075502,-0.006781999999999999,-0.028735000000000004,-0.010281,0.004861,0.005954,-0.006346
6433,0.8352229999999999,-1.457951,-0.740478,0.083491,0.99364,-0.07556,-0.004658,-0.028751,-0.008129,0.003804,0.003583,-0.0036030000000000003
6434,0.8342649999999999,-1.4580389999999999,-0.740844,0.083354,0.99365,-0.075581,-0.004647999999999999,-0.029802999999999996,-0.011332,0.002049,0.006488,-0.000865
6435,0.833817,-1.458175,-0.740707,0.08322,0.9936649999999999,-0.075528,-0.002514,-0.02875,-0.01025,0.000733,0.004961999999999999,-0.00023199999999999997
6436,0.8320559999999999,-1.45832,-0.741991,0.08298,0.9936809999999999,-0.07557699999999999,0.001782,-0.022373,-0.010228000000000001,0.000973,0.004946,-0.000183
6437,0.8299110000000001,-1.458348,-0.7435970000000001,0.082798,0.993684,-0.075736,-0.003585,-0.030872000000000004,-0.011323,0.001644,0.007445,-0.0009699999999999999
6438,0.829626,-1.4588860000000001,-0.743132,0.08238200000000001,0.9937450000000001,-0.07539900000000001,-0.015331000000000001,-0.040388,-0.018869999999999998,-0.001266,0.019088,0.004446
6439,0.829548,-1.459865,-0.742332,0.08165800000000001,0.9938530000000001,-0.074748,-0.031306,-0.045611,-0.030726,-0.003182,0.021787,0.007076000000000001
6440,0.831269,-1.4619739999999999,-0.7397640000000001,0.080238,0.994085,-0.07319500000000001,-0.039779,-0.040049,-0.044749000000000004,-0.0065840000000000004,0.008311,0.010359
6441,0.8311729999999999,-1.463616,-0.739279,0.079025,0.9942620000000001,-0.072102,-0.035427,-0.025133000000000003,-0.049011,-0.003616,0.002671,0.006947
6442,0.833224,-1.4650239999999999,-0.737223,0.078136,0.994411,-0.070998,-0.039502999999999996,0.023859,-0.042693,0.013203,-0.001537,0.031951
6443,0.8492879999999999,-1.465598,-0.722701,0.078838,0.9944719999999999,-0.069357,0.01087,0.098163,-0.02,0.027819999999999998,0.027242000000000002,0.025869999999999997
6444,0.852324,-1.4650100000000001,-0.722255,0.079489,0.99441,-0.069503,0.032269,0.139524,0.007871,0.023798,0.034002,0.009322
6445,0.85198,-1.463826,-0.724874,0.080351,0.9942840000000001,-0.07030499999999999,-0.0074659999999999995,0.08956,0.016205,0.017458,-0.000983,-0.031089999999999996
6446,0.8581059999999999,-1.463946,-0.72035,0.08069,0.994297,-0.069733,-0.019119999999999998,0.091796,9.7e-05,-0.020036,-0.015018,-0.044936000000000004
6447,0.85816,-1.464257,-0.721902,0.08046,0.9943299999999999,-0.06952699999999999,0.0053170000000000005,0.048119999999999996,-0.021041,-0.014435,-0.013647999999999999,-0.048911
6448,0.844301,-1.4637120000000001,-0.7347199999999999,0.07989299999999999,0.9942719999999999,-0.070995,0.018446,-0.10219099999999999,-0.005802000000000001,-0.009886,-0.004801,-0.039616000000000005
6449,0.8396020000000001,-1.463735,-0.737189,0.079541,0.994274,-0.071354,0.006745,-0.09775,-0.014502000000000001,-4.3e-05,-0.002972,-0.00346
6450,0.834577,-1.463781,-0.740995,0.079148,0.9942790000000001,-0.071723,0.019768,-0.046671,-0.01234,0.018248,0.001143,0.007926
6451,0.83835,-1.463175,-0.73678,0.07986599999999999,0.9942139999999999,-0.071827,0.027320999999999998,-0.006301,0.009027,0.027723,0.012591,0.01633
6452,0.837167,-1.462585,-0.738438,0.080217,0.994151,-0.072313,0.025331,0.034151999999999995,0.017506999999999998,0.032088,0.010793,-0.00031800000000000003
6453,0.836838,-1.461833,-0.73939,0.080748,0.9940690000000001,-0.072841,0.030583999999999997,0.026633999999999998,0.028236,0.013078,0.005671,-0.011022
6454,0.8360989999999999,-1.461131,-0.740861,0.081212,0.993993,-0.07336799999999999,0.008281,0.0459,0.02485,-0.0040030000000000005,0.004085,-0.0061909999999999995
6455,0.8408549999999999,-1.461042,-0.737205,0.081626,0.993983,-0.07304,-0.021491,0.056704,0.012878,-0.005408,0.00179,-0.007847
6456,0.8449479999999999,-1.461087,-0.73393,0.08189099999999999,0.9939879999999999,-0.072675,-0.004524,0.035531,0.010845,0.000614,0.00473,-0.005083
6457,0.844324,-1.461017,-0.735263,0.081898,0.99398,-0.072773,0.025377,0.035452,0.004645000000000001,-0.005177,0.01075,0.00359
6458,0.837283,-1.461351,-0.742742,0.081137,0.994017,-0.073126,0.030652,0.007795999999999999,-0.01024,-0.009481,0.017519,-0.000666
6459,0.825876,-1.461655,-0.753903,0.080075,0.99405,-0.07384099999999999,0.011378000000000001,-0.017665,-0.019958,-0.021985,0.004912,-0.009517
6460,0.816905,-1.462659,-0.762788,0.078682,0.994159,-0.073874,-0.015121,0.008046,-0.032998,-0.026619,0.005734,-0.00506
6461,0.821159,-1.463962,-0.758662,0.078047,0.9942989999999999,-0.072655,-0.035446,-0.0025399999999999997,-0.032057999999999996,0.007326000000000001,0.010995999999999999,0.010445
6462,0.829355,-1.4653200000000002,-0.750233,0.077644,0.994442,-0.071102,-0.040854,-0.010012,-0.023540000000000002,0.006096,0.011005,0.024624
6463,0.837512,-1.46658,-0.7425609999999999,0.077291,0.994574,-0.069627,-0.024633000000000002,0.042118,-0.020288,0.002589,0.014275999999999999,0.024812
6464,0.8377889999999999,-1.4669219999999998,-0.7430180000000001,0.077057,0.99461,-0.069378,-0.010863,0.018861000000000003,-0.024462,0.00027400000000000005,0.0073739999999999995,-0.016361
6465,0.829083,-1.467458,-0.751408,0.076057,0.9946649999999999,-0.069687,-0.015297,-0.022652000000000002,-0.028714,-0.015099000000000001,-0.0010279999999999998,-0.019379
6466,0.817253,-1.4683700000000002,-0.763239,0.074566,0.9947590000000001,-0.06996000000000001,-0.017169999999999998,0.022147,-0.041605,-0.026576999999999996,-0.004921,-0.021211
6467,0.806752,-1.4692180000000001,-0.7743479999999999,0.07321799999999999,0.9948450000000001,-0.070156,-0.017154,0.021099,-0.045877999999999995,-0.000265,0.006864,-0.006779
6468,0.807194,-1.4699389999999999,-0.773554,0.07273099999999999,0.9949180000000001,-0.069627,-0.020652,-0.040692,-0.041549,0.015465000000000001,0.008057,0.005418
6469,0.803657,-1.470855,-0.776324,0.071828,0.9950100000000001,-0.069252,-0.021633000000000003,-0.024696,-0.044781,0.011851,0.008773999999999999,0.011696
6470,0.801081,-1.471473,-0.779038,0.07120800000000001,0.9950709999999999,-0.069009,-0.012915000000000001,0.017876,-0.042638,0.009023,0.0017850000000000001,-0.003592
6471,0.7994640000000001,-1.471731,-0.780991,0.070911,0.9950969999999999,-0.068944,-0.023645,0.015736,-0.030958,0.012386,-0.00059,-0.0106
6472,0.800049,-1.472218,-0.781072,0.070605,0.9951450000000001,-0.068566,-0.032077,0.046893000000000004,-0.024659,0.006543000000000001,0.00513,-0.009269
6473,0.8018109999999999,-1.4726569999999999,-0.780395,0.070412,0.995188,-0.068138,-0.024589,0.05325,-0.022478,0.003334,0.006078,-0.0033350000000000003
6474,0.800496,-1.473156,-0.7824939999999999,0.069965,0.995237,-0.067884,-0.012953999999999999,0.029776999999999998,-0.023435,-0.00185,0.002001,-0.0028710000000000003
6475,0.798901,-1.473652,-0.784316,0.069504,0.9952850000000001,-0.067652,-0.01094,0.002077,-0.024453,-0.00415,0.000366,-0.0049039999999999995
6476,0.7950050000000001,-1.4736799999999999,-0.788145,0.069219,0.995288,-0.067902,-0.016312,-0.002182,-0.020212,0.0057469999999999995,0.001035,-0.008301000000000001
6477,0.797689,-1.473242,-0.785652,0.069713,0.995245,-0.06802000000000001,-0.010943000000000001,0.020111,-0.005246,0.012669,0.002649,-0.007511
6478,0.7998810000000001,-1.47299,-0.7840689999999999,0.070042,0.9952209999999999,-0.06804199999999999,-0.000288,0.027488,0.005502,0.00967,0.007633,-0.006024
6479,0.799201,-1.4726059999999999,-0.7849149999999999,0.07027,0.995183,-0.068356,0.000679,-0.000192,0.000204,0.002393,0.002497,-0.006793
6480,0.79435,-1.472501,-0.7897649999999999,0.070012,0.995173,-0.06877,-0.000348,0.00435,-0.004075,-0.0033,-0.000178,-0.0049759999999999995
6481,0.791851,-1.472507,-0.79252,0.069836,0.995173,-0.06894,0.003972,0.013931,-0.006193,-0.0026969999999999997,0.00414,-0.004821
6482,0.789708,-1.472435,-0.794605,0.069739,0.995166,-0.06914,0.005958,-0.016978,-0.0040030000000000005,0.0034119999999999997,0.005413,-0.002881
6483,0.7962060000000001,-1.472949,-0.787624,0.06982100000000001,0.995217,-0.068328,-0.007976,-0.025472,0.0012519999999999999,-0.0033229999999999996,0.009925,0.014632
6484,0.7997770000000001,-1.473489,-0.783914,0.06967899999999999,0.9952690000000001,-0.067703,-0.012115,0.007548999999999999,0.005453,-0.008033,0.009385,0.013275
6485,0.798942,-1.473729,-0.78509,0.069451,0.995293,-0.067595,0.001812,0.018162,0.003399,-0.0034869999999999996,0.0054399999999999995,-0.0058
6486,0.794801,-1.473738,-0.789388,0.069164,0.995294,-0.067876,0.004965,0.003254,-0.000834,-0.007351000000000001,0.004493,-0.001506
6487,0.7931229999999999,-1.473889,-0.791149,0.06894299999999999,0.995308,-0.067886,0.002845,0.005396,-0.0019199999999999998,-0.00774,0.00692,0.00061
6488,0.7909189999999999,-1.474335,-0.793342,0.068478,0.995351,-0.067726,0.00705,-0.006162,0.000277,-0.005688,0.00445,0.005455
6489,0.789429,-1.474711,-0.794533,0.06811,0.9953870000000001,-0.067564,0.010192,-0.018956,0.000314,-0.009134999999999999,0.007115000000000001,0.008878
6490,0.787146,-1.474803,-0.796496,0.067892,0.995396,-0.06765499999999999,0.014488,-0.012579,0.000335,-0.010672,0.007045,0.002805
6491,0.781623,-1.474877,-0.801928,0.067465,0.995403,-0.067976,0.015597,-0.002996,0.00032900000000000003,-0.008764,0.003513,-0.001314
6492,0.7786420000000001,-1.474779,-0.804744,0.06733099999999999,0.995394,-0.068247,0.01554,-0.013656999999999999,0.002478,-0.006235,0.0032020000000000004,0.001841
6493,0.776133,-1.474853,-0.80699,0.067108,0.995401,-0.068363,0.010205,-0.009394,0.0067079999999999996,-0.006668,0.008459999999999999,0.004017
6494,0.775981,-1.47494,-0.807046,0.067037,0.995409,-0.068311,0.008075,-0.005138,0.009891,-0.0038350000000000003,0.006666,0.007139
6495,0.777163,-1.4749139999999998,-0.8055680000000001,0.067136,0.9954069999999999,-0.06825099999999999,0.0037259999999999997,-0.02111,0.012017,-0.004117,0.003739,0.0076430000000000005
6496,0.7775880000000001,-1.47491,-0.804728,0.06716699999999999,0.9954059999999999,-0.068225,0.004818,-0.016612000000000002,0.010981999999999999,-0.006834000000000001,0.008225,0.005145
6497,0.773452,-1.475054,-0.808578,0.066785,0.9954200000000001,-0.0684,0.0059240000000000004,-0.013399000000000001,0.005643,-0.010724,0.011645,-0.0025989999999999997
6498,0.771321,-1.475098,-0.810412,0.066608,0.995424,-0.06851,0.000594,-0.016559,0.0013369999999999999,-0.007892,0.015577,-0.002809
6499,0.7704529999999999,-1.475311,-0.810873,0.066401,0.995445,-0.06841599999999999,-0.007965,-0.022916,0.00021600000000000002,-0.007287999999999999,0.0169,-0.00121
6500,0.771459,-1.475687,-0.809353,0.066209,0.995481,-0.06808099999999999,-0.010123,-0.027174,0.001274,-0.006852,0.00542,0.0059770000000000005
6501,0.7715930000000001,-1.476089,-0.808635,0.065939,0.995519,-0.067785,-0.009047,-0.031412999999999996,-0.005123,-0.0058649999999999996,0.007762000000000001,0.005606
6502,0.770777,-1.476475,-0.808609,0.06561499999999999,0.995555,-0.067563,-0.01231,-0.046311,-0.006195,-0.006319,0.007253,0.0033840000000000003
6503,0.767622,-1.477143,-0.8109350000000001,0.06494,0.995618,-0.067291,-0.015463,-0.036708,-0.007298999999999999,-0.007949,0.010471,-0.0005639999999999999
6504,0.767262,-1.477544,-0.8104859999999999,0.064639,0.995655,-0.067027,-0.01763,-0.044157,-0.007305,-0.003481,0.009777,-0.0012109999999999998
6505,0.767115,-1.477998,-0.809561,0.064315,0.9956969999999999,-0.066711,-0.018732,-0.058814,-0.011508,-0.001144,0.008545,-0.000138
6506,0.76893,-1.478641,-0.806442,0.06399099999999999,0.995757,-0.066134,-0.024086,-0.0673,-0.015808000000000003,0.001073,0.006959,0.0031609999999999997
6507,0.768518,-1.479225,-0.80542,0.06356,0.9958100000000001,-0.065743,-0.025167,-0.073675,-0.019012,0.001443,0.006157999999999999,-0.000923
6508,0.767927,-1.479774,-0.8044640000000001,0.06314199999999999,0.9958600000000001,-0.065387,-0.025181,-0.07687100000000001,-0.019008,0.002547,0.006337,-0.003048
6509,0.76963,-1.480225,-0.8014979999999999,0.06294,0.995901,-0.064957,-0.029358,-0.052372,-0.014794999999999999,0.006412,0.003488,-0.003616
6510,0.772672,-1.480746,-0.79767,0.062775,0.9959479999999999,-0.06439299999999999,-0.031429,-0.031089,-0.007359,0.004043,0.007714,-0.0005480000000000001
6511,0.77662,-1.4812370000000001,-0.793333,0.062686,0.995992,-0.063796,-0.031338,-0.012971000000000002,-0.009517,0.002546,0.006968000000000001,-0.002977
6512,0.778332,-1.481551,-0.7913140000000001,0.062575,0.9960200000000001,-0.063466,-0.028137,-0.019211000000000002,-0.011579,0.0038159999999999995,0.002133,-0.00439
6513,0.778626,-1.481974,-0.790412,0.062298,0.996058,-0.063148,-0.027132,-0.038368,-0.016888,0.002994,0.008154,-0.007531
6514,0.779485,-1.482666,-0.788561,0.06186799999999999,0.9961190000000001,-0.06260399999999999,-0.029314,-0.053257000000000006,-0.021157,0.002479,0.013799,-0.011264
6515,0.778816,-1.482923,-0.788071,0.061646000000000006,0.996142,-0.062463,-0.022945,-0.056491999999999994,-0.016835,0.008514,0.002287,-0.011405
6516,0.779043,-1.482241,-0.786991,0.062137,0.996082,-0.062932,-0.016489,-0.033125,-0.005068,0.013058000000000002,-0.0007509999999999999,-0.012095
6517,0.781291,-1.48243,-0.784369,0.06214600000000001,0.9960979999999999,-0.062659,-0.011087999999999999,-0.009742,0.003486,0.013049000000000002,-0.000767,-0.012368
6518,0.795812,-1.480575,-0.769777,0.06437000000000001,0.995933,-0.063043,0.002696,-0.00244,0.030282999999999997,0.014533,-0.003486,-0.004157
6519,0.800848,-1.479571,-0.765159,0.06540399999999999,0.995842,-0.063414,0.009223,0.035845,0.040963,0.008081999999999999,0.002434,-0.009523
6520,0.8038770000000001,-1.478441,-0.7628149999999999,0.06640599999999999,0.9957379999999999,-0.063996,0.012416,0.030662000000000002,0.044282999999999996,0.00293,0.01093,-0.013336
6521,0.8032100000000001,-1.4771969999999999,-0.763749,0.067255,0.9956229999999999,-0.064901,0.0005769999999999999,0.005145,0.042097,3.6e-05,0.012861000000000001,-0.014537000000000001
6522,0.804946,-1.47666,-0.7618689999999999,0.067753,0.9955719999999999,-0.06515499999999999,0.00695,-0.016123,0.027213,-0.006184,0.000842,-0.000916
6523,0.804868,-1.476265,-0.761533,0.068031,0.9955350000000001,-0.065432,0.013369999999999998,-0.01825,0.020850999999999998,-0.005058,0.022394,-0.003278
6524,0.803412,-1.475894,-0.762533,0.068201,0.9955,-0.065788,0.015465999999999999,-0.022536,0.025143000000000002,-0.005778,0.007795999999999999,0.00028199999999999997
6525,0.806308,-1.475334,-0.759289,0.06879400000000001,0.995447,-0.065975,0.017599,-0.015116,0.032626,0.005303,-0.001428,0.000851
6526,0.80909,-1.474607,-0.756089,0.069501,0.9953770000000001,-0.06628400000000001,0.011120999999999999,-0.02365,0.041138,0.004595,-0.001359,0.001159
6527,0.8154399999999999,-1.473357,-0.749258,0.070827,0.995257,-0.066694,0.007897,-0.020477000000000002,0.049658,0.008229,0.010816,-0.006456999999999999
6528,0.820664,-1.4720719999999998,-0.7437010000000001,0.072109,0.995131,-0.067194,0.014339,-0.013972,0.054042999999999994,0.000798,-0.000746,-0.0031030000000000003
6529,0.8260620000000001,-1.470932,-0.737955,0.073305,0.9950180000000001,-0.06757300000000001,0.018581999999999998,-0.018252,0.055147,0.004408,0.001259,-0.00074
6530,0.8330110000000001,-1.469633,-0.730675,0.07472899999999999,0.9948870000000001,-0.06793099999999999,0.022811,-0.018300999999999998,0.063723,0.00303,0.00731,-0.000169
6531,0.83824,-1.4684059999999999,-0.724945,0.075991,0.994763,-0.068356,0.021711,-0.025754000000000003,0.063725,0.000654,0.008411,0.000394
6532,0.8435879999999999,-1.467167,-0.719042,0.077276,0.994635,-0.068768,0.021715,-0.024689,0.063724,0.0028940000000000003,0.0073030000000000005,0.001309
6533,0.8470639999999999,-1.4656770000000001,-0.715188,0.078625,0.9944799999999999,-0.06948,0.03138,-0.011934,0.062707,0.000644,0.005688,-0.001686
6534,0.850242,-1.4643629999999999,-0.711961,0.079827,0.994341,-0.070092,0.028275,0.005138,0.058391,-0.0009390000000000001,0.002225,0.003411
6535,0.8558379999999999,-1.463234,-0.7066479999999999,0.081066,0.9942209999999999,-0.07038,0.016600999999999998,0.017967,0.057225,0.002537,0.010708,0.003913000000000001
6536,0.863624,-1.4624629999999998,-0.6991689999999999,0.082194,0.994138,-0.070245,0.002751,0.01602,0.057214999999999995,-0.000727,0.013568,0.009332
6537,0.871606,-1.462012,-0.691534,0.083096,0.9940889999999999,-0.069876,-0.007852,0.020361,0.046452999999999994,-0.003735,0.014532,0.008367
6538,0.8793780000000001,-1.46191,-0.684092,0.083714,0.994078,-0.06929199999999999,-0.013147999999999998,0.01617,0.033602,-0.00626,0.01584,0.010683
6539,0.8861959999999999,-1.462313,-0.677719,0.083875,0.9941209999999999,-0.068467,-0.01945,0.030075,0.024993,-0.0069099999999999995,0.014972999999999998,0.008759000000000001
6540,0.8943979999999999,-1.462666,-0.670263,0.08416,0.99416,-0.067557,-0.03322,0.045067,0.0174,-0.00518,0.015774,0.00968
6541,0.904194,-1.463206,-0.661572,0.084395,0.994218,-0.066397,-0.042707,0.065362,0.011966,-0.0038590000000000005,0.015731000000000002,0.008047
6542,0.919059,-1.463751,-0.648169,0.08494199999999999,0.994276,-0.06480599999999999,-0.043737,0.07601000000000001,0.014081999999999999,0.006138,0.009752,0.011584
6543,0.9326760000000001,-1.464213,-0.636035,0.08544700000000001,0.994325,-0.06337000000000001,-0.041619,0.074929,0.016235,0.004046,-0.0014060000000000001,0.016846
6544,0.945592,-1.4645620000000001,-0.624831,0.085978,0.9943620000000001,-0.062058,-0.037259,0.096367,0.020608,-0.004419,-0.004983,0.011414
6545,0.9554290000000001,-1.465227,-0.6170399999999999,0.08604400000000001,0.994433,-0.060828,-0.036160000000000005,0.10594200000000001,0.022738,-0.009658,0.004484,0.004248
6546,0.964614,-1.465393,-0.609719,0.086463,0.99445,-0.059940999999999994,-0.017053,0.083509,0.021832,-0.005637,-0.018147,0.0076950000000000005
6547,0.9672219999999999,-1.465891,-0.608129,0.086212,0.994502,-0.059434,-0.019229,0.055892,0.0036899999999999997,-0.019744,0.049656,-0.00392
6548,0.968342,-1.46602,-0.607611,0.086173,0.994516,-0.059265,-0.036469999999999995,0.022907,0.008953000000000001,-0.003104,0.010001000000000001,-0.0072180000000000005
6549,0.9752069999999999,-1.466177,-0.601367,0.086448,0.994532,-0.058584000000000004,-0.024668,0.040963,0.012217,0.0023120000000000003,-0.006007,-0.001245
6550,0.983175,-1.465824,-0.594757,0.08720399999999999,0.9944959999999999,-0.058088,-0.001029,0.087714,0.021937,0.009079,-0.005726,0.004896
6551,0.995791,-1.464302,-0.5844010000000001,0.0892,0.9943350000000001,-0.057805999999999996,0.016174,0.122787,0.027357,0.027895999999999997,0.004475,0.005606
6552,1.0051290000000002,-1.4630049999999999,-0.578097,0.090825,0.9941959999999999,-0.057662,0.008883,0.168595,0.033658999999999994,0.030223000000000003,0.006979000000000001,0.004592000000000001
6553,1.016885,-1.4617040000000001,-0.570398,0.092596,0.9940549999999999,-0.057271,0.003819,0.21886,0.036833,0.029459,0.002359,0.0032700000000000003
6554,1.024529,-1.461022,-0.56722,0.093611,0.993981,-0.056913,0.00491,0.226305,0.038968,0.02373,0.007316,-0.00078
6555,1.0341069999999999,-1.460242,-0.5621689999999999,0.094818,0.9938950000000001,-0.056411,0.007077,0.22845,0.033639999999999996,0.0077209999999999996,0.0073409999999999994,0.006682
6556,1.042671,-1.459811,-0.558294,0.095667,0.9938469999999999,-0.055813,0.005014,0.23594899999999996,0.02507,0.002538,0.010256999999999999,0.009426
6557,1.05115,-1.4595200000000002,-0.554605,0.096388,0.993815,-0.055143,-0.000283,0.24448899999999998,0.025022,0.0007650000000000001,0.013311000000000002,0.005826
6558,1.057124,-1.458907,-0.553605,0.097246,0.9937469999999999,-0.054865,0.006128,0.250842,0.029332,-0.000643,-0.007114,-0.002859
6559,1.06234,-1.458214,-0.5535220000000001,0.098133,0.993669,-0.05469299999999999,0.022165,0.260365,0.031568,-0.0015300000000000001,-0.007036,-0.003031
6560,1.065159,-1.4572209999999999,-0.555938,0.099149,0.993557,-0.054893,0.030741,0.260479,0.032760000000000004,0.0037560000000000002,0.006412,-0.004478
6561,1.068453,-1.456223,-0.557754,0.100199,0.9934440000000001,-0.055044,0.032846,0.251958,0.03065,0.0058189999999999995,0.010493,-0.001215
6562,1.0704,-1.455432,-0.56105,0.100995,0.993353,-0.055226,0.036152,0.269017,0.024241,0.005023,0.010584,-0.001033
6563,1.072064,-1.454543,-0.5651189999999999,0.101863,0.99325,-0.055479999999999995,0.033091,0.295677,0.019913,0.002721,0.0049039999999999995,-0.002579
6564,1.074147,-1.4537,-0.5692560000000001,0.10271400000000001,0.993152,-0.055666999999999994,0.024696,0.318112,0.011281,0.004647,0.012478,-0.005155
6565,1.0776620000000001,-1.453149,-0.5722119999999999,0.10339100000000001,0.993088,-0.055563999999999995,0.017286000000000003,0.326677,0.006945000000000001,0.006426,0.016953,-0.006645999999999999
6566,1.08259,-1.452906,-0.573882,0.103877,0.993059,-0.055167999999999995,0.0067079999999999996,0.33422199999999996,-0.005957,0.002614,0.006773,-0.000741
6567,1.086482,-1.453323,-0.576693,0.103725,0.993108,-0.05457000000000001,-0.000692,0.33324699999999996,-0.022031,-0.005733,0.008052,-0.002742
6568,1.089914,-1.45387,-0.579685,0.103429,0.9931719999999999,-0.053962,0.0046619999999999995,0.30997600000000003,-0.039025,-0.005437,0.007988,-0.00335
6569,1.084669,-1.4547219999999998,-0.590737,0.102397,0.9932709999999999,-0.054109000000000004,0.009911,0.27911199999999997,-0.0507,-0.003795,-0.0064540000000000005,-0.009322
6570,1.0798780000000001,-1.455011,-0.600905,0.101883,0.9933040000000001,-0.054464,0.008803,0.268467,-0.051762,0.009842,0.025861000000000002,-0.009013
6571,1.081379,-1.455149,-0.604888,0.101844,0.9933200000000001,-0.054246,0.005526,0.275837,-0.027224,0.016076,0.015408000000000002,-0.008986
6572,1.0865690000000001,-1.454042,-0.6052930000000001,0.10309700000000001,0.993192,-0.054229,0.014043,0.281096,-0.017554,0.022971000000000002,-0.002179,-0.003922999999999999
6573,1.090643,-1.4530379999999998,-0.607012,0.104202,0.993074,-0.054269000000000005,0.017259,0.291707,-0.010065000000000001,0.011734999999999999,0.001234,-0.004432
6574,1.0942450000000001,-1.4530399999999999,-0.6095229999999999,0.104394,0.993075,-0.053891999999999995,0.009853,0.31088699999999997,-0.0048,0.011542,0.001234,-0.004809000000000001
6575,1.0971520000000001,-1.452572,-0.613097,0.10496400000000002,0.9930200000000001,-0.0538,0.017384,0.32895399999999997,-0.0004969999999999999,0.00145,0.016319,-0.004229
6576,1.1000969999999999,-1.452385,-0.616741,0.105288,0.9929979999999999,-0.053576,0.026943,0.32569899999999996,0.005983,-0.001544,0.011412,-1.3000000000000001e-05
6577,1.103415,-1.4520389999999999,-0.61985,0.105771,0.992957,-0.05338,0.020465,0.319287,0.016627,-0.004178,0.005136,2e-05
6578,1.110132,-1.4517719999999998,-0.619386,0.10636500000000002,0.992925,-0.052787,0.013972,0.305436,0.023009,-0.000805,0.006266,0.004965
6579,1.120162,-1.4515,-0.61522,0.10713299999999999,0.992893,-0.051835,0.011712,0.284113,0.02943,-0.0033880000000000004,-0.001956,0.013215000000000001
6580,1.128182,-1.451168,-0.6128560000000001,0.10784300000000001,0.9928530000000001,-0.051115,0.015983,0.284102,0.028391000000000003,-0.006265,0.005255,0.014051
6581,1.138355,-1.4508590000000001,-0.608783,0.108636,0.992816,-0.050144,0.01934,0.320306,0.029436,0.010703,0.036771,0.0031780000000000003
6582,1.147346,-1.449849,-0.606988,0.10999600000000001,0.9926950000000001,-0.049576999999999996,0.002529,0.384256,0.035647000000000005,0.01743,0.032848,-0.001463
6583,1.16412,-1.448307,-0.598635,0.11221800000000001,0.992508,-0.048331,-0.028213,0.443956,0.051382000000000004,0.022853000000000002,0.023025999999999998,-0.002496
6584,1.183152,-1.446126,-0.5891310000000001,0.115122,0.992239,-0.047004000000000004,-0.054666,0.500474,0.059674,0.02059,0.019114,-0.018822
6585,1.203021,-1.44509,-0.5793189999999999,0.11699200000000001,0.992109,-0.045078,-0.08974700000000001,0.5093850000000001,0.056228999999999994,0.007184,0.017534,-0.023389
6586,1.227166,-1.444477,-0.565176,0.118618,0.992032,-0.042445,-0.10043300000000001,0.509405,0.060427,-0.000942,0.0047020000000000005,-0.026983
6587,1.240605,-1.443705,-0.561447,0.119903,0.991935,-0.041095,-0.09087,0.487051,0.047702999999999995,0.000733,-0.005179,-0.024655
6588,1.261533,-1.443136,-0.549678,0.121274,0.9918620000000001,-0.038749,-0.081415,0.452933,0.046744,0.00246,-0.014872999999999999,-0.021951
6589,1.283283,-1.4425649999999999,-0.536496,0.12263099999999999,0.99179,-0.036263,-0.09541799999999999,0.426338,0.049885000000000006,-0.0036119999999999998,-0.008178,-0.00695
6590,1.3093299999999999,-1.4428459999999999,-0.5185569999999999,0.12326500000000001,0.991825,-0.032985,-0.118957,0.401957,0.040137,-0.014041999999999999,0.008022,0.009013
6591,1.338258,-1.443444,-0.497159,0.12359,0.9919020000000001,-0.029269,-0.130717,0.372269,0.015522,-0.020731,-0.006229999999999999,0.011279
6592,1.365178,-1.443841,-0.477203,0.123947,0.9919520000000001,-0.025851,-0.126521,0.345665,0.004903,-0.026398,-0.008294,0.007326999999999999
6593,1.387777,-1.444804,-0.461226,0.12355999999999999,0.992073,-0.022869999999999998,-0.112676,0.342412,0.007139,-0.025462000000000002,0.003105,-0.008945
6594,1.410927,-1.444907,-0.445061,0.123956,0.992086,-0.019987,-0.09342400000000001,0.360425,0.014728,-0.012262,0.002939,-0.007859999999999999
6595,1.432821,-1.444993,-0.42998000000000003,0.124279,0.9920969999999999,-0.017256999999999998,-0.101079,0.334821,0.03073,-0.01405,0.017958000000000002,0.008743
6596,1.461792,-1.4453209999999999,-0.407545,0.124404,0.992138,-0.013614,-0.138416,0.33813899999999997,0.032599,-0.032149000000000004,0.016971,0.024219
6597,1.493923,-1.4451479999999999,-0.382101,0.124948,0.992117,-0.009623999999999999,-0.16500599999999999,0.340427,0.016387,-0.046991000000000005,0.014155000000000001,0.026026999999999998
6598,1.525778,-1.4451610000000001,-0.35625999999999997,0.12517899999999998,0.992118,-0.005639,-0.157697,0.294637,0.005815,-0.05549199999999999,0.014001,0.021585
6599,1.556518,-1.446852,-0.330902,0.12361400000000002,0.9923290000000001,-0.0017649999999999999,-0.12474600000000001,0.259402,-0.00246,-0.04938,-0.002751,-0.006261
6600,1.574767,-1.447648,-0.317287,0.12283699999999999,0.9924270000000001,0.000488,-0.08973500000000001,0.22727399999999998,0.009574,-0.010684,-0.001353,-0.019637
6601,1.591066,-1.4470399999999999,-0.305085,0.12341500000000001,0.992352,0.002502,-0.07079500000000001,0.202569,0.043920999999999995,0.004377000000000001,-0.004483,-0.024138999999999997
6602,1.608616,-1.444805,-0.291505,0.125568,0.992074,0.004751,-0.092315,0.202482,0.084365,0.024105,-0.022591,0.00419
6603,1.630802,-1.442663,-0.273093,0.127553,0.9918020000000001,0.007663,-0.13942000000000002,0.18977,0.107553,0.010386,-0.023891,0.031491000000000005
6604,1.6567580000000002,-1.440274,-0.250564,0.129672,0.9914940000000001,0.011174,-0.158676,0.17918,0.108501,-0.000735,-0.012657999999999999,0.042552
6605,1.6922650000000001,-1.438528,-0.21870100000000003,0.130911,0.991265,0.01598,-0.145738,0.187747,0.086146,-0.027105,0.003928,0.030681
6606,1.711766,-1.436785,-0.202626,0.13228499999999999,0.991034,0.018772999999999998,-0.09661499999999999,0.175948,0.064072,-0.031684,-0.020422,0.02621
6607,1.721545,-1.435554,-0.196628,0.133301,0.990869,0.020248,-0.026052999999999996,0.19280999999999998,0.04852,-0.037613,-0.028801999999999998,0.027527
6608,1.732592,-1.4367530000000002,-0.189548,0.13189700000000001,0.99103,0.021529,-0.027944,0.207889,0.008958,-0.037094,0.033888,-0.016737000000000002
6609,1.7426409999999999,-1.436955,-0.183229,0.131476,0.991057,0.022819,-0.04288,0.176111,-0.023153,-0.026175,0.000566,-0.014288999999999998
6610,1.7469869999999998,-1.437649,-0.182369,0.130699,0.991149,0.023269,0.029705000000000002,0.167404,-0.039726,-0.029304000000000004,0.010011,-0.00798
6611,1.742757,-1.439837,-0.190064,0.128659,0.9914370000000001,0.022345,0.08308600000000001,0.165129,-0.050036000000000004,-0.030667000000000003,0.020953,0.012018000000000001
6612,1.732884,-1.441215,-0.20277,0.127525,0.9916159999999999,0.020853,0.096749,0.111848,-0.057349000000000004,-0.007866,0.0020670000000000003,0.007818
6613,1.720855,-1.4425430000000001,-0.21639299999999997,0.12646500000000002,0.9917870000000001,0.019121,0.094294,0.050032,-0.047673,-0.006806,0.0018960000000000001,0.00955
6614,1.710895,-1.4435209999999998,-0.226911,0.12568800000000002,0.9919110000000001,0.017725,0.076955,0.008473999999999999,-0.029582,0.001082,0.0011,0.015188
6615,1.70065,-1.4441950000000001,-0.23694899999999997,0.125201,0.9919969999999999,0.01635,0.063961,-0.027726,-0.023216999999999998,-0.018068999999999998,0.014441999999999998,0.023659
6616,1.699141,-1.445496,-0.23775,0.123944,0.99216,0.015996,0.052146000000000005,-0.046851,-0.025412999999999998,-0.021131,0.015256,0.026073000000000002
6617,1.7017240000000002,-1.446972,-0.234375,0.122451,0.992344,0.016124,0.036206999999999996,-0.043552,-0.037281,-0.022537,0.011227,0.031330000000000004
6618,1.709713,-1.448984,-0.225762,0.120341,0.99259,0.016826,0.039465,-0.03608,-0.043681,-0.014384000000000001,0.015802,0.015843
6619,1.702924,-1.4500629999999999,-0.23189099999999999,0.11939100000000001,0.992721,0.015867,0.046947,-0.040337,-0.051101,-0.013434,0.015672,0.016802
6620,1.701086,-1.452716,-0.23258099999999998,0.116808,0.9930370000000001,0.015306,0.045744,-0.075465,-0.05641,-0.024888999999999998,0.014622999999999999,0.0077659999999999995
6621,1.6945849999999998,-1.456487,-0.237123,0.11318800000000001,0.993474,0.014083000000000002,0.042423,-0.114817,-0.069208,-0.039809,0.019923,-0.0037229999999999997
6622,1.6853479999999998,-1.4581520000000001,-0.243706,0.11167,0.993662,0.012847999999999998,0.051953,-0.14568399999999998,-0.084057,-0.03829,0.019735,-0.0024879999999999998
6623,1.669731,-1.46243,-0.256164,0.107625,0.994134,0.010683,0.07431499999999999,-0.168081,-0.096698,-0.026936,0.022116,-0.008791
6624,1.6472349999999998,-1.466081,-0.275075,0.104218,0.9945219999999999,0.007982,0.09661900000000001,-0.19371300000000002,-0.099719,-0.016511,0.017059,-0.010270999999999999
6625,1.6241809999999999,-1.468291,-0.29394499999999996,0.10217999999999999,0.994751,0.0054600000000000004,0.10824,-0.22568600000000003,-0.10600599999999999,-0.014472,0.01683,-0.007749
6626,1.588748,-1.4717870000000002,-0.324347,0.098832,0.9951030000000001,0.0017739999999999998,0.10803099999999999,-0.278924,-0.112352,-0.022401,-0.011658,-0.012684
6627,1.556265,-1.475854,-0.350441,0.094789,0.9954959999999999,-0.0013779999999999999,0.10240999999999999,-0.34918699999999997,-0.118716,-0.032396,-0.014280000000000001,-0.0049700000000000005
6628,1.524882,-1.479386,-0.37440300000000004,0.091187,0.995825,-0.00419,0.10553399999999999,-0.383218,-0.135745,-0.032975,-0.003699,0.00039
6629,1.491052,-1.483971,-0.40069099999999996,0.08644099999999999,0.996233,-0.006908,0.11202999999999999,-0.379972,-0.153869,-0.01625,0.018553,-0.000523
6630,1.450674,-1.487024,-0.433721,0.083071,0.9964930000000001,-0.010027,0.120657,-0.36825,-0.16237000000000001,0.005247,0.005094,2e-06
6631,1.4093959999999999,-1.48977,-0.46783500000000006,0.079885,0.996719,-0.013007,0.11962300000000001,-0.368216,-0.169854,0.009836,-0.010315000000000001,0.002859
6632,1.3706639999999999,-1.492361,-0.49867799999999995,0.076791,0.996926,-0.015577,0.11296199999999999,-0.42253500000000005,-0.166625,0.005179,-0.025322,0.008283
6633,1.313234,-1.495584,-0.5471600000000001,0.072663,0.997173,-0.01914,0.118131,-0.465142,-0.171878,-0.012620000000000001,0.002461,-0.013681
6634,1.253403,-1.498684,-0.59759,0.068451,0.997401,-0.022486000000000003,0.113826,-0.481076,-0.179366,-0.017792,0.009633,-0.011358
6635,1.197578,-1.5025709999999999,-0.643776,0.06347799999999999,0.997674,-0.024856,0.07321799999999999,-0.485238,-0.168966,-0.013688999999999998,0.021217,0.00885
6636,1.1607690000000002,-1.505041,-0.671597,0.060262,0.9978389999999999,-0.026194,0.039173,-0.4288,-0.134025,0.0018260000000000001,0.021082,0.011164
6637,1.144465,-1.505688,-0.6804020000000001,0.059239,0.9978809999999999,-0.026906,0.040464,-0.353101,-0.09350399999999999,0.036539999999999996,-0.004229,0.009755
6638,1.127497,-1.50563,-0.690573,0.058825,0.997877,-0.027931,0.039286,-0.339402,-0.05507000000000001,0.042386,0.0016190000000000002,0.013603
6639,1.114316,-1.505678,-0.697351,0.058410000000000004,0.9978809999999999,-0.028683999999999998,0.016886,-0.30749,-0.024288,0.019135,0.011458,0.00639
6640,1.1078709999999998,-1.5058989999999999,-0.697971,0.058026,0.9978950000000001,-0.028960000000000003,-0.014057,-0.287227,-0.003165,0.00922,0.010085,0.00151
6641,1.097559,-1.506029,-0.702303,0.057609,0.9979030000000001,-0.029498000000000003,-0.021696,-0.309635,0.012832,-0.014441999999999998,0.000128,-0.023190000000000002
6642,1.097149,-1.505892,-0.69606,0.05771799999999999,0.9978940000000001,-0.029584,-0.005861,-0.344853,0.015124,-0.023737,-0.005325,-0.045641
6643,1.087949,-1.5055530000000001,-0.697656,0.057742999999999996,0.997872,-0.030271,0.024838,-0.402468,0.01114,-0.02132,0.000754,-0.043963
6644,1.051668,-1.504879,-0.725356,0.057191,0.997828,-0.03268,0.052440999999999995,-0.441946,0.002836,0.001952,-0.0014449999999999999,-0.023931
6645,1.026198,-1.504191,-0.742221,0.056928,0.997783,-0.034481,0.070688,-0.41856899999999997,0.001866,0.007998,-0.003978,-0.015522
6646,1.0012,-1.502915,-0.759219,0.057120000000000004,0.997697,-0.03658,0.066479,-0.397282,0.010356,0.012277,-0.00203,-0.007701
6647,0.9831639999999999,-1.502002,-0.769338,0.057210000000000004,0.997635,-0.038109,0.046156,-0.395136,0.024097999999999998,0.019115,0.019837,0.008278
6648,0.9801850000000001,-1.500757,-0.765079,0.058128,0.997548,-0.038971,0.03143,-0.340785,0.031405,0.021279,0.006068,0.009064000000000001
6649,0.9751709999999999,-1.499745,-0.763809,0.058766,0.9974770000000001,-0.039827999999999995,0.025105000000000002,-0.302498,0.052676,0.017375,-0.004481000000000001,0.011492
6650,0.9792700000000001,-1.498505,-0.753827,0.059955999999999995,0.9973879999999999,-0.040277,0.014516999999999999,-0.287534,0.04938,0.01205,0.009524,0.010125
6651,0.977873,-1.497596,-0.749532,0.060652,0.9973219999999999,-0.040867,0.008173,-0.278973,0.045051999999999995,-0.005415,0.015434,0.0027199999999999998
6652,0.9733700000000001,-1.497091,-0.748689,0.060884,0.9972850000000001,-0.041423,0.010389,-0.262993,0.042908999999999996,-0.013734,0.008819,-0.001317
6653,0.9517760000000001,-1.4971940000000001,-0.764775,0.059891,0.997293,-0.042668,0.014606000000000001,-0.282152,0.035480000000000005,-0.014679,-0.00126,-0.008067
6654,0.942722,-1.496653,-0.76768,0.059939,0.9972530000000001,-0.043526,0.022983,-0.322641,0.030249,-0.010729,0.009385,-0.003578
6655,0.932393,-1.496134,-0.771073,0.059902,0.9972139999999999,-0.044451,0.026031,-0.362045,0.024978999999999998,-0.009044,0.011087,-0.000349
6656,0.930309,-1.496227,-0.765571,0.059734,0.9972209999999999,-0.04452,0.019531,-0.388633,0.019625,0.000446,0.009996,0.013682
6657,0.9292520000000001,-1.49596,-0.759101,0.059900999999999996,0.997201,-0.044743,0.010033,-0.364103,0.020596,0.005254,0.019126,0.017811
6658,0.9320280000000001,-1.495662,-0.7496520000000001,0.060263,0.997179,-0.044752999999999994,0.001703,-0.316144,0.022613,0.009332,0.01544,0.017745
6659,0.9488479999999999,-1.494866,-0.726903,0.061653,0.9971190000000001,-0.044196,-0.003525,-0.288441,0.025749,0.019233,0.018445,0.007667
6660,0.95449,-1.49414,-0.715825,0.062491,0.9970629999999999,-0.044266,-0.009854,-0.262891,0.035288,0.018044,0.007743000000000001,0.005096
6661,0.9618399999999999,-1.493415,-0.703592,0.063408,0.997008,-0.044219,-0.014006999999999999,-0.23412600000000003,0.038428,0.014137,0.005052,0.003996
6662,0.970147,-1.49281,-0.690639,0.06427100000000001,0.9969610000000001,-0.044032,-0.01185,-0.229868,0.03737,0.000426,0.004062,0.004405
6663,0.971986,-1.492465,-0.684131,0.064637,0.996934,-0.044108,-0.010768999999999999,-0.23410300000000003,0.029905,-0.0036780000000000003,0.008697,0.001001
6664,0.971403,-1.4924520000000001,-0.679983,0.064622,0.996933,-0.044153,-0.011755,-0.23614899999999997,0.009604000000000001,-0.0031739999999999997,0.006958,-0.0006929999999999999
6665,0.968609,-1.492502,-0.67803,0.064457,0.9969370000000001,-0.044304,4.3e-05,-0.235073,-0.003134,0.0028190000000000003,0.0037649999999999997,0.000924
6666,0.964042,-1.492469,-0.678027,0.06428099999999999,0.996934,-0.044617000000000004,0.00543,-0.223374,-0.003111,0.004933,0.002013,-0.000625
6667,0.958707,-1.492415,-0.679028,0.064085,0.9969299999999999,-0.044989999999999995,0.00121,-0.21695,-0.007421,0.004564,-0.001996,-0.001092
6668,0.966261,-1.4919229999999999,-0.6670520000000001,0.064827,0.996891,-0.044782999999999996,-0.005236,-0.225454,-0.006384,0.022743,0.023006,0.013518
6669,0.971251,-1.491918,-0.6577029999999999,0.065054,0.996891,-0.044462,-0.011581000000000001,-0.21477,-0.008576,0.025263,0.024349000000000003,0.016844
6670,0.9799680000000001,-1.49213,-0.645033,0.065263,0.996907,-0.043775,-0.022132,-0.185979,-0.006548999999999999,0.023711000000000003,0.025386000000000002,0.022306
6671,1.003039,-1.492631,-0.6191409999999999,0.065835,0.9969469999999999,-0.04199,-0.042066,-0.10603,-0.002516,0.013266,0.016145,0.024046
6672,1.0194020000000001,-1.4922549999999999,-0.602477,0.066832,0.996917,-0.041104,-0.026479000000000003,0.043038,0.001678,0.013856,0.002076,-0.006382
6673,1.020921,-1.491945,-0.602584,0.06715800000000001,0.996893,-0.041163,-0.025161000000000003,0.097367,0.00055,0.011928,0.025217,-0.024281999999999998
6674,1.024182,-1.4910370000000002,-0.601402,0.068065,0.996821,-0.041415,-0.025307,0.095113,0.031532,0.018512999999999998,-0.009928,-0.050229
6675,1.0278129999999999,-1.4900129999999998,-0.598783,0.069089,0.9967389999999999,-0.041694999999999996,0.011666,0.02675,0.045766,0.006640999999999999,-0.005299,-0.019371
6676,1.023643,-1.4887700000000001,-0.602797,0.06997300000000001,0.9966379999999999,-0.042627,0.062669,-0.02454,0.040847,0.005756,-0.0051979999999999995,-0.018438999999999997
6677,1.0109190000000001,-1.487457,-0.6144350000000001,0.070533,0.9965290000000001,-0.044209,0.077452,-0.076718,0.022857,-0.023475,-0.002785,0.011784000000000001
6678,0.9973690000000001,-1.4871379999999998,-0.626212,0.07019500000000001,0.996503,-0.045333,0.058262,-0.08937,0.006714,-0.018406,-0.003766,0.012145
6679,0.9868239999999999,-1.486672,-0.635584,0.0701,0.9964639999999999,-0.046327,0.040402999999999994,-0.039192000000000005,-0.005225,-0.006975,0.001431,0.014237
6680,0.9825969999999999,-1.485983,-0.6397520000000001,0.070475,0.9964049999999999,-0.047002999999999996,0.039566000000000004,0.015128,-0.002095,0.017706,0.007989,0.002829
6681,0.975817,-1.485395,-0.647324,0.07064,0.9963559999999999,-0.047807999999999996,0.046053,0.047012,0.010729,0.018869,0.012601000000000001,-0.0021030000000000003
6682,0.970233,-1.484646,-0.653841,0.070987,0.996291,-0.048624,0.041727999999999994,0.038488,0.014981999999999999,0.011898,0.015472999999999999,-0.004004
6683,0.9673360000000001,-1.483901,-0.657213,0.07145800000000001,0.9962270000000001,-0.049250999999999996,0.025625,0.014052,0.012765,-0.001527,0.002171,0.0008810000000000001
6684,0.9626879999999999,-1.48381,-0.662079,0.071302,0.9962190000000001,-0.049634,0.016052,0.01305,0.005221,-0.006848999999999999,0.003125,-0.0025210000000000002
6685,0.9571729999999999,-1.483739,-0.668205,0.071086,0.9962129999999999,-0.050068,0.018344,0.039708,-0.0033439999999999998,-0.008205,0.005054,-0.004437
6686,0.945412,-1.483433,-0.68082,0.070738,0.996186,-0.051078,0.02159,0.038675,-0.014003,0.001115,0.012526,-0.007073
6687,0.9394299999999999,-1.483524,-0.687262,0.070359,0.996194,-0.051447,0.017287999999999998,0.012291,-0.018267,-0.002411,0.015921,0.0016879999999999998
6688,0.936433,-1.483986,-0.690475,0.069833,0.9962340000000001,-0.051385,0.000256,0.013446000000000001,-0.025865,-0.002023,0.011334,0.007026999999999999
6689,0.942781,-1.485225,-0.6846939999999999,0.069159,0.996341,-0.050214999999999996,-0.018826,0.033783,-0.033502,0.003382,0.018674,0.009382
6690,0.9489280000000001,-1.486232,-0.679502,0.068651,0.9964270000000001,-0.049205,-0.0294,0.053003999999999996,-0.035737,0.0032020000000000004,0.011554,0.008555
6691,0.9542280000000001,-1.487352,-0.67555,0.068001,0.9965209999999999,-0.048195,-0.036735000000000004,0.076491,-0.042227,0.003334,0.00673,0.008629000000000001
6692,0.959313,-1.4889430000000001,-0.672268,0.066946,0.9966520000000001,-0.046938,-0.047264999999999995,0.096812,-0.05301,-0.007451999999999999,0.00933,0.000383
6693,0.961419,-1.490779,-0.672215,0.065544,0.9968,-0.045749,-0.052503999999999995,0.106465,-0.06481,-0.012015999999999999,0.006801000000000001,0.001621
6694,0.962467,-1.49284,-0.673389,0.063907,0.9969629999999999,-0.044507,-0.054561,0.11608900000000001,-0.07231599999999999,-0.014178,0.007844,8.9e-05
6695,0.9619530000000001,-1.495375,-0.6762670000000001,0.061811000000000005,0.997157,-0.043094,-0.056676,0.115053,-0.077672,-0.011548000000000001,0.003285,0.003971
6696,0.965058,-1.497854,-0.675243,0.059911,0.997341,-0.041494,-0.062069000000000006,0.09804500000000001,-0.08196200000000001,-0.007161,0.009587,0.00675
6697,0.9708979999999999,-1.500257,-0.671337,0.058174000000000003,0.9975129999999999,-0.03979,-0.07058099999999999,0.100218,-0.08523,-0.004158,0.008758,0.009181
6698,0.980216,-1.5030370000000002,-0.664161,0.056239,0.997705,-0.037703,-0.081188,0.110921,-0.088523,-0.005672,0.004492,0.009016
6699,0.989137,-1.505762,-0.657419,0.054301999999999996,0.997886,-0.035706,-0.090795,0.108829,-0.089657,-0.009777,0.010415,0.004074
6700,0.997849,-1.508614,-0.650882,0.05221900000000001,0.998067,-0.033688,-0.093958,0.11311800000000001,-0.093958,-0.011539,0.010417000000000001,-0.000309
6701,0.9981979999999999,-1.5116450000000001,-0.652803,0.049687,0.998251,-0.03203,-0.087508,0.114199,-0.103531,-0.00536,-0.005591,-0.005949
6702,1.001352,-1.514161,-0.651658,0.047672000000000006,0.998397,-0.030519,-0.075834,0.091822,-0.11196600000000001,0.005093,-0.002318,-0.007918000000000001
6703,1.000926,-1.516543,-0.6536270000000001,0.045656999999999996,0.9985290000000001,-0.029256,-0.064203,0.071528,-0.108653,0.0075049999999999995,0.0016699999999999998,-0.007945
6704,1.000991,-1.5181360000000002,-0.654991,0.04432,0.9986139999999999,-0.028395999999999998,-0.056782000000000006,0.07358200000000001,-0.09578300000000001,0.009666,0.003278,-0.002549
6705,1.0047030000000001,-1.520061,-0.652968,0.042801,0.998713,-0.027199,-0.058901,0.091639,-0.080866,0.007903,0.0032090000000000005,-0.001564
6706,1.012882,-1.5218459999999998,-0.646895,0.041511,0.9988020000000001,-0.025905,-0.062054,0.113974,-0.069165,0.006249,0.005852,-0.001485
6707,1.0217319999999999,-1.5229469999999998,-0.640452,0.0408,0.9988549999999999,-0.024962,-0.052475,0.121347,-0.056288,0.007081999999999999,-0.0009,-0.007097
6708,1.02568,-1.524067,-0.638736,0.039943,0.998908,-0.024222,-0.03873,0.107394,-0.042287,0.001546,0.001031,-0.01037
6709,1.0241850000000001,-1.5246950000000001,-0.642125,0.039369,0.9989370000000001,-0.023954,-0.028156,0.090296,-0.037918,0.003187,0.001825,-0.009096
6710,1.018601,-1.525359,-0.649234,0.038671,0.9989680000000001,-0.023827,-0.020773,0.067912,-0.041042,-8.2e-05,0.000895,-0.002602
6711,1.015303,-1.526499,-0.653551,0.037625,0.9990190000000001,-0.023353,-0.027241,0.040289,-0.053871,-0.0033840000000000003,0.001332,-0.002602
6712,1.01194,-1.528081,-0.657532,0.036206,0.9990879999999999,-0.022642,-0.036819,0.025490000000000002,-0.074215,-0.003445,-0.0028870000000000002,0.000974
6713,1.006826,-1.530464,-0.663078,0.034076999999999996,0.999187,-0.021553,-0.046339,0.022413,-0.09564299999999999,-0.008778,0.021291,0.003151
6714,0.998634,-1.532938,-0.671851,0.031820999999999995,0.999283,-0.020494,-0.055821,0.036345999999999996,-0.108547,-0.0026920000000000004,0.016265,-0.003356
6715,0.988927,-1.535355,-0.682496,0.029602999999999997,0.9993719999999999,-0.019474,-0.063169,0.052394,-0.119301,0.005416,0.0067469999999999995,-0.010387
6716,0.977449,-1.537279,-0.695068,0.027783,0.9994379999999999,-0.018737,-0.06737699999999999,0.053521000000000006,-0.131079,0.021365000000000002,-0.0039700000000000004,-0.014008000000000001
6717,0.9765219999999999,-1.5393569999999999,-0.697066,0.026045999999999996,0.9995059999999999,-0.017601,-0.083349,0.053603,-0.137597,0.02002,0.022986000000000003,-0.008369
6718,0.978052,-1.542713,-0.696526,0.023288999999999997,0.999606,-0.015686000000000002,-0.101501,0.047288,-0.140921,0.022777000000000002,0.022886,-0.010284
6719,0.9891629999999999,-1.545751,-0.6862229999999999,0.020924,0.9996860000000001,-0.013758000000000001,-0.10684400000000001,0.036688,-0.149488,0.010020999999999999,-0.002784,-0.006414
6720,0.964989,-1.548492,-0.71107,0.018335,0.9997510000000001,-0.0127,-0.085504,0.031307999999999996,-0.154672,0.010473999999999999,-0.003535,-0.022502
6721,0.9262100000000001,-1.551708,-0.7502810000000001,0.015256,0.999818,-0.011468,-0.046120999999999995,0.015174000000000002,-0.150103,0.013553,-0.003602,-0.023734
6722,0.8136869999999999,-1.552107,-0.8627889999999999,0.013584,0.999825,-0.012836000000000002,-0.014305000000000002,-0.012698000000000001,-0.133819,0.038678,0.000373,-0.039715
6723,0.752807,-1.550807,-0.923214,0.013665,0.9998,-0.014586000000000002,0.012175,-0.034186,-0.11116500000000001,0.05442,0.004182,-0.031069
6724,0.6616529999999999,-1.551825,-1.013283,0.011656999999999999,0.99982,-0.014968,0.02049,-0.063059,-0.09077400000000001,0.056428,0.004163,-0.030686
6725,0.677805,-1.550103,-0.99584,0.012976,0.9997860000000001,-0.016119,0.016057,-0.067436,-0.057675,0.053064,0.023087,-0.007104999999999999
6726,0.723437,-1.548826,-0.9490149999999999,0.014542,0.9997590000000001,-0.016465,2e-06,-0.05575499999999999,-0.034294,0.048813,0.018262,-0.003737
6727,0.710687,-1.549208,-0.960944,0.014081999999999999,0.999767,-0.01636,-0.007442,-0.031305,-0.015149000000000001,0.049273000000000004,0.018254,-0.003843
6728,0.781713,-1.546402,-0.889651,0.017184,0.9997020000000001,-0.017311,-0.008443,-0.002598,-0.000227,0.040586000000000004,0.014,-0.019707
6729,0.800542,-1.545298,-0.871244,0.018300999999999998,0.999675,-0.017755,-0.000859,0.034614,0.011531999999999999,0.039851,0.015508000000000001,-0.022406
6730,0.827938,-1.542699,-0.844836,0.020691,0.999605,-0.019002,0.013028999999999999,0.055798,0.029767000000000002,0.037933,0.008268000000000001,-0.022914
6731,0.8340780000000001,-1.539069,-0.839716,0.023496,0.999497,-0.021313,0.023584,0.046105,0.046952,0.024203,0.002105,-0.027729000000000004
6732,0.836814,-1.537035,-0.837583,0.025064,0.9994299999999999,-0.022611000000000003,0.046883999999999995,0.019344,0.058901,0.019232,0.0036520000000000003,-0.023593
6733,0.8311270000000001,-1.5340280000000002,-0.843353,0.027152999999999997,0.999324,-0.024777,0.058489,-0.002036,0.067558,0.019111000000000003,0.016987000000000002,-0.023502000000000002
6734,0.8356370000000001,-1.5307549999999999,-0.8385799999999999,0.029692000000000003,0.9991979999999999,-0.026849,0.055186,-0.016973,0.076103,0.025118,0.007348,-0.017508000000000003
6735,0.857158,-1.527046,-0.8166869999999999,0.033063999999999996,0.999043,-0.028629,0.045558,-0.015903,0.083518,0.02698,-0.008397,-0.008969
6736,0.875281,-1.524593,-0.798535,0.035459,0.998933,-0.029595999999999997,0.038191,0.009677,0.086641,0.028308,-0.012131999999999999,-0.005957
6737,0.9074530000000001,-1.521466,-0.766867,0.038854,0.998784,-0.030363,0.038258,0.028835000000000003,0.090895,0.035564,-0.012822,0.0018440000000000002
6738,0.947501,-1.518316,-0.7274109999999999,0.042593,0.9986229999999999,-0.030619999999999998,0.023359,0.028009,0.095067,0.021219,0.004917,0.0033979999999999995
6739,0.969334,-1.516166,-0.706283,0.04502,0.998508,-0.030897000000000004,0.022326,0.045018999999999997,0.104653,0.017129,0.011578,0.003843
6740,0.985611,-1.51369,-0.6911970000000001,0.047577999999999995,0.9983700000000001,-0.031526,0.025647000000000003,0.06739500000000001,0.10037599999999999,0.0070480000000000004,-0.002078,-0.0026850000000000003
6741,1.002057,-1.511132,-0.676412,0.050242,0.9982209999999999,-0.032114,0.074884,0.093895,0.091075,0.016255000000000002,-0.025305,0.0106
6742,0.991597,-1.5085030000000001,-0.688361,0.0521,0.9980600000000001,-0.034074,0.085256,0.044787,0.108301,-0.008368,0.053209000000000006,-0.008986
6743,0.9892190000000001,-1.505939,-0.691974,0.054155999999999996,0.997898,-0.035604000000000004,0.0597,0.06932200000000001,0.121977,-0.019488,-0.012058,0.002996
6744,0.9964879999999999,-1.5030270000000001,-0.686362,0.056853999999999995,0.997705,-0.036788,0.07256,0.09160900000000001,0.131652,-0.011093,-0.008019,0.008391
6745,1.0006680000000001,-1.500066,-0.684186,0.059493,0.9975,-0.038144,0.100312,0.102136,0.139309,-0.007170999999999999,0.001234,0.014203
6746,0.9959399999999999,-1.496418,-0.6905939999999999,0.062367,0.997235,-0.040404,0.12471099999999999,0.070096,0.138453,0.005688,0.0044280000000000005,0.029508999999999997
6747,0.988129,-1.492867,-0.699689,0.065005,0.996965,-0.042837,0.12366300000000001,0.06269,0.12670399999999998,0.010053,0.016263999999999997,0.028143
6748,0.986115,-1.489768,-0.702924,0.067495,0.996719,-0.044674,0.111936,0.055313,0.11701800000000001,0.000956,0.0063479999999999995,0.015941999999999998
6749,0.9821840000000001,-1.486501,-0.708095,0.07002699999999999,0.996449,-0.046745999999999996,0.105558,0.070211,0.12656900000000001,-0.033894,-0.007558,0.007241
6750,0.981096,-1.483368,-0.7110029999999999,0.07256900000000001,0.996181,-0.048558,0.09291,0.09691799999999999,0.118968,-0.050138999999999996,-0.010676,0.007573000000000001
6751,0.9728379999999999,-1.482206,-0.721005,0.07312300000000001,0.996078,-0.049807,0.096137,0.075712,0.091239,-0.060305,-0.004059,0.019594999999999998
6752,0.9630049999999999,-1.479939,-0.7318,0.07448300000000001,0.995875,-0.051813,0.111025,0.026811,0.05295,-0.063497,0.030767000000000003,0.038416000000000006
6753,0.943859,-1.480446,-0.751093,0.07306900000000001,0.995921,-0.052933,0.11318399999999999,-0.007123,0.012409,-0.069437,0.033498,0.04065
6754,0.924011,-1.4792399999999999,-0.770594,0.072962,0.995812,-0.055097,0.10041,-0.028272000000000002,-0.015427000000000001,-0.07030700000000001,0.02816,0.040951999999999995
6755,0.898668,-1.4806860000000002,-0.795402,0.07041599999999999,0.995943,-0.056032000000000005,0.07597000000000001,-0.027036,-0.036969999999999996,-0.066663,0.003279,0.028536000000000002
6756,0.881709,-1.480689,-0.812237,0.069454,0.995943,-0.057215999999999996,0.04949,-0.00024700000000000004,-0.053212,-0.042033999999999995,0.006926000000000001,0.032253
6757,0.866964,-1.481203,-0.827427,0.06821100000000001,0.9959889999999999,-0.057901999999999995,0.028359,0.030780000000000002,-0.068355,-0.025319,0.010938,0.033793000000000004
6758,0.860483,-1.482897,-0.83519,0.06655599999999999,0.996139,-0.057242999999999995,0.018965,0.08086900000000001,-0.06528099999999999,-0.013654,0.013092,0.027594999999999998
6759,0.8523870000000001,-1.4834399999999999,-0.845698,0.065683,0.996187,-0.057424,0.015927,0.140441,-0.041878,-0.018014,0.0037979999999999997,0.007405
6760,0.8472879999999999,-1.4837559999999999,-0.8541059999999999,0.065153,0.9962139999999999,-0.05755,0.019224,0.170223,-0.033347,-0.018156,-0.0034170000000000003,0.00213
6761,0.836266,-1.484192,-0.8683770000000001,0.064193,0.996252,-0.057973000000000004,0.036203,0.15204600000000001,-0.031070999999999998,-0.013274000000000001,-0.005102000000000001,0.0076950000000000005
6762,0.826041,-1.483891,-0.881503,0.063817,0.9962260000000001,-0.058829,0.06386,0.140206,-0.024453,-0.023122,0.000127,0.004371
6763,0.813185,-1.483066,-0.897307,0.063652,0.9961540000000001,-0.06021,0.087311,0.147534,-0.012548,-0.032418,0.005509,-0.0050219999999999996
6764,0.788339,-1.4823879999999998,-0.924852,0.06261699999999999,0.996094,-0.06225,0.10846199999999999,0.119707,0.001518,-0.03599,0.01123,-0.000739
6765,0.755231,-1.4826700000000002,-0.9596180000000001,0.060328999999999994,0.9961190000000001,-0.064083,0.11880299999999999,0.061024,0.015544,-0.038707,0.02213,0.00671
6766,0.734136,-1.481666,-0.981467,0.059633000000000005,0.996031,-0.066084,0.1122,0.025855,0.025153000000000002,-0.036913,0.023974000000000002,0.009061
6767,0.7117600000000001,-1.4815989999999999,-1.00405,0.05818400000000001,0.996025,-0.067452,0.104547,0.0013160000000000001,0.041147,-0.032808,0.019158,0.013634
6768,0.696246,-1.481278,-1.019067,0.057335000000000004,0.9959959999999999,-0.068592,0.107504,-0.041349000000000004,0.051898,-0.029700999999999998,-0.012536,0.017185
6769,0.687177,-1.478921,-1.0269540000000001,0.0582,0.995782,-0.070924,0.115976,-0.065837,0.041306999999999996,-0.030567,-0.012323,0.019517
6770,0.677221,-1.4785409999999999,-1.036353,0.057727999999999995,0.995748,-0.07179400000000001,0.118479,0.002392,0.026277999999999996,-0.014683000000000002,-0.014806,0.025957
6771,0.675994,-1.477641,-1.039095,0.0582,0.995664,-0.072564,0.11684800000000001,0.108952,0.019721000000000002,-0.000202,0.010882,0.025674000000000002
6772,0.668322,-1.475792,-1.049425,0.058783,0.99549,-0.07445299999999999,0.091363,0.136734,0.020576,-0.000784,0.011054999999999999,0.027563
6773,0.669489,-1.476785,-1.051353,0.058255999999999995,0.995584,-0.07360900000000001,0.066991,0.162438,0.007551,-0.022581,0.016225999999999997,0.036256000000000004
6774,0.651712,-1.478294,-1.072919,0.056027,0.995725,-0.073439,0.048062,0.207315,-0.009739,-0.043210000000000005,0.009631,0.014311
6775,0.647504,-1.477817,-1.0815139999999999,0.056004,0.9956809999999999,-0.074053,0.038551,0.215917,-0.021567,-0.043187,0.009675,0.014925
6776,0.6253380000000001,-1.479396,-1.10761,0.053429,0.995826,-0.074001,0.027761,0.18295699999999998,-0.028017,-0.037620999999999995,0.004495,0.004253
6777,0.598753,-1.480424,-1.136895,0.050866,0.995919,-0.07455,0.043394,0.106181,-0.022475,-0.036752,0.008491,-0.000752
6778,0.5905199999999999,-1.479575,-1.146463,0.050720999999999995,0.995842,-0.075668,0.071859,0.047423,-0.00511,-0.036607,0.008568000000000001,0.000366
6779,0.583562,-1.4779719999999998,-1.154069,0.051073,0.9956950000000001,-0.077351,0.09082799999999999,0.025927,0.026029000000000004,-0.01349,0.006502,-0.016109000000000002
6780,0.578176,-1.475483,-1.160375,0.05201,0.995461,-0.0797,0.086533,0.052441999999999996,0.059079,-0.001564,-0.006035,-0.019161
6781,0.5844600000000001,-1.473148,-1.155263,0.05379199999999999,0.995236,-0.08131000000000001,0.08213200000000001,0.064009,0.100695,-0.002461,-0.0108,-0.011463
6782,0.596446,-1.4702950000000001,-1.1445450000000001,0.056357000000000004,0.9949540000000001,-0.083008,0.095862,0.06808099999999999,0.136037,-0.025702,-0.017674000000000002,-0.017211
6783,0.594069,-1.466939,-1.147592,0.058029,0.994612,-0.085909,0.11691900000000001,0.02001,0.151196,-0.055648,-0.002836,-0.0258
6784,0.603258,-1.463344,-1.137528,0.060842999999999994,0.994233,-0.08831599999999999,0.11651099999999999,-0.08326900000000001,0.138507,-0.067725,0.008804000000000001,-0.024386
6785,0.585881,-1.460924,-1.151931,0.060629999999999996,0.99397,-0.091364,0.106643,-0.169415,0.11183499999999999,-0.07106699999999999,0.019518999999999998,-0.017355000000000002
6786,0.586316,-1.458267,-1.147282,0.06213099999999999,0.993675,-0.093538,0.09045800000000001,-0.235303,0.08616900000000001,-0.064236,0.021141,-0.015105
6787,0.58439,-1.456053,-1.143864,0.063164,0.993424,-0.095492,0.075349,-0.286333,0.07331,-0.045037,0.024138999999999997,-0.000608
6788,0.571979,-1.454801,-1.150148,0.06264700000000001,0.9932799999999999,-0.097314,0.073172,-0.30334,0.065835,-0.031366000000000005,0.011999,0.002236
6789,0.564926,-1.453444,-1.15131,0.062681,0.993122,-0.09889099999999999,0.063701,-0.27971999999999997,0.07320800000000001,-0.023191,0.006298,0.003814
6790,0.5666140000000001,-1.451711,-1.144627,0.06377200000000001,0.9929180000000001,-0.100239,0.046813,-0.22857,0.083707,-0.013159,0.00162,0.005359
6791,0.570951,-1.4500899999999999,-1.136367,0.065075,0.9927239999999999,-0.101314,0.038518000000000004,-0.173155,0.085715,-0.001644,0.013517,0.002895
6792,0.573816,-1.4484860000000002,-1.129933,0.06623,0.9925290000000001,-0.10246400000000001,0.032123,-0.17949400000000001,0.0782,-0.005179,-0.002036,-0.010251999999999999
6793,0.576786,-1.447092,-1.122981,0.067288,0.992358,-0.103427,0.036308999999999994,-0.207168,0.068651,-0.012768,0.002545,-0.014813
6794,0.568155,-1.446209,-1.1275389999999998,0.06686399999999999,0.9922489999999999,-0.104742,0.025771,-0.190039,0.056801,-0.035278,0.038436,-0.016
6795,0.5643100000000001,-1.446224,-1.127502,0.066453,0.992251,-0.104986,0.001333,-0.19729100000000002,0.026726999999999997,-0.021713999999999997,0.030424,0.004034
6796,0.5610930000000001,-1.447415,-1.1261430000000001,0.065487,0.992398,-0.1042,-0.022236000000000002,-0.250344,-0.005419,-0.016597,0.026751999999999998,0.021146
6797,0.5583279999999999,-1.449285,-1.1234819999999999,0.064215,0.992627,-0.102806,-0.025465,-0.272636,-0.022505,-0.01026,0.031894,0.05027
6798,0.558884,-1.451329,-1.1183040000000002,0.063196,0.992872,-0.101049,-0.042227999999999995,-0.206517,-0.025912,-0.0005740000000000001,0.010790000000000001,0.039694
6799,0.557419,-1.452436,-1.116274,0.062465999999999994,0.9930040000000001,-0.100209,-0.060216,-0.16176,-0.014344999999999998,0.008716,0.001503,0.028172000000000003
6800,0.560136,-1.4536799999999999,-1.11035,0.062082000000000005,0.99315,-0.098992,-0.076276,-0.15857100000000002,0.001562,-0.001794,-0.005189,0.027474000000000002
6801,0.5606270000000001,-1.4557229999999999,-1.106333,0.061051,0.9933860000000001,-0.097243,-0.070059,-0.179976,0.020858,-0.028306,0.005698,0.014143000000000001
6802,0.566534,-1.456493,-1.096092,0.061214,0.993474,-0.096235,-0.062917,-0.23864699999999997,0.03487,-0.062435000000000004,0.017268000000000002,0.003355
6803,0.551595,-1.457925,-1.1050870000000002,0.059025,0.9936370000000001,-0.095928,-0.068647,-0.317496,0.044537,-0.070713,0.007187000000000001,-0.017872
6804,0.55623,-1.4586430000000001,-1.092729,0.059092,0.993717,-0.095047,-0.064825,-0.425068,0.036155,-0.062051999999999996,-0.00742,-0.035033999999999996
6805,0.555606,-1.459358,-1.083282,0.058658,0.9937969999999999,-0.09448,-0.053555,-0.544355,0.020364,-0.053667999999999993,-0.013359000000000001,-0.038408
6806,0.539949,-1.459303,-1.086761,0.057199,0.993791,-0.095433,-0.021939,-0.628635,0.023895,0.010535,0.012159999999999999,-0.033564
6807,0.531196,-1.4593180000000001,-1.08324,0.056353999999999994,0.993793,-0.09591799999999999,-0.007811,-0.586013,0.008984,0.031811,0.008725,-0.037459
6808,0.520591,-1.459769,-1.083272,0.055111,0.993843,-0.096121,-0.028597000000000004,-0.495263,-0.023324,0.05579,0.0074540000000000006,-0.042002
6809,0.509998,-1.4608139999999998,-1.084862,0.053582000000000005,0.993958,-0.09579299999999999,-0.051703,-0.425892,-0.035325,0.12342,0.02359,-0.031603
6810,0.504488,-1.462294,-1.083214,0.052342999999999994,0.9941190000000001,-0.094799,-0.078933,-0.302266,-0.024991,0.125697,0.025046000000000002,-0.019535
6811,0.504821,-1.464257,-1.079467,0.05143,0.9943299999999999,-0.093073,-0.107775,-0.084801,-0.037222000000000005,0.12065799999999999,0.016092,-0.022405
6812,0.509119,-1.4669450000000002,-1.075756,0.050526999999999996,0.994612,-0.090518,-0.137875,0.084752,-0.054741,0.092554,0.008104,-0.015043
6813,0.516173,-1.470094,-1.071574,0.049618,0.994934,-0.087434,-0.151322,0.173239,-0.060289999999999996,0.062824,0.008179,0.00139
6814,0.525602,-1.473275,-1.066319,0.048852,0.9952489999999999,-0.08422400000000001,-0.150045,0.228595,-0.051806,0.040427,0.003317,0.007076000000000001
6815,0.537292,-1.476238,-1.059456,0.048324,0.995533,-0.081113,-0.142548,0.24344899999999997,-0.043227,-0.010161,-0.011066,0.010877
6816,0.549261,-1.478832,-1.051709,0.047943,0.9957739999999999,-0.078327,-0.119374,0.187931,-0.032311,-0.025116,-0.009248000000000001,-0.003109
6817,0.558481,-1.480696,-1.044693,0.04768,0.995944,-0.076307,-0.07948999999999999,0.058824,-0.014776,-0.024852000000000003,-0.009417,-0.005129
6818,0.563684,-1.481624,-1.039182,0.047582,0.996027,-0.075277,-0.037401,-0.054311,0.002755,-0.030431,-0.003946,-0.038385
6819,0.567587,-1.481791,-1.0331540000000001,0.047786,0.996042,-0.074951,-0.013332,-0.133328,0.028661000000000002,-0.016689,-0.001428,-0.045762
6820,0.5726319999999999,-1.481382,-1.0242069999999999,0.048383999999999996,0.9960049999999999,-0.07505,0.001076,-0.22721799999999998,0.052383000000000006,-0.017287,-0.001392,-0.045662
6821,0.578394,-1.480515,-1.01291,0.049288,0.995927,-0.07549299999999999,0.014528,-0.29978499999999997,0.072866,0.034056,-0.00554,-0.039283
6822,0.584936,-1.479068,-0.99965,0.050575999999999996,0.9957959999999999,-0.07637100000000001,0.035545,-0.34470700000000004,0.099776,0.052740999999999996,-0.001686,-0.038024
6823,0.592841,-1.4771290000000001,-0.985138,0.052257000000000005,0.995616,-0.07757,0.045247,-0.30645500000000003,0.115818,0.05106,-0.001506,-0.036825
6824,0.602598,-1.475163,-0.970498,0.054121,0.995431,-0.078669,0.039359,-0.19775399999999999,0.110297,0.065584,-0.0055780000000000005,-0.016729
6825,0.612147,-1.473248,-0.9580709999999999,0.055965,0.995246,-0.079709,0.049387,-0.11358900000000001,0.099577,0.076908,-0.007499,-0.004275
6826,0.622193,-1.471208,-0.946441,0.057946000000000004,0.9950450000000001,-0.080792,0.044268,-0.046535,0.118683,0.061942,0.002239,-0.004947
6827,0.637251,-1.46939,-0.931599,0.06023200000000001,0.9948629999999999,-0.08136399999999999,0.024434,0.044108999999999995,0.11201900000000001,0.060114,0.002726,-0.001979
6828,0.653101,-1.4677209999999998,-0.916708,0.062523,0.994692,-0.081718,0.023415000000000002,0.052644,0.109865,0.045997,-0.003588,0.007164
6829,0.666916,-1.465575,-0.9039870000000001,0.064966,0.994469,-0.082524,0.056464,0.058873,0.12183800000000002,0.043554,-0.003365,0.007969
6830,0.6787489999999999,-1.46296,-0.893302,0.067571,0.9941909999999999,-0.083773,0.071371,0.057734,0.12728499999999998,0.010356,0.001109,-0.009168
6831,0.687723,-1.4594799999999999,-0.884975,0.070515,0.9938110000000001,-0.085836,0.073277,0.015082,0.135899,-0.010152,0.00033,-0.010752
6832,0.697796,-1.4566299999999999,-0.874353,0.073196,0.99349,-0.087292,0.070865,-0.044573,0.138095,-0.019409,0.0028940000000000003,-0.007679000000000001
6833,0.697272,-1.4542950000000001,-0.8734620000000001,0.07464,0.9932209999999999,-0.089108,0.085668,-0.07020900000000001,0.142501,-0.021448,0.001423,-0.0010869999999999999
6834,0.7032510000000001,-1.450941,-0.865977,0.077325,0.992826,-0.0912,0.104867,-0.074524,0.13943599999999998,0.011633,0.005679,0.008513
6835,0.718811,-1.447467,-0.8489450000000001,0.081005,0.992405,-0.092581,0.094215,-0.075531,0.134025,0.019031,0.006314,0.013052000000000001
6836,0.724754,-1.444577,-0.84146,0.083455,0.9920450000000001,-0.09424500000000001,0.067591,-0.071151,0.127424,0.025157,0.015676,0.022071
6837,0.7431760000000001,-1.442772,-0.821857,0.086389,0.991816,-0.09401,0.051737,-0.050799000000000004,0.113402,0.0044469999999999996,0.019948,0.026322
6838,0.7550939999999999,-1.441868,-0.809366,0.088117,0.9917,-0.093626,0.038117000000000005,-0.014450999999999999,0.092963,-0.004529999999999999,0.020568,0.02426
6839,0.7726069999999999,-1.443934,-0.791994,0.088314,0.991964,-0.090602,0.017023,0.012374,0.06286599999999999,-0.007884,0.022822,0.024104
6840,0.7829050000000001,-1.445542,-0.781882,0.088117,0.992166,-0.08855700000000001,-0.003097,0.003145,0.030679,-0.012387,0.027975999999999997,0.021952
6841,0.786994,-1.446693,-0.777755,0.08766900000000001,0.992309,-0.08739,-0.012582,-0.00202,-0.00143,-0.014091,0.028397000000000002,0.022082
6842,0.789285,-1.448274,-0.775595,0.086755,0.992504,-0.086083,-0.024128,0.011984999999999999,-0.030373,-0.010781,0.025151,0.019646
6843,0.791825,-1.45014,-0.7736109999999999,0.085656,0.9927299999999999,-0.084562,-0.041013,0.032369999999999996,-0.051882000000000005,-0.00425,0.024314,0.017209000000000002
6844,0.798242,-1.452205,-0.767813,0.084728,0.992976,-0.082579,-0.055942,0.022881,-0.063724,0.008244,0.024358,0.020552
6845,0.8199790000000001,-1.454405,-0.746504,0.084905,0.9932340000000001,-0.07922699999999999,-0.069861,0.010159,-0.067006,0.013926,0.015738,0.009891
6846,0.827526,-1.456324,-0.7392340000000001,0.084097,0.993455,-0.077294,-0.08266,0.014452000000000001,-0.06389500000000001,0.007944,0.020735,0.0021449999999999998
6847,0.832957,-1.458616,-0.734295,0.08283099999999999,0.993714,-0.075305,-0.097496,0.032631,-0.06829500000000001,0.0032890000000000003,0.019271,3e-06
6848,0.8380129999999999,-1.460807,-0.730065,0.081592,0.993957,-0.073428,-0.09953300000000001,0.046517,-0.075804,0.003995,0.004318,-0.005383
6849,0.84349,-1.462977,-0.7254649999999999,0.08038200000000001,0.994193,-0.071546,-0.092065,0.044369,-0.07788400000000001,0.00577,-0.000709,-0.002719
6850,0.847066,-1.465087,-0.7229369999999999,0.079065,0.994418,-0.069869,-0.083457,0.058196000000000005,-0.079978,0.007834,0.0028350000000000003,-0.005723
6851,0.8532129999999999,-1.467009,-0.717965,0.078053,0.994619,-0.068125,-0.085601,0.057134000000000004,-0.078921,0.008647,-5.1e-05,0.001276
6852,0.861553,-1.468877,-0.710881,0.077209,0.9948110000000001,-0.066261,-0.08451,0.068823,-0.072518,0.010484,0.0011,-0.002052
6853,0.866518,-1.4706299999999999,-0.707592,0.07620700000000001,0.9949870000000001,-0.064748,-0.07161100000000001,0.092206,-0.07032000000000001,0.011897,0.004265,-0.00677
6854,0.8699629999999999,-1.471243,-0.70582,0.075964,0.995049,-0.064092,-0.05678300000000001,0.07083500000000001,-0.066981,0.018305000000000002,-0.003853,-0.013300999999999999
6855,0.8721049999999999,-1.472561,-0.7044600000000001,0.07509600000000001,0.995179,-0.063085,-0.051722000000000004,0.022829,-0.054064999999999995,0.0093,-0.006135,-0.0045119999999999995
6856,0.8736870000000001,-1.473696,-0.7033659999999999,0.07433,0.995289,-0.062241,-0.041076999999999995,0.036563,-0.03478,0.002147,-0.00047699999999999994,-0.004852
6857,0.877024,-1.47508,-0.701348,0.073478,0.995423,-0.061112,-0.033505,0.08862,-0.005953,-0.012031,0.004196,0.010223999999999999
6858,0.897135,-1.476752,-0.684064,0.073392,0.9955809999999999,-0.058584000000000004,-0.033227,0.179058,0.021705000000000002,-0.008556999999999999,0.00889,0.039266
6859,0.9181290000000001,-1.476979,-0.6673140000000001,0.07442599999999999,0.9956020000000001,-0.05689299999999999,0.014744,0.203263,0.054055,-0.001092,0.014774,0.043648
6860,0.9134559999999999,-1.4734120000000002,-0.673986,0.07696900000000001,0.9952620000000001,-0.059409000000000003,0.096006,0.034545,0.084752,0.019115,0.0048909999999999995,-0.041085
6861,0.9040540000000001,-1.470825,-0.682902,0.078431,0.995007,-0.061723,0.11599300000000001,-0.050657,0.062568,-0.025468,-0.017209000000000002,-0.072661
6862,0.868051,-1.469757,-0.717792,0.076968,0.9949,-0.065192,0.10774,-0.040831,0.010149,-0.073962,-0.0035210000000000003,-0.041483
6863,0.851692,-1.468908,-0.734132,0.076528,0.994814,-0.066999,0.077175,-0.002195,-0.034980000000000004,-0.023854,0.006651000000000001,-0.019122
6864,0.8403139999999999,-1.4685270000000001,-0.744395,0.076043,0.994775,-0.068118,0.036073,-0.09592,-0.004168,0.044654,0.008429,-0.005887
6865,0.83565,-1.467773,-0.746849,0.07628099999999999,0.994698,-0.068975,0.036973,-0.100316,0.028959,0.05081,-0.009468,-0.013009999999999999
6866,0.838959,-1.467215,-0.742776,0.076921,0.99464,-0.069093,-0.019183000000000002,-0.003222,0.039124,0.05699,0.0005679999999999999,-0.002989
6867,0.8498479999999999,-1.466611,-0.7320939999999999,0.07812100000000001,0.9945780000000001,-0.068648,-0.010706,0.020038999999999998,0.075473,0.06473200000000001,0.010214,-0.038238999999999995
6868,0.860049,-1.465251,-0.723481,0.079842,0.9944350000000001,-0.06873,0.022851,0.12645399999999998,0.074503,0.014061,0.001872,-0.025233000000000002
6869,0.864124,-1.464242,-0.722662,0.080884,0.9943280000000001,-0.06905599999999999,0.027507,0.161798,0.023216,-0.028364,-0.006764,-0.006948
6870,0.864728,-1.463957,-0.7240989999999999,0.08114099999999999,0.9942979999999999,-0.06919,0.007963,0.062889,-0.000295,-0.031916,0.0012619999999999999,-0.014062
6871,0.862934,-1.464094,-0.726061,0.080913,0.9943129999999999,-0.069247,0.004475,-0.019052,-0.018374,-0.01408,0.012232999999999999,-0.027356000000000002
6872,0.8588809999999999,-1.4643979999999999,-0.729197,0.080404,0.994345,-0.069378,-0.0020559999999999997,-0.055219000000000004,-0.025851,-0.012548,0.013956,-0.009602
6873,0.8563459999999999,-1.464852,-0.731092,0.079886,0.9943930000000001,-0.069285,-0.012551999999999999,-0.011526999999999999,-0.020638999999999998,-0.008429,0.018591999999999997,-0.009466
6874,0.8559260000000001,-1.465415,-0.7314109999999999,0.079434,0.994453,-0.068951,-0.027502,-0.009365,-0.015405,0.0034969999999999997,0.007515999999999999,-0.007083
6875,0.857482,-1.465859,-0.729534,0.079208,0.994499,-0.068539,-0.017967,-0.015824,-0.006784999999999999,0.001007,0.006111,-0.010761
6876,0.850341,-1.465666,-0.736217,0.078861,0.9944790000000001,-0.06923,-0.004143,-0.028648000000000003,-0.008809,-0.003696,-0.002246,-0.022201
6877,0.841521,-1.465422,-0.743979,0.078427,0.994453,-0.07008400000000001,-0.014967,-0.066947,-0.01204,-0.0038880000000000004,-0.00872,-0.024154
6878,0.8338639999999999,-1.46631,-0.7500140000000001,0.077235,0.9945459999999999,-0.07009,-0.03204,-0.078563,-0.022829,-0.008952,0.0033020000000000002,-0.003168
6879,0.8303,-1.46661,-0.7522399999999999,0.076764,0.994577,-0.070163,-0.021263999999999998,-0.055164,-0.022783,0.005801,0.017537999999999998,-0.0019809999999999997
6880,0.825717,-1.466979,-0.756019,0.076172,0.994616,-0.070265,-0.009413,-0.034944,-0.028068,0.001281,0.013914,-0.009065
6881,0.819773,-1.467609,-0.7609520000000001,0.075295,0.9946809999999999,-0.070289,-0.030835,-0.064654,-0.038862,-0.012322,0.0031829999999999996,-0.022515
6882,0.800235,-1.468558,-0.778696,0.07322999999999999,0.994778,-0.071089,-0.024534999999999998,-0.089173,-0.039858,-0.005832,0.007053,-0.011431
6883,0.797746,-1.469041,-0.779977,0.07270900000000001,0.994827,-0.070935,-0.023328,-0.048735,-0.030287,0.010177,0.008438,-0.010394
6884,0.805703,-1.467907,-0.7704979999999999,0.074085,0.994712,-0.071136,-0.018347,-0.105301,-0.007741,0.012097,-0.001883,-0.000611
6885,0.793566,-1.46763,-0.780217,0.073412,0.994683,-0.072223,-0.006675,-0.10964600000000001,0.0030269999999999997,-0.013018,-0.000863,-0.025159
6886,0.785316,-1.467407,-0.786768,0.07297100000000001,0.99466,-0.072983,-0.010762,-0.0734,-0.000254,-0.013233000000000002,-0.00229,-0.03215
6887,0.765985,-1.465798,-0.804334,0.072656,0.9944930000000001,-0.075533,0.008425,-0.0893,0.003091,-0.0029690000000000003,-0.004472,-0.020216
6888,0.75967,-1.465342,-0.8092010000000001,0.07249,0.994445,-0.07631900000000001,0.026701999999999997,-0.054227,0.0074459999999999995,-0.001354,-0.000991,-0.0007070000000000001
6889,0.7585609999999999,-1.4648510000000001,-0.809937,0.072741,0.9943930000000001,-0.076754,0.030083999999999996,-0.010574,0.010619,0.016553000000000002,0.002464,0.009921
6890,0.764333,-1.4631120000000002,-0.803022,0.074379,0.994208,-0.077581,0.035958,-0.103372,0.035352,0.0261,0.009348,-0.00799
6891,0.763922,-1.462069,-0.800053,0.07506399999999999,0.9940950000000001,-0.07836,0.01627,-0.196043,0.050289,0.009332,0.004944,-0.020441
6892,0.747235,-1.4615690000000001,-0.8129109999999999,0.074085,0.994041,-0.079967,0.010117000000000001,-0.161851,0.029901,-0.027973,0.0021899999999999997,-0.020055
6893,0.745364,-1.4612129999999999,-0.81243,0.074175,0.994002,-0.08036499999999999,0.010505,-0.097846,0.007389,-0.000918,0.001741,0.000272
6894,0.753225,-1.460842,-0.802453,0.075057,0.9939610000000001,-0.080049,0.022135,-0.12975899999999999,0.009631,0.024141,0.004696,0.017655
6895,0.758969,-1.460129,-0.7935409999999999,0.076003,0.993883,-0.08012999999999999,0.013319999999999999,-0.172416,0.028854,0.030182999999999998,0.017409,0.008643000000000001
6896,0.758562,-1.45909,-0.790396,0.07668,0.993767,-0.08091,-0.000586,-0.177706,0.031969,0.008631999999999999,0.0038829999999999997,-0.024299
6897,0.755024,-1.458294,-0.7904479999999999,0.076936,0.9936780000000001,-0.081758,-0.005827000000000001,-0.162752,0.026573000000000003,-0.000993,0.0037119999999999996,-0.025297999999999998
6898,0.752558,-1.457737,-0.790316,0.077112,0.9936159999999999,-0.082351,-0.008715,-0.10517,0.014728,5.1e-05,-0.000696,-0.019791
6899,0.7583409999999999,-1.457358,-0.782961,0.077847,0.9935729999999999,-0.082178,-0.005365999999999999,-0.072157,0.014711000000000002,0.040576999999999995,0.007968000000000001,0.018182
6900,0.759008,-1.4569809999999999,-0.780438,0.078159,0.9935299999999999,-0.082397,0.006135,-0.109542,0.029795,0.056164,0.026093,0.026458999999999996
6901,0.768755,-1.455941,-0.768071,0.079677,0.993411,-0.082374,-0.010018,-0.14038699999999998,0.031861,0.040822000000000004,0.016843,0.005195
6902,0.771353,-1.455871,-0.7628189999999999,0.079939,0.993403,-0.082216,-0.022584,-0.11249100000000001,0.017811,-0.01248,-0.009974,-0.025526
6903,0.774749,-1.456169,-0.75838,0.080011,0.9934370000000001,-0.081733,-0.027429000000000002,-0.01867,0.002702,0.007681,-0.013915,-0.025627999999999998
6904,0.7787729999999999,-1.455133,-0.754155,0.081062,0.993318,-0.082143,0.0045590000000000006,-0.008187999999999999,0.017869,0.028847,-0.009264,-0.019099
6905,0.780875,-1.454431,-0.7522260000000001,0.081725,0.993237,-0.082468,0.019538999999999997,0.023628,0.040366,0.04715,0.026157,0.034189
6906,0.7826930000000001,-1.453088,-0.750571,0.082815,0.99308,-0.083264,0.031117000000000002,-0.006261,0.045827,0.005305,-0.010323,-0.008578
6907,0.7838149999999999,-1.45208,-0.7493380000000001,0.083616,0.9929610000000001,-0.083881,0.024831,0.009778,0.036148,-0.012311,-0.015178,-0.015819999999999997
6908,0.787571,-1.451617,-0.746446,0.084255,0.992907,-0.08388999999999999,-0.009084,0.051476999999999995,0.027312,-0.003475,0.000425,-0.034564
6909,0.7930659999999999,-1.4507450000000002,-0.7409939999999999,0.085332,0.9928030000000001,-0.084034,-0.026563999999999997,-0.028405,0.039044,0.009333,0.00056,-0.006679999999999999
6910,0.797571,-1.450244,-0.735212,0.086066,0.992742,-0.083995,0.010589,-0.067958,0.041491,0.0086,0.00062,-0.006718000000000001
6911,0.797283,-1.449209,-0.734578,0.08677699999999999,0.992617,-0.084738,0.038553,-0.031768,0.038386,0.004379999999999999,0.025861000000000002,0.028006
6912,0.7967810000000001,-1.448488,-0.7343310000000001,0.087246,0.9925299999999999,-0.08528200000000001,0.034213,-0.049852999999999995,0.036242,-0.019451,0.005166,-0.0058130000000000005
6913,0.796317,-1.447722,-0.73365,0.08775,0.9924360000000001,-0.085854,0.017190999999999998,-0.049751,0.025441,-0.019955,0.00526,-0.005241
6914,0.796834,-1.4474870000000002,-0.732762,0.087961,0.9924069999999999,-0.085972,-0.004911,-0.0027199999999999998,0.0049299999999999995,-0.0071200000000000005,0.009836,-0.002559
6915,0.800146,-1.447864,-0.729224,0.087977,0.992453,-0.08542000000000001,-0.027368,-0.022847,-0.003747,0.0035759999999999998,0.014275999999999999,0.003968
6916,0.8020470000000001,-1.44842,-0.726349,0.087742,0.9925209999999999,-0.084868,-0.030708,-0.059034,-0.009065,0.0052450000000000005,0.01787,0.025252
6917,0.8069850000000001,-1.449555,-0.720202,0.08734700000000001,0.9926590000000001,-0.083655,-0.012574,-0.060158,-0.010006000000000001,-0.0016690000000000001,0.019288,0.024725999999999998
6918,0.806804,-1.450126,-0.719433,0.086922,0.992728,-0.08327799999999999,-0.008163,-0.036634,-0.007911,-0.003655,0.012033,0.007427
6919,0.803802,-1.4504139999999999,-0.722141,0.086466,0.992763,-0.083341,-0.01761,0.000671,-0.004821,-0.003489,0.0022170000000000002,-0.008304
6920,0.801299,-1.450328,-0.724962,0.08631799999999999,0.9927520000000001,-0.083616,-0.022846,0.024117,-0.002752,0.000458,0.002151,-0.012636
6921,0.8023239999999999,-1.450272,-0.7242569999999999,0.08644400000000001,0.9927459999999999,-0.083567,-0.021863999999999998,0.008121,0.000481,0.001873,0.005957,-0.003653
6922,0.804925,-1.450634,-0.72119,0.08640199999999999,0.9927889999999999,-0.083092,-0.014613,-0.039842,0.000593,-0.000724,0.008828,0.008537000000000001
6923,0.806127,-1.451208,-0.718849,0.086091,0.992858,-0.082594,-0.002979,-0.060131,0.002836,-0.005357,0.005021,0.00601
6924,0.803225,-1.451423,-0.720733,0.08569700000000001,0.992883,-0.082695,0.0077659999999999995,-0.043124,0.002888,-0.002171,0.004187,-0.002419
6925,0.801283,-1.4511290000000001,-0.721852,0.085746,0.992848,-0.083064,0.006695,-0.043124,0.003949,0.002633,0.0049700000000000005,-0.005345
6926,0.800849,-1.450761,-0.7213729999999999,0.085972,0.9928040000000001,-0.083355,0.00032599999999999996,-0.044016,0.005997,0.004879,0.007913,-0.002002
6927,0.80612,-1.4509100000000001,-0.715398,0.08630299999999999,0.992822,-0.082799,-0.007086,-0.030144999999999998,0.006997,0.005051,0.007391,0.008076999999999999
6928,0.809959,-1.451007,-0.7111970000000001,0.086551,0.992834,-0.0824,-0.001662,-0.009923999999999999,0.0070090000000000005,0.006528,0.005854,0.012286
6929,0.812825,-1.4508889999999999,-0.70821,0.086872,0.99282,-0.082233,0.003672,-0.006759,0.010247,0.009335,0.0061270000000000005,0.004352
6930,0.817049,-1.450564,-0.7038220000000001,0.08745399999999999,0.9927809999999999,-0.082086,-0.002739,-0.009928,0.00914,0.002665,0.0096,0.0035340000000000002
6931,0.819952,-1.450619,-0.700823,0.087652,0.9927870000000001,-0.081795,-0.010154999999999999,-0.000306,0.006939,0.0035340000000000002,0.009929,0.005012
6932,0.8227469999999999,-1.451103,-0.6980970000000001,0.087528,0.9928450000000001,-0.081223,-0.017575999999999998,0.006129,0.002606,-0.0047799999999999995,0.010756,0.004898
6933,0.8246389999999999,-1.451735,-0.6961649999999999,0.087221,0.9929209999999999,-0.080631,-0.018677000000000003,-0.005568,-0.001661,-0.0047009999999999994,0.007476000000000001,0.003513
6934,0.825543,-1.452123,-0.695074,0.087011,0.992967,-0.080291,-0.013347999999999999,-0.009835,-0.004823,-0.004705,0.006057,0.001891
6935,0.825889,-1.452443,-0.694571,0.08680399999999999,0.9930040000000001,-0.080045,-0.009062,-0.00771,-0.006933,0.0019260000000000002,0.003379,-0.001422
6936,0.8257129999999999,-1.452594,-0.694447,0.08668,0.993022,-0.079959,-0.005928,-0.020513,-0.004758,0.006459,0.007497,-0.0018899999999999998
6937,0.8258139999999999,-1.4527700000000001,-0.6938340000000001,0.08656,0.993043,-0.079832,-0.011229000000000001,-0.028768000000000002,-0.005921,0.0027649999999999997,0.009887,-0.000857
6938,0.830189,-1.453016,-0.6889930000000001,0.086728,0.993072,-0.079287,-0.014387,-0.020231,-0.0070209999999999995,0.00603,0.008468999999999999,0.00519
6939,0.8332459999999999,-1.453365,-0.685913,0.086713,0.9931129999999999,-0.078788,-0.016382,0.01067,-0.0070739999999999996,0.006289,0.006231,0.005958
6940,0.836518,-1.453502,-0.683037,0.08687,0.993129,-0.078414,-0.009943,0.020231,-0.005972,0.004484,0.004018,-0.0005809999999999999
6941,0.8380299999999999,-1.453637,-0.681649,0.086889,0.9931450000000001,-0.078192,-0.0068579999999999995,-0.003225,-0.0037840000000000005,0.001353,0.0017739999999999998,0.002341
6942,0.838823,-1.4538950000000002,-0.680646,0.086759,0.993175,-0.07795099999999999,-0.009040000000000001,-0.012809000000000001,-0.002719,-0.001371,0.005222999999999999,0.00358
6943,0.8395889999999999,-1.454172,-0.679711,0.086615,0.993207,-0.077702,-0.008992,-0.0032170000000000002,-0.0037990000000000003,-0.002066,0.006122,0.003041
6944,0.840454,-1.45431,-0.67894,0.08657999999999999,0.993223,-0.07753600000000001,-0.00678,0.00656,-0.003853,0.003172,0.006762000000000001,-0.002512
6945,0.8409059999999999,-1.454404,-0.678654,0.08654500000000001,0.9932340000000001,-0.077434,-0.004642,0.007618000000000001,-0.003839,0.001986,0.008414,-0.001591
6946,0.840843,-1.454621,-0.678795,0.08638,0.993259,-0.077295,-0.006804000000000001,0.001234,-0.003846,-0.0037070000000000002,0.007305,-9.7e-05
6947,0.839952,-1.455186,-0.679633,0.085893,0.993325,-0.076998,-0.012139,-0.002991,-0.008152,-0.010286,0.007301,0.003909
6948,0.839201,-1.4557360000000001,-0.680372,0.08542899999999999,0.9933879999999999,-0.076698,-0.011023999999999999,0.001292,-0.01456,-0.008922,0.008947,0.002494
6949,0.8387399999999999,-1.456329,-0.680933,0.08495599999999999,0.9934559999999999,-0.076343,-0.010986,0.00557,-0.018838999999999998,-0.004649,0.008955,0.005039
6950,0.840357,-1.456996,-0.679329,0.08458500000000001,0.993532,-0.075764,-0.015279,-0.0018629999999999999,-0.020995,0.00207,0.009444,0.007267
6951,0.840666,-1.457804,-0.6790229999999999,0.08401,0.9936229999999999,-0.075202,-0.026967,0.003525,-0.026425,-0.002803,0.010451,0.004477
6952,0.842902,-1.4589450000000002,-0.676987,0.08333099999999999,0.993751,-0.074259,-0.040733,0.012407,-0.031958,-0.002872,0.011970999999999999,0.007349
6953,0.8458389999999999,-1.460691,-0.674326,0.08225,0.9939450000000001,-0.072864,-0.049217000000000004,0.014606000000000001,-0.041635000000000005,-0.0063219999999999995,0.011594,0.009356
6954,0.8478829999999999,-1.4623329999999999,-0.672528,0.081175,0.994124,-0.071616,-0.05027,0.009318,-0.050182,-0.0050490000000000005,0.011949,0.007909999999999999
6955,0.8498889999999999,-1.4643540000000002,-0.670592,0.079809,0.99434,-0.070126,-0.05134299999999999,0.0008289999999999999,-0.05765700000000001,-0.003164,0.011458,0.009518
6956,0.850355,-1.466432,-0.670195,0.078289,0.994559,-0.068726,-0.056621000000000005,0.004082,-0.067313,-0.003597,0.009454,0.00415
6957,0.850526,-1.4684,-0.670292,0.07683,0.994762,-0.067422,-0.06400299999999999,0.017978,-0.072723,-0.0008869999999999999,0.006794,0.002755
6958,0.8539040000000001,-1.470567,-0.6674100000000001,0.075432,0.994981,-0.065745,-0.075677,0.030807,-0.07389,0.003899,0.006697,0.004878
6959,0.859247,-1.4727540000000001,-0.66279,0.074133,0.9951979999999999,-0.06392,-0.079916,0.038275,-0.07286000000000001,0.002664,0.005825,0.0018620000000000002
6960,0.8627290000000001,-1.47474,-0.660027,0.072854,0.99539,-0.062376,-0.075627,0.037483999999999996,-0.069715,0.003959000000000001,0.004411,-0.0034509999999999996
6961,0.864858,-1.47661,-0.6585310000000001,0.07157000000000001,0.995568,-0.061013,-0.07033500000000001,0.03,-0.06753200000000001,-0.00041900000000000005,0.005072999999999999,-0.011451000000000001
6962,0.862798,-1.478128,-0.66128,0.070296,0.9957090000000001,-0.060177999999999995,-0.06816599999999999,0.039570999999999995,-0.06539299999999999,0.0028539999999999998,0.004367,-0.013125999999999999
6963,0.860735,-1.479363,-0.664087,0.069239,0.9958229999999999,-0.05952,-0.059673000000000004,0.03632,-0.05892000000000001,0.004490999999999999,0.002071,-0.012974000000000001
6964,0.860777,-1.4806059999999999,-0.664655,0.068303,0.995936,-0.058711,-0.047994,0.028801,-0.053487,0.006038,-0.0006349999999999999,-0.011953
6965,0.8569950000000001,-1.4812809999999998,-0.668828,0.06757300000000001,0.9959959999999999,-0.058529,-0.035266000000000006,0.018078,-0.046974,0.006402,-0.001001,-0.014225
6966,0.8537969999999999,-1.481479,-0.672479,0.067236,0.996014,-0.058615,-0.026749000000000002,0.023336000000000003,-0.037306,0.01095,0.003834,-0.015116
6967,0.8524729999999999,-1.481874,-0.67414,0.066862,0.996049,-0.058445000000000004,-0.024714,0.010506999999999999,-0.027661,0.011431,0.0037070000000000002,-0.014934999999999999
6968,0.8534200000000001,-1.481689,-0.673366,0.067057,0.996033,-0.058503,-0.020451,0.010601000000000001,-0.0181,0.014196,0.0008550000000000001,-0.012298
6969,0.855044,-1.481317,-0.672229,0.06743099999999999,0.995999,-0.058637,-0.014,0.031841,-0.007398,0.0128,0.001941,-0.011264
6970,0.85816,-1.481266,-0.669828,0.067652,0.9959950000000001,-0.058459000000000004,-0.011871,0.036074,-0.002046,0.011313,0.0017620000000000001,-0.004804
6971,0.860341,-1.481112,-0.6683520000000001,0.06789500000000001,0.9959809999999999,-0.058412,-0.0054600000000000004,0.037121,-0.00307,0.003821,0.002402,-0.002684
6972,0.8603569999999999,-1.480947,-0.669271,0.068021,0.995966,-0.058517999999999994,-6.7e-05,0.052008000000000006,-0.000915,0.00275,0.004018,-0.0025629999999999997
6973,0.8608690000000001,-1.480811,-0.669872,0.06815299999999999,0.9959540000000001,-0.058571000000000005,0.0031579999999999998,0.055201,-0.0030329999999999997,0.005104,0.004107,-0.003486
6974,0.861713,-1.480437,-0.669902,0.068486,0.99592,-0.058755999999999996,0.003062,0.037079,0.000195,0.006359,0.0058649999999999996,-0.003896
6975,0.863405,-1.48022,-0.668917,0.068749,0.995901,-0.05878099999999999,-0.002262,0.038167,-0.0009109999999999999,0.00315,0.004465,-0.002163
6976,0.864252,-1.480256,-0.6690159999999999,0.068772,0.9959040000000001,-0.058699,-0.0032619999999999997,0.052024,-0.0020039999999999997,0.0005639999999999999,0.007377,-0.003389
6977,0.86474,-1.480426,-0.669585,0.068672,0.995919,-0.058556,-0.0032670000000000004,0.052020000000000004,-0.000936,-0.004005,0.006553,0.000634
6978,0.8653120000000001,-1.4806709999999998,-0.669987,0.06851900000000001,0.995941,-0.05835800000000001,-0.0011380000000000001,0.048825,-0.003054,-0.003013,0.0059960000000000005,0.0025109999999999998
6979,0.866957,-1.4808139999999999,-0.669331,0.068507,0.9959540000000001,-0.058152999999999996,-0.0032670000000000004,0.050959,-0.002003,-1e-05,0.006487000000000001,0.003588
6980,0.870817,-1.480928,-0.6664329999999999,0.06864400000000001,0.995965,-0.057815,-0.006502,0.045636,0.000118,0.001684,0.006111,0.002746
6981,0.87305,-1.480974,-0.6651279999999999,0.068737,0.9959690000000001,-0.057632,-0.005435,0.048815,0.003326,0.0036200000000000004,0.004657,7.6e-05
6982,0.874194,-1.480895,-0.664972,0.068864,0.9959620000000001,-0.057604999999999996,-0.002239,0.049861,0.005483,-0.001451,0.0033060000000000003,-0.004117
6983,0.8747959999999999,-1.480805,-0.6653100000000001,0.068967,0.9959540000000001,-0.057620000000000005,0.00201,0.046646,0.006585,-0.0029879999999999998,0.005603,-0.003247
6984,0.8751639999999999,-1.480773,-0.6659079999999999,0.069013,0.995951,-0.057615999999999994,0.000976,0.049863,0.0023,-0.001356,0.008535,-0.00010800000000000001
6985,0.8761680000000001,-1.48068,-0.665934,0.069142,0.995942,-0.057604999999999996,0.004182,0.053038999999999996,0.004455,0.003963,0.008162,-0.0016600000000000002
6986,0.877825,-1.480215,-0.6654939999999999,0.069594,0.9959,-0.057787,0.010626,0.063665,0.005556,0.007417,0.004451,-0.002623
6987,0.880326,-1.479783,-0.664326,0.070069,0.9958610000000001,-0.057886,0.008483,0.06790800000000001,0.011945,0.009276999999999999,0.006214,9e-06
6988,0.8843979999999999,-1.479178,-0.661675,0.070771,0.995806,-0.05798300000000001,0.008493,0.074283,0.016211,0.005935,0.002241,-0.00116
6989,0.8883120000000001,-1.478399,-0.65946,0.071599,0.995734,-0.058194,0.013885,0.09235299999999999,0.021568,0.009914,0.00158,-0.005801
6990,0.890496,-1.477499,-0.659261,0.072422,0.9956510000000001,-0.058601,0.024564,0.102934,0.030175,0.008037,0.001786,-0.006096
6991,0.89299,-1.476487,-0.658702,0.073353,0.995556,-0.059052,0.026616,0.091183,0.036614999999999995,0.005092,0.0033450000000000003,-0.002822
6992,0.894373,-1.474985,-0.658997,0.074601,0.9954139999999999,-0.059887,0.035094,0.084737,0.043093,0.006575,-0.000769,-0.006945999999999999
6993,0.894051,-1.473172,-0.6612819999999999,0.075989,0.995239,-0.061041,0.046947,0.104367,0.050483999999999994,0.005676,0.000977,-0.009087999999999999
6994,0.894329,-1.471416,-0.663089,0.07736900000000001,0.995066,-0.062113999999999996,0.05544400000000001,0.10005900000000001,0.054822,0.008172,0.0034240000000000004,-0.006856
6995,0.89694,-1.469649,-0.662417,0.078904,0.9948889999999999,-0.06300900000000001,0.05541,0.094724,0.056965999999999996,0.004836,-0.0014199999999999998,0.001317
6996,0.899389,-1.467917,-0.662054,0.080407,0.994713,-0.063887,0.065088,0.11173499999999999,0.057013,0.0050880000000000005,0.000344,0.005934
6997,0.8997700000000001,-1.466136,-0.664346,0.081818,0.9945280000000001,-0.064957,0.073766,0.144725,0.0581,0.001739,0.005853,0.00734
6998,0.9028930000000001,-1.464507,-0.664489,0.08329299999999999,0.9943569999999999,-0.065705,0.070656,0.168159,0.061252999999999995,0.000737,0.007169,0.009736
6999,0.905935,-1.462884,-0.6649149999999999,0.084762,0.994183,-0.066447,0.066411,0.173501,0.061216999999999994,0.000962,0.008289,0.013575
7000,0.9092610000000001,-1.4616129999999998,-0.665185,0.08598,0.9940450000000001,-0.066941,0.06646200000000001,0.184158,0.060134,-0.007640999999999999,0.005771,0.010011
7001,0.9099290000000001,-1.4605,-0.668354,0.086898,0.993924,-0.067563,0.065428,0.191619,0.060115999999999996,-0.014251,0.008533,0.0067870000000000005
7002,0.909292,-1.4593040000000002,-0.672596,0.087793,0.993791,-0.068348,0.067469,0.169249,0.058021,-0.022577,0.007613,0.010395999999999999
7003,0.907639,-1.458322,-0.677405,0.088449,0.9936809999999999,-0.069094,0.067484,0.152607,0.048329000000000004,-0.026224,0.009569,0.014636000000000001
7004,0.9050520000000001,-1.458308,-0.683034,0.088281,0.9936799999999999,-0.06933099999999999,0.066458,0.147344,0.03337,-0.023294,0.011005,0.017894
7005,0.903172,-1.457774,-0.687732,0.08856699999999999,0.9936200000000001,-0.069825,0.058963999999999996,0.133556,0.024789,-0.019048,0.015566,0.020295
7006,0.901803,-1.457592,-0.691841,0.088614,0.993599,-0.070059,0.044094,0.140034,0.016128999999999998,-0.01969,0.016227000000000002,0.019507
7007,0.9013959999999999,-1.458288,-0.695206,0.088042,0.9936780000000001,-0.06966599999999999,0.030284,0.147565,0.009611,-0.019943000000000002,0.017446,0.016489
7008,0.90217,-1.458647,-0.697351,0.08781599999999999,0.993718,-0.069377,0.017499,0.14444400000000002,0.002046,-0.019777,0.017603999999999998,0.01797
7009,0.903141,-1.4592459999999998,-0.699419,0.087416,0.993785,-0.068922,0.005849,0.15623299999999998,-0.005529,-0.022474,0.016590999999999998,0.012801
7010,0.9036559999999999,-1.46055,-0.7018979999999999,0.086434,0.9939290000000001,-0.068076,-0.000607,0.140294,-0.00983,-0.018181,0.013609,0.010627
7011,0.9024780000000001,-1.461985,-0.705391,0.085234,0.994086,-0.067294,-0.00283,0.10328,-0.013053,-0.021421,0.009515000000000001,0.010561
7012,0.901552,-1.462817,-0.708004,0.084523,0.9941760000000001,-0.06686,-0.0040030000000000005,0.079848,-0.013033000000000001,-0.02242,0.008020999999999999,0.008434
7013,0.900034,-1.464308,-0.711164,0.083259,0.9943350000000001,-0.066066,-0.010372,0.08414500000000001,-0.016291,-0.019813,0.009967,0.008081999999999999
7014,0.8993329999999999,-1.46599,-0.713258,0.08190399999999999,0.9945129999999999,-0.065084,-0.014776,0.056454,-0.014153,-0.013102,0.011087,0.005497999999999999
7015,0.899134,-1.466687,-0.714076,0.081349,0.9945860000000001,-0.064669,-0.009639,0.017004,-0.009795,-0.015049000000000002,0.007978,0.005312
7016,0.8966719999999999,-1.467692,-0.71672,0.08040800000000001,0.9946889999999999,-0.06424500000000001,-0.006481999999999999,0.008467,-0.008695999999999999,-0.018366,0.007111,0.004644
7017,0.8924639999999999,-1.46882,-0.7211,0.079263,0.9948049999999999,-0.06387899999999999,-0.0075450000000000005,0.010597,-0.007640999999999999,-0.011773,0.0093,0.003042
7018,0.892598,-1.469263,-0.7211310000000001,0.078929,0.99485,-0.063592,-0.006506999999999999,0.008445999999999999,-0.003358,-0.009776,0.0070420000000000005,0.005288
7019,0.892684,-1.469734,-0.721217,0.078569,0.994898,-0.063291,-0.002186,0.00859,0.0009199999999999999,-0.006853,0.004675,0.003812
7020,0.889965,-1.4700870000000001,-0.724047,0.078124,0.994933,-0.063283,0.0041719999999999995,0.004285,0.006309,-0.007308,0.0022129999999999997,0.002141
7021,0.8897299999999999,-1.469997,-0.724167,0.078178,0.994924,-0.063358,0.007276,-0.011726,0.011692000000000001,-0.006325,0.003214,0.002628
7022,0.8889100000000001,-1.470119,-0.724684,0.078032,0.994936,-0.063345,0.011505,-0.01708,0.014931999999999999,-0.006972,0.003812,0.004111
7023,0.889041,-1.470149,-0.723999,0.07801799999999999,0.9949389999999999,-0.063317,0.010341,-0.036259,0.017084000000000002,-0.007904000000000001,0.004664,0.006386
7024,0.887654,-1.469997,-0.7244510000000001,0.078047,0.994924,-0.06352000000000001,0.012426000000000001,-0.052225,0.011777,-0.009459,0.0063880000000000004,0.005613
7025,0.885424,-1.470342,-0.725463,0.07764,0.994959,-0.06347699999999999,0.010248,-0.063926,0.009639,-0.005542,0.012121,0.006638
7026,0.884125,-1.470176,-0.725377,0.077684,0.994942,-0.063682,0.001709,-0.070267,0.004246,-0.005312,0.011238,0.009834
7027,0.884383,-1.470394,-0.723797,0.077533,0.994964,-0.063525,0.000684,-0.064919,-4.1e-05,0.00011899999999999999,0.010483,0.006121
7028,0.883733,-1.470537,-0.723247,0.077382,0.994978,-0.063485,-0.001393,-0.058495000000000005,-0.0064730000000000005,0.002223,0.014741999999999998,0.000405
7029,0.8831959999999999,-1.470788,-0.722547,0.077155,0.9950030000000001,-0.063368,-0.008870999999999999,-0.06590399999999999,-0.011857,0.0033200000000000005,0.013328,0.003111
7030,0.883807,-1.471415,-0.720596,0.076711,0.995066,-0.062925,-0.024816,-0.064736,-0.023719999999999998,0.0021609999999999997,0.011099,0.006132
7031,0.8870469999999999,-1.472833,-0.716308,0.07582,0.9952049999999999,-0.061785,-0.0364,-0.044399,-0.037714,-0.003875,0.007968000000000001,0.013047999999999999
7032,0.8897379999999999,-1.474596,-0.712917,0.074623,0.995376,-0.060475,-0.044841000000000006,-0.032612999999999996,-0.047403,-0.0058969999999999995,0.007706,0.010213
7033,0.8908889999999999,-1.476258,-0.710976,0.073407,0.9955350000000001,-0.05935,-0.051272000000000005,-0.045348,-0.053841999999999994,-0.004651,0.006174,0.008721
7034,0.8913969999999999,-1.478176,-0.709492,0.071951,0.995714,-0.058112,-0.050187,-0.048518,-0.061308,-0.003927,0.00511,0.005149
7035,0.8898780000000001,-1.4799229999999999,-0.710105,0.07051,0.9958739999999999,-0.057125999999999996,-0.046962000000000004,-0.044263,-0.062360000000000006,-0.001861,0.005529999999999999,-0.00020099999999999998
7036,0.8864850000000001,-1.4814459999999998,-0.71244,0.069141,0.9960110000000001,-0.056407000000000006,-0.043829,-0.06131,-0.064453,-5e-05,0.003684,-0.00385
7037,0.882551,-1.483291,-0.714845,0.0675,0.996174,-0.055511000000000005,-0.052454999999999995,-0.08152000000000001,-0.064488,-0.006053,0.005016,0.002594
7038,0.880835,-1.4852450000000001,-0.7149810000000001,0.065903,0.996343,-0.054388,-0.058808000000000006,-0.075089,-0.068814,-0.0065769999999999995,0.008006000000000001,0.003179
7039,0.8784850000000001,-1.487131,-0.715918,0.064329,0.996502,-0.053342999999999995,-0.054512,-0.071895,-0.071993,-0.002439,0.005268,-0.0018629999999999999
7040,0.871137,-1.4885899999999999,-0.7216739999999999,0.062822,0.9966229999999999,-0.052877999999999994,-0.047091,-0.08681799999999999,-0.076195,0.0035840000000000004,0.004567,-0.009973000000000001
7041,0.8636360000000001,-1.490111,-0.727251,0.061271000000000006,0.9967469999999999,-0.052362,-0.046051999999999996,-0.098518,-0.081513,0.007104000000000001,0.005176,-0.012381
7042,0.856125,-1.491645,-0.7330770000000001,0.059721,0.996869,-0.051819000000000004,-0.046993,-0.075061,-0.08582200000000001,0.011323999999999999,0.006213000000000001,-0.012756
7043,0.8555709999999999,-1.4927059999999999,-0.732424,0.058895,0.9969520000000001,-0.051158999999999996,-0.051183,-0.058002,-0.08587,0.023167,0.004848,-0.004429
7044,0.860135,-1.493459,-0.7267680000000001,0.058558000000000006,0.9970110000000001,-0.0504,-0.051042000000000004,-0.054573,-0.08590199999999999,0.01914,0.003218,-0.0038909999999999995
7045,0.85436,-1.495382,-0.731637,0.05682,0.997158,-0.049477999999999994,-0.046712000000000004,-0.038617,-0.083756,0.020877,0.003071,-0.0048119999999999994
7046,0.8517790000000001,-1.496362,-0.733646,0.05595700000000001,0.997231,-0.048981,-0.053064,-0.026881,-0.08274400000000001,0.017972,0.0033640000000000002,-0.010116
7047,0.848242,-1.49789,-0.736722,0.054639,0.997344,-0.04817,-0.058367999999999996,-0.021532,-0.083855,0.016406,0.008394,-0.013368999999999999
7048,0.843877,-1.498942,-0.740733,0.053644000000000004,0.9974200000000001,-0.047711,-0.051927,-0.016215,-0.08702,0.016638,0.0049,-0.012409
7049,0.8375290000000001,-1.499917,-0.7467600000000001,0.052619000000000006,0.997489,-0.0474,-0.045543,-0.020498,-0.086967,0.016534,0.002114,-0.014641999999999999
7050,0.830181,-1.5011299999999999,-0.7535649999999999,0.051375,0.997574,-0.046968,-0.043466000000000005,-0.031167,-0.084801,0.020722,0.002502,-0.018309
7051,0.822635,-1.5023,-0.760598,0.050164,0.997655,-0.046561,-0.04023,-0.02266,-0.08372,0.023566,0.0059770000000000005,-0.019098
7052,0.814543,-1.502313,-0.768464,0.049776999999999995,0.997656,-0.046957,-0.028444,-0.005682,-0.07724600000000001,0.028592000000000003,0.008402,-0.024469
7053,0.8072739999999999,-1.502538,-0.7757069999999999,0.049272,0.9976709999999999,-0.047162,-0.014625,-0.001533,-0.061128999999999996,0.034224,0.0017640000000000002,-0.024844
7054,0.8009270000000001,-1.5021719999999998,-0.782068,0.049233,0.9976459999999999,-0.047727,-0.001893,0.00047999999999999996,-0.04288,0.039252999999999996,-0.002346,-0.026826999999999997
7055,0.797007,-1.500148,-0.786014,0.05049,0.997505,-0.049331,0.004417,-0.001749,-0.0236,0.037217,-0.003304,-0.030364999999999996
7056,0.79691,-1.4981870000000002,-0.785939,0.051884000000000007,0.997365,-0.050703,0.005372,-0.013526,-0.009686,0.034068,-0.0009050000000000001,-0.025727999999999997
7057,0.796419,-1.497196,-0.786185,0.052565999999999995,0.997293,-0.05142000000000001,0.012799,-0.010407,0.0031829999999999996,0.030839,0.0017920000000000002,-0.022524000000000002
7058,0.796846,-1.494997,-0.7857310000000001,0.054155999999999996,0.997129,-0.05293,0.023481000000000002,0.000174,0.011793999999999999,0.027585000000000002,-0.005261999999999999,-0.023318000000000002
7059,0.796661,-1.492668,-0.785876,0.055807,0.99695,-0.054563,0.0341,-0.004154,0.019356,0.027918000000000002,0.003127,-0.020266
7060,0.794792,-1.491105,-0.787714,0.056816,0.996826,-0.055759,0.036235,8.3e-05,0.02364,0.024727000000000002,0.010513,-0.021008000000000002
7061,0.792151,-1.488769,-0.790488,0.058327,0.9966379999999999,-0.057544000000000005,0.039452999999999995,0.010694,0.031129,0.019951,0.007909000000000001,-0.021969
7062,0.7917850000000001,-1.4869700000000001,-0.791121,0.059580999999999995,0.996489,-0.058825,0.038373000000000004,0.017051,0.040729,0.020634,0.005388,-0.021695
7063,0.794894,-1.484902,-0.788513,0.061235000000000005,0.9963129999999999,-0.060083000000000004,0.044775999999999996,0.0287,0.052511,0.025907999999999997,0.004541,-0.017768
7064,0.799325,-1.481112,-0.784708,0.064207,0.9959809999999999,-0.06244299999999999,0.0522,0.029693,0.064318,0.021593,0.001501,-0.018489
7065,0.801331,-1.478209,-0.7831229999999999,0.06640900000000001,0.995717,-0.064326,0.059579999999999994,0.016854,0.071866,0.014737,0.0014140000000000001,-0.014471000000000001
7066,0.8021590000000001,-1.475817,-0.782709,0.068174,0.9954930000000001,-0.065926,0.070278,0.027451999999999997,0.076201,0.010195000000000001,0.003988,-0.013144999999999999
7067,0.805329,-1.4724030000000001,-0.780397,0.07083300000000001,0.9951629999999999,-0.068064,0.07677300000000001,0.048731000000000003,0.07729,0.018736000000000003,0.006836,-0.007513
7068,0.812739,-1.46947,-0.7740520000000001,0.07345499999999999,0.994871,-0.06954400000000001,0.073563,0.048734,0.079408,0.022645,0.008822,0.0006349999999999999
7069,0.818641,-1.4670020000000001,-0.769066,0.075657,0.994618,-0.070787,0.06713200000000001,0.045548000000000005,0.08257300000000001,0.021878,0.009258,0.0034649999999999998
7070,0.828108,-1.464332,-0.760837,0.078279,0.9943379999999999,-0.071863,0.06725199999999999,0.073242,0.08361,0.009367,0.006181,-0.00046399999999999995
7071,0.8310200000000001,-1.462108,-0.759891,0.080122,0.994099,-0.073125,0.07381599999999999,0.111561,0.085743,0.003832,0.004497,-0.004939
7072,0.834967,-1.459658,-0.758255,0.082215,0.9938299999999999,-0.074443,0.074897,0.113692,0.08467999999999999,0.004455,0.000875,0.0017649999999999999
7073,0.838559,-1.457537,-0.756842,0.084049,0.9935930000000001,-0.075556,0.07168200000000001,0.10626400000000001,0.08039400000000001,0.001157,0.003264,0.005716
7074,0.8417040000000001,-1.455527,-0.75593,0.085775,0.9933639999999999,-0.07662200000000001,0.07812999999999999,0.11583299999999999,0.079359,-0.001638,0.0022719999999999997,0.009422
7075,0.8433729999999999,-1.453741,-0.756835,0.087228,0.993157,-0.077658,0.084616,0.134986,0.07937899999999999,-0.007134000000000001,0.004325,0.007849
7076,0.843835,-1.45195,-0.759158,0.08859299999999999,0.9929459999999999,-0.0788,0.080372,0.13714400000000002,0.07614,-0.015747,0.011281,0.010745999999999999
7077,0.843606,-1.451207,-0.7618729999999999,0.089126,0.992858,-0.079311,0.071792,0.119099,0.067554,-0.021988,0.018373,0.015238999999999999
7078,0.843716,-1.4500680000000001,-0.764285,0.08997899999999999,0.992721,-0.080052,0.06548,0.132995,0.061080999999999996,-0.025113999999999997,0.017975,0.013156999999999999
7079,0.841342,-1.449315,-0.769474,0.09034600000000001,0.9926299999999999,-0.080764,0.070885,0.14259000000000002,0.054694000000000007,-0.015929,0.01004,0.006652
7080,0.840433,-1.4477209999999998,-0.773159,0.09145199999999999,0.9924360000000001,-0.081902,0.075124,0.133,0.051530999999999993,-0.006811,0.002895,0.0029980000000000002
7081,0.837935,-1.4460879999999998,-0.778126,0.092451,0.9922340000000001,-0.083214,0.078243,0.117002,0.053709,-0.005675,0.003005,-0.000755
7082,0.8343450000000001,-1.444226,-0.784175,0.09352,0.992001,-0.084786,0.085745,0.128676,0.05801900000000001,-0.002746,-0.000134,-0.00035800000000000003
7083,0.834008,-1.442426,-0.787103,0.094814,0.991772,-0.086016,0.0825,0.12228299999999999,0.061208000000000005,-0.004909,-0.000332,0.009127
7084,0.8351780000000001,-1.440872,-0.788287,0.096057,0.9915719999999999,-0.08694,0.077145,0.11591900000000001,0.059042,-0.007159,0.000585,0.017787
7085,0.835692,-1.4401469999999998,-0.790358,0.096635,0.991477,-0.087373,0.072986,0.137253,0.055778999999999995,-0.015778999999999998,0.008858,0.014969999999999999
7086,0.835151,-1.439737,-0.79384,0.096889,0.991424,-0.087698,0.062401,0.147977,0.047142,-0.021755,0.014481,0.016775
7087,0.8365889999999999,-1.439301,-0.795326,0.097337,0.991367,-0.087849,0.042172,0.143842,0.033117,-0.023804,0.018567,0.022571
7088,0.837277,-1.4407969999999999,-0.797571,0.096295,0.991562,-0.086788,0.027306999999999998,0.146085,0.01805,-0.036557,0.027770999999999997,0.026516
7089,0.8358540000000001,-1.442656,-0.80184,0.094804,0.991801,-0.085689,0.014538999999999998,0.139798,0.003007,-0.039628,0.028493,0.023066999999999997
7090,0.835151,-1.443676,-0.805385,0.093993,0.9919309999999999,-0.085076,0.000749,0.143102,-0.012051000000000001,-0.039671,0.020871,0.018563
7091,0.831966,-1.4455799999999999,-0.811198,0.092325,0.9921709999999999,-0.084103,-0.006774,0.123983,-0.019562,-0.03042,0.012102,0.010693000000000001
7092,0.8254940000000001,-1.447649,-0.8196620000000001,0.09027,0.9924270000000001,-0.083307,-0.006924,0.087777,-0.022728,-0.024551,0.012959,0.004953
7093,0.8252719999999999,-1.448164,-0.8212149999999999,0.089876,0.99249,-0.08298,-0.013469,0.052658,-0.025932999999999998,-0.024156,0.012896000000000001,0.004626
7094,0.822681,-1.449986,-0.8246190000000001,0.088335,0.992711,-0.081982,-0.022078,0.03777,-0.024909,-0.019594,0.00619,0.016934
7095,0.8242,-1.451762,-0.824049,0.08716499999999999,0.992924,-0.08065,-0.02615,0.058224,-0.022865,-0.015968,0.0045130000000000005,0.015297
7096,0.8260059999999999,-1.4523549999999998,-0.8237190000000001,0.086878,0.992994,-0.080094,-0.018591,0.082682,-0.018571,-0.01568,0.004442,0.014740000000000001
7097,0.8255709999999999,-1.453503,-0.825659,0.086005,0.993129,-0.079359,-0.017611,0.070931,-0.011073000000000001,-0.016181,-0.000285,0.0043619999999999996
7098,0.824277,-1.45431,-0.8281940000000001,0.085314,0.993223,-0.078926,-0.013397,0.060259,-0.009964,-0.023989,0.003069,0.001533
7099,0.818945,-1.45569,-0.834426,0.083891,0.993383,-0.078443,-0.009235,0.035747,-0.010976,-0.025266,0.007823,0.005018
7100,0.812207,-1.457147,-0.841317,0.08231000000000001,0.993549,-0.078011,-0.005137,-0.005796,-0.015171,-0.027241,0.010403,0.005135
7101,0.803882,-1.459324,-0.8491549999999999,0.0801,0.993793,-0.077192,-0.008426000000000001,-0.030264,-0.020509,-0.022543999999999998,0.013073,0.010343000000000001
7102,0.799599,-1.460284,-0.8528180000000001,0.079085,0.9939,-0.07687000000000001,-0.008403,-0.030243,-0.025851999999999997,-0.019896,0.013637999999999999,0.0072900000000000005
7103,0.793454,-1.461598,-0.8583129999999999,0.07768,0.994044,-0.076439,-0.007365999999999999,-0.036638,-0.025838999999999997,-0.015501,0.009039,0.006798
7104,0.789421,-1.462782,-0.861559,0.076535,0.994172,-0.075922,-0.010582,-0.040884,-0.026926,-0.010114,0.00624,0.010553
7105,0.788621,-1.463631,-0.861532,0.075876,0.9942629999999999,-0.075388,-0.020233,-0.041954000000000005,-0.017378,-0.007486,0.007781000000000001,0.01243
7106,0.790846,-1.464505,-0.858541,0.07542599999999999,0.9943559999999999,-0.07460800000000001,-0.027716,-0.034513,-0.006759,-0.006319,0.006193,0.009164
7107,0.7908850000000001,-1.465455,-0.8577020000000001,0.074757,0.9944569999999999,-0.07394099999999999,-0.023536,-0.043093,0.003961999999999999,-0.010456,0.002019,0.000256
7108,0.790758,-1.465835,-0.856613,0.07447899999999999,0.994497,-0.073685,-0.016197,-0.066576,0.009382999999999999,-0.014756,0.002497,-0.001373
7109,0.784038,-1.466232,-0.861742,0.07370299999999999,0.9945379999999999,-0.073904,-0.006670999999999999,-0.082593,0.010536,-0.019199,0.003295,-0.0067079999999999996
7110,0.774971,-1.466683,-0.8688239999999999,0.072716,0.994585,-0.074249,0.0017629999999999998,-0.106054,0.009553,-0.011864,0.002745,0.001449
7111,0.772292,-1.466688,-0.869044,0.072513,0.9945860000000001,-0.074439,0.005915,-0.131635,0.009614,-0.009281000000000001,0.003934,0.004065999999999999
7112,0.7727149999999999,-1.466979,-0.865891,0.07234199999999999,0.994616,-0.074201,0.009085,-0.136977,0.010711,4.5e-05,0.005308,0.011533
7113,0.7739560000000001,-1.467087,-0.8619690000000001,0.072359,0.994627,-0.074034,0.0058969999999999995,-0.132709,0.011751000000000001,0.001036,0.010637,0.012053
7114,0.775312,-1.467169,-0.858044,0.072403,0.994635,-0.073879,-0.003653,-0.122018,0.010602,0.001556,0.009362,0.014247999999999999
7115,0.775388,-1.467091,-0.8559610000000001,0.072463,0.994627,-0.073929,-0.000304,-0.08900599999999999,0.010584,0.0011300000000000001,0.011446,0.0007019999999999999
7116,0.7751439999999999,-1.466965,-0.854448,0.072533,0.9946139999999999,-0.074036,0.002897,-0.091139,0.008472,0.0008470000000000001,0.009856,0.00206
7117,0.7752899999999999,-1.466982,-0.852352,0.072532,0.994616,-0.074013,0.000719,-0.100719,0.008468999999999999,-0.001212,0.006818,0.008263
7118,0.777783,-1.467415,-0.8477959999999999,0.07241399999999999,0.994661,-0.073526,-0.004640999999999999,-0.104966,0.009505,-0.001568,0.005919,0.010506999999999999
7119,0.779069,-1.467545,-0.8443940000000001,0.072417,0.994674,-0.07334,-0.004652,-0.10603499999999999,0.010574,-0.001662,0.008103,0.009604000000000001
7120,0.780408,-1.467518,-0.840864,0.072534,0.9946719999999999,-0.073262,-0.0014810000000000001,-0.111377,0.011672,0.002921,0.005298,0.007817000000000001
7121,0.782296,-1.467449,-0.8368639999999999,0.07272100000000001,0.994664,-0.073174,0.0039049999999999996,-0.100738,0.010628,0.003283,0.007686,0.003319
7122,0.782868,-1.467188,-0.834276,0.072946,0.9946370000000001,-0.07331599999999999,0.0028190000000000003,-0.10393499999999999,0.011693,0.007148000000000001,0.008154999999999999,0.003461
7123,0.787147,-1.467101,-0.8277639999999999,0.07332000000000001,0.9946280000000001,-0.073064,-0.003636,-0.116691,0.010597,0.007063,0.008545,0.0077870000000000005
7124,0.7899149999999999,-1.467201,-0.8227479999999999,0.073451,0.9946389999999999,-0.072791,-0.00678,-0.10814100000000001,0.006292,0.003514,0.012701,0.004035
7125,0.790615,-1.467298,-0.8199120000000001,0.073435,0.994649,-0.072672,-0.009951999999999999,-0.10704300000000001,0.0009279999999999999,0.004721,0.011348,0.003947
7126,0.793447,-1.467488,-0.814932,0.073505,0.994668,-0.07233099999999999,-0.015269,-0.105946,-0.002315,0.006161,0.008505,0.003575
7127,0.7952600000000001,-1.4676360000000002,-0.811178,0.073531,0.994684,-0.072095,-0.018387999999999998,-0.09206900000000001,-0.006626000000000001,0.006837,0.008048,-0.000308
7128,0.796176,-1.467927,-0.808555,0.07339,0.994714,-0.071825,-0.020474000000000003,-0.08247,-0.0077209999999999996,0.006459,0.005698,-0.000395
7129,0.795864,-1.46833,-0.807225,0.073081,0.994755,-0.07156699999999999,-0.016177,-0.081398,-0.013033000000000001,0.000146,0.008159,0.0018800000000000002
7130,0.794787,-1.468698,-0.806724,0.07274299999999999,0.994792,-0.07139,-0.012948,-0.07820099999999999,-0.016219,0.002681,0.009221,-0.001852
7131,0.794135,-1.469126,-0.8058350000000001,0.072393,0.994836,-0.071139,-0.017206,-0.078177,-0.018385,0.006129,0.009391,0.002062
7132,0.79728,-1.469543,-0.801103,0.07231900000000001,0.994878,-0.07062,-0.028962,-0.081336,-0.017393000000000002,0.010964,0.01124,0.0025050000000000003
7133,0.799375,-1.469938,-0.797387,0.072185,0.9949180000000001,-0.07019500000000001,-0.031089999999999996,-0.080263,-0.017408,0.0071,0.005204,-0.005915999999999999
7134,0.798517,-1.470383,-0.796623,0.07180800000000001,0.9949629999999999,-0.069948,-0.026808,-0.080265,-0.020583,0.005554,0.004229,-0.009703
7135,0.796235,-1.470832,-0.797283,0.07132899999999999,0.995008,-0.0698,-0.023587,-0.08132,-0.0259,0.005255,0.005267,-0.011148
7136,0.7934439999999999,-1.4710290000000001,-0.798561,0.070994,0.995027,-0.069861,-0.023538,-0.070667,-0.025912,0.009237,0.005797,-0.010767
7137,0.794832,-1.470553,-0.795863,0.07142799999999999,0.99498,-0.07009299999999999,-0.017125,-0.064315,-0.021598,0.017561,0.00209,-0.007956
7138,0.793136,-1.471064,-0.7963020000000001,0.070948,0.995031,-0.069858,-0.013924,-0.061142999999999996,-0.018376,0.018042,0.002039,-0.008191
7139,0.792566,-1.4704270000000002,-0.79579,0.071359,0.994967,-0.07034299999999999,-0.005363000000000001,-0.048419,-0.010851999999999999,0.018516,-0.001925,-0.013503999999999999
7140,0.7916569999999999,-1.469385,-0.795922,0.072032,0.9948620000000001,-0.071136,1.2e-05,-0.032489,-0.0033539999999999998,0.018559,-0.002202,-0.015915000000000002
7141,0.791462,-1.469277,-0.795614,0.072095,0.994851,-0.071226,0.005332,-0.02191,0.010556999999999999,0.018497,-0.002191,-0.015826
7142,0.794912,-1.467518,-0.791804,0.07359,0.9946709999999999,-0.072203,0.014908000000000001,-0.015603,0.023438999999999998,0.024340999999999998,0.001972,-0.016146
7143,0.797871,-1.46553,-0.788728,0.075218,0.9944649999999999,-0.073364,0.023455,-0.0007700000000000001,0.036302,0.019494,-0.001011,-0.016022
7144,0.7994939999999999,-1.464558,-0.787161,0.07603,0.9943620000000001,-0.073916,0.030918,0.0045049999999999995,0.042756,0.018682,-0.000908,-0.01547
7145,0.799612,-1.46232,-0.787176,0.07763400000000001,0.994122,-0.075458,0.039475,0.008736,0.042813,0.014407,-0.001645,-0.012723
7146,0.801716,-1.460253,-0.785371,0.079269,0.9938959999999999,-0.076724,0.042824,0.018491999999999998,0.044926999999999995,0.014725,0.0032049999999999995,-0.007383
7147,0.803795,-1.458617,-0.783817,0.080599,0.993714,-0.077687,0.045006,0.030199,0.045997,0.016401,0.0041340000000000005,-0.0052439999999999995
7148,0.808132,-1.456683,-0.780181,0.082325,0.9934959999999999,-0.078665,0.042892,0.035529000000000005,0.047046,0.012371,0.0035280000000000003,-0.003946
7149,0.811114,-1.455466,-0.7777729999999999,0.08343500000000001,0.9933569999999999,-0.079251,0.033266000000000004,0.021748,0.038451,0.003311,0.007481999999999999,0.00462
7150,0.813924,-1.454687,-0.7753979999999999,0.084221,0.993267,-0.07954800000000001,0.020511,0.026080000000000002,0.031948000000000004,0.002968,0.010884,0.006519
7151,0.814463,-1.45421,-0.775798,0.084608,0.9932120000000001,-0.079827,0.023916999999999997,0.060203999999999994,0.020177,-0.005323,0.011778,-0.00016
7152,0.813752,-1.454285,-0.777835,0.084497,0.9932200000000001,-0.079836,0.025044999999999998,0.063439,0.009497,-0.00564,0.007024,0.008806999999999999
7153,0.8122,-1.454291,-0.780614,0.084369,0.9932209999999999,-0.079963,0.025097,0.063486,-0.002255,-0.012149,0.010212,0.012489
7154,0.808451,-1.455159,-0.786257,0.083444,0.9933209999999999,-0.079683,0.024287,0.11146500000000001,-0.011939,-0.020243,0.019725,0.014803
7155,0.809002,-1.4568530000000002,-0.788004,0.082271,0.9935149999999999,-0.078476,0.009327,0.106196,-0.013109,-0.012554000000000001,0.023666,0.025757
7156,0.813311,-1.457858,-0.785751,0.081883,0.9936290000000001,-0.077435,-0.012023,0.10414000000000001,-0.013257,-0.011876000000000001,0.020699000000000002,0.034054
7157,0.821616,-1.4595879999999999,-0.7798069999999999,0.081264,0.9938229999999999,-0.075581,-0.015133,0.12864,-0.010107,-0.013118000000000001,0.014325,0.027104000000000003
7158,0.825304,-1.460437,-0.7789729999999999,0.08092200000000001,0.993917,-0.07470800000000001,-0.0044329999999999994,0.14348699999999998,-0.002576,-0.004247,0.000789,-0.00044100000000000004
7159,0.828376,-1.460544,-0.778323,0.08107400000000001,0.993928,-0.074388,0.0017620000000000001,0.108268,0.008195000000000001,-0.006519,-0.0039380000000000005,0.005403
7160,0.831326,-1.4608290000000002,-0.777602,0.081083,0.9939600000000001,-0.07395700000000001,0.008186,0.118877,0.013565,-0.008329000000000001,0.000883,0.004545
7161,0.8325620000000001,-1.4603,-0.77882,0.081563,0.993901,-0.074211,0.027458999999999997,0.11896,0.021143000000000002,-0.001302,-0.0018510000000000002,-0.004906000000000001
7162,0.830398,-1.459214,-0.783144,0.0822,0.9937809999999999,-0.075116,0.051902,0.100752,0.024541999999999998,-0.000886,-0.005668,-0.009052
7163,0.8264540000000001,-1.4579440000000001,-0.789153,0.08283099999999999,0.9936389999999999,-0.076294,0.05728,0.106077,0.0203,0.000437,-0.001726,-0.010757
7164,0.8219209999999999,-1.456593,-0.796096,0.083467,0.9934860000000001,-0.077583,0.060601999999999996,0.127392,0.014955000000000001,0.004668,-0.0013289999999999999,-0.013238
7165,0.819572,-1.454958,-0.801136,0.084472,0.9932979999999999,-0.078887,0.061679,0.13376300000000002,0.019229,0.019013,0.000614,-0.012849000000000001
7166,0.8213889999999999,-1.4519879999999998,-0.802076,0.086774,0.992951,-0.080742,0.05740599999999999,0.136953,0.024541999999999998,0.021884,0.009445,-0.016273
7167,0.820765,-1.450309,-0.805546,0.087943,0.99275,-0.081933,0.046758,0.143373,0.026597000000000003,0.018425999999999998,0.011431,-0.018928
7168,0.820599,-1.4489020000000001,-0.808556,0.088952,0.9925799999999999,-0.0829,0.033971,0.140247,0.020103,0.009727,0.008732,-0.015366999999999999
7169,0.819451,-1.4476209999999998,-0.812645,0.089786,0.992424,-0.08387,0.033067,0.154301,0.011516,0.006742000000000001,0.005868,-0.014031
7170,0.8193030000000001,-1.446988,-0.8160970000000001,0.090232,0.992346,-0.084312,0.037402,0.164956,0.007259999999999999,0.010095,0.002527,-0.011956
7171,0.820282,-1.446029,-0.818125,0.091011,0.9922270000000001,-0.084873,0.03192,0.13301300000000002,0.008331999999999999,0.004799,-0.000375,-0.000653
7172,0.820256,-1.4457950000000002,-0.820366,0.091178,0.9921979999999999,-0.085034,0.02535,0.102117,0.014734,-0.008232,0.001943,0.002926
7173,0.819959,-1.445446,-0.8227459999999999,0.091406,0.9921540000000001,-0.085297,0.02214,0.104242,0.018981,-0.012152,0.007175,0.000244
7174,0.81791,-1.4454639999999999,-0.826393,0.091218,0.9921559999999999,-0.085472,0.015547,0.061653,0.018987,-0.016069,0.01204,0.0018690000000000002
7175,0.811806,-1.446132,-0.8330709999999999,0.090214,0.992239,-0.08557000000000001,0.017521000000000002,0.018004,0.010506999999999999,-0.029620999999999998,0.018182,0.0019219999999999999
7176,0.806823,-1.4465620000000001,-0.838224,0.089478,0.992293,-0.085724,0.012177,0.007404000000000001,0.001934,-0.034194999999999996,0.022737,0.0047
7177,0.803362,-1.448288,-0.841692,0.087947,0.992505,-0.084843,-0.016587,-0.0060799999999999995,-0.008954,-0.026927999999999997,0.022662,0.018437000000000002
7178,0.80735,-1.450601,-0.837291,0.086627,0.992785,-0.08290499999999999,-0.041201,-0.027279,-0.014444,-0.019,0.022001,0.025929
7179,0.81011,-1.4522469999999998,-0.8340120000000001,0.085672,0.992981,-0.081539,-0.047522,-0.018696,-0.024114,-0.019037000000000002,0.025329,0.018413
7180,0.8116220000000001,-1.454102,-0.832377,0.084459,0.9931989999999999,-0.08014099999999999,-0.051623,0.002689,-0.040195,-0.020845,0.021526,0.01636
7181,0.8137800000000001,-1.457265,-0.8306459999999999,0.082347,0.9935620000000001,-0.077801,-0.069552,0.032648,-0.057454,-0.021755,0.020597999999999998,0.021343
7182,0.818577,-1.460051,-0.8266040000000001,0.080698,0.9938739999999999,-0.075513,-0.08762400000000001,0.038076,-0.067203,-0.016672,0.013725,0.022779
7183,0.823599,-1.462999,-0.822033,0.078927,0.994195,-0.073116,-0.08878899999999999,0.010408,-0.073586,-0.013512999999999999,0.01084,0.022015
7184,0.82758,-1.466072,-0.817707,0.076967,0.9945209999999999,-0.070733,-0.091097,-0.0343,-0.079955,-0.005861,0.009034,0.010156
7185,0.82863,-1.469039,-0.815577,0.074866,0.994827,-0.06865800000000001,-0.100725,-0.059546,-0.08963600000000001,-0.011298,0.014343,0.006951000000000001
7186,0.8285790000000001,-1.4724030000000001,-0.814225,0.072396,0.9951629999999999,-0.066399,-0.11673299999999999,-0.075409,-0.10468399999999999,-0.018609,0.012573,0.0044329999999999994
7187,0.824468,-1.4770809999999999,-0.8166220000000001,0.068704,0.995612,-0.06353500000000001,-0.129475,-0.08591900000000001,-0.129332,-0.022363,0.011071,0.009931
7188,0.817765,-1.482481,-0.8217709999999999,0.064353,0.9961030000000001,-0.060315999999999995,-0.132525,-0.06879500000000001,-0.146471,-0.013587,0.015677,0.006346
7189,0.814923,-1.48655,-0.823543,0.061230999999999994,0.996453,-0.05771799999999999,-0.136667,-0.050633,-0.156138,-0.010465,0.015326,0.0037479999999999996
7190,0.812905,-1.4912379999999998,-0.824293,0.057721,0.9968370000000001,-0.05463,-0.149547,-0.072937,-0.16154100000000002,-0.002896,0.003239,0.003055
7191,0.810415,-1.495854,-0.8250860000000001,0.05425,0.997193,-0.051601,-0.159202,-0.087804,-0.164794,-0.000509,-0.003312,-0.001576
7192,0.808307,-1.50045,-0.825521,0.050825999999999996,0.997527,-0.048549,-0.163426,-0.08350700000000001,-0.17017000000000002,0.002137,-0.002471,-0.005177
7193,0.805977,-1.505142,-0.825997,0.047336,0.9978459999999999,-0.045426999999999995,-0.16877799999999998,-0.099266,-0.176629,0.00047000000000000004,0.002154,0.000657
7194,0.800747,-1.510207,-0.8289270000000001,0.043469,0.998165,-0.042155,-0.174184,-0.11840999999999999,-0.179847,-0.00488,-0.0024219999999999997,-0.002553
7195,0.79509,-1.51518,-0.832269,0.039686,0.9984540000000001,-0.038924,-0.176293,-0.112015,-0.178802,-0.002195,-0.00175,-0.009187
7196,0.785449,-1.519802,-0.839515,0.036045,0.9987,-0.036041000000000004,-0.168905,-0.124845,-0.17339300000000002,0.002773,-0.003461,-0.012969999999999999
7197,0.771858,-1.523327,-0.8501700000000001,0.033096,0.9988739999999999,-0.034005,-0.15734800000000002,-0.15793900000000002,-0.16579100000000002,0.008942,-0.000491,-0.01847
7198,0.76051,-1.5272940000000002,-0.857924,0.029976999999999997,0.9990540000000001,-0.031507,-0.143651,-0.18891,-0.158177,0.010841,0.000259,-0.018099
7199,0.7382850000000001,-1.53039,-0.876235,0.027187,0.999184,-0.029876999999999997,-0.112795,-0.196521,-0.1462,0.009648,0.0021899999999999997,-0.021575
7200,0.699095,-1.531498,-0.911689,0.025283,0.9992280000000001,-0.030072,-0.073344,-0.182891,-0.125643,0.018234999999999998,-0.003378,-0.032901
7201,0.665026,-1.532708,-0.9421219999999999,0.023497999999999998,0.999275,-0.029965,-0.035093,-0.190593,-0.09759,0.025086,-0.007056999999999999,-0.036532999999999996
7202,0.637524,-1.5317379999999998,-0.965505,0.023242,0.999237,-0.031377999999999996,-0.00657,-0.22065700000000002,-0.063165,0.036649,-0.007019,-0.039743
7203,0.635953,-1.528752,-0.962508,0.024964,0.999116,-0.033815,0.016707,-0.23258800000000002,-0.029863,0.045241,-0.003312,-0.028472000000000004
7204,0.632534,-1.527716,-0.961356,0.02546,0.999072,-0.034733999999999994,0.019837,-0.227358,-0.00848,0.045112,-0.0038640000000000002,-0.020274
7205,0.663834,-1.5256020000000001,-0.925578,0.027837,0.9989790000000001,-0.035585000000000006,0.020866,-0.227394,8.2e-05,0.031016000000000002,0.002639,-0.0009449999999999999
7206,0.663859,-1.5249840000000001,-0.9211600000000001,0.028217000000000002,0.998951,-0.036069,0.022,-0.214606,-0.002061,0.027081,0.009686,0.002378
7207,0.662895,-1.524367,-0.9183899999999999,0.028562,0.998922,-0.036581999999999996,0.024358,-0.167729,-0.005307,0.029666,0.015055,0.002235
7208,0.67167,-1.523288,-0.9069959999999999,0.029552999999999996,0.998872,-0.037174,0.022479,-0.112322,-0.006455,0.029148,0.012069,-0.001553
7209,0.681365,-1.521962,-0.895532,0.030747000000000003,0.998808,-0.037916000000000005,0.018327,-0.08143500000000001,-0.001178,0.032623,0.013994,-0.008837000000000001
7210,0.6845479999999999,-1.521076,-0.89102,0.031426,0.998764,-0.038502,0.013050999999999998,-0.060145000000000004,0.007306,0.026862999999999998,0.006775,-0.014963999999999998
7211,0.692629,-1.519802,-0.881776,0.032549,0.9987,-0.039227,0.0033979999999999995,-0.061219,0.017925,0.017942,0.005282,-0.012348
7212,0.697531,-1.51935,-0.8753860000000001,0.033031,0.998677,-0.039413,-0.00418,-0.08357200000000001,0.020038,0.007542,0.006206000000000001,-0.009064000000000001
7213,0.6959890000000001,-1.5186110000000002,-0.8750709999999999,0.033443,0.9986389999999999,-0.040029,0.006495999999999999,-0.09209400000000001,0.01051,0.003636,0.003513,-0.01182
7214,0.6900890000000001,-1.51769,-0.8792639999999999,0.033792,0.99859,-0.040936,0.026849,-0.081482,0.0031620000000000003,0.009115999999999999,0.004721,-0.010486
7215,0.685016,-1.516628,-0.882718,0.034255,0.998533,-0.041928,0.0407,-0.08154700000000001,0.007533,0.019685,0.010332,-0.009401999999999999
7216,0.685338,-1.514691,-0.880928,0.035493000000000004,0.998426,-0.043414999999999995,0.050322000000000006,-0.06883099999999999,0.016133,0.026595,0.012407,-0.014203
7217,0.690879,-1.512248,-0.874316,0.037286,0.998287,-0.045096,0.054625,-0.046535,0.031094999999999998,0.030951,0.004155,-0.014032
7218,0.694876,-1.5101440000000002,-0.869663,0.038811,0.9981610000000001,-0.046560000000000004,0.05997,-0.025325,0.050335000000000005,0.031761000000000005,0.0026320000000000002,-0.012918
7219,0.7082890000000001,-1.507104,-0.856029,0.041406,0.997972,-0.04834,0.066416,-0.001966,0.064242,0.030341000000000003,-0.002184,-0.010025
7220,0.721861,-1.503803,-0.842622,0.044235000000000003,0.997757,-0.050246,0.07279400000000001,0.009662,0.081368,0.029144999999999997,-0.000763,-0.011964
7221,0.731598,-1.500901,-0.833002,0.046656,0.997558,-0.051967,0.078038,0.005318,0.097436,0.025563,0.0037229999999999997,-0.008686
7222,0.744078,-1.497716,-0.8207700000000001,0.049453,0.997331,-0.053717999999999995,0.079144,0.020203,0.10383599999999998,0.014969999999999999,0.004622,-0.002846
7223,0.754822,-1.494666,-0.810739,0.052111000000000005,0.9971030000000001,-0.055399000000000004,0.086703,0.044662,0.10813199999999999,0.009733,0.00755,-0.000356
7224,0.762988,-1.4919200000000001,-0.803603,0.054453999999999995,0.996891,-0.056951,0.085674,0.053188,0.108115,0.005422,0.005688,0.004933
7225,0.772026,-1.4892729999999998,-0.7956300000000001,0.056805999999999995,0.9966790000000001,-0.058346,0.08142100000000001,0.056399,0.108081,0.004183,0.005778,0.008908
7226,0.7812979999999999,-1.486399,-0.787608,0.059362,0.996441,-0.059851,0.084664,0.069158,0.111293,0.005076,0.003941,-0.0018100000000000002
7227,0.788887,-1.483114,-0.781654,0.062137,0.996158,-0.061704999999999996,0.091143,0.090424,0.115586,0.008176000000000001,0.00017900000000000001,-0.004397
7228,0.793933,-1.480018,-0.778616,0.06464600000000001,0.995883,-0.063552,0.103978,0.104202,0.12206700000000001,0.005666,0.000455,-0.002549
7229,0.79757,-1.476383,-0.777062,0.067468,0.9955459999999999,-0.065845,0.11993399999999999,0.101982,0.130727,0.000525,-0.001726,-0.00137
7230,0.799816,-1.473148,-0.776626,0.069925,0.995236,-0.067937,0.12197999999999999,0.083861,0.131832,-0.008798,0.0032530000000000002,0.008320999999999999
7231,0.8022560000000001,-1.4695040000000001,-0.7758689999999999,0.072697,0.9948739999999999,-0.070286,0.12626700000000002,0.089168,0.13292400000000001,-0.01157,0.0036149999999999997,0.01067
7232,0.803707,-1.4665350000000001,-0.776388,0.074925,0.9945700000000001,-0.07223099999999999,0.13589600000000002,0.100832,0.13831500000000002,-0.01624,0.007444,0.014782
7233,0.802673,-1.4638719999999998,-0.779243,0.07675499999999999,0.994289,-0.074148,0.145423,0.082697,0.136265,-0.025668,0.011692000000000001,0.015493
7234,0.801275,-1.460015,-0.782207,0.07940599999999999,0.99387,-0.076924,0.14440899999999998,0.079565,0.121306,-0.028319,0.012111,0.018269
7235,0.793452,-1.4580739999999999,-0.7921229999999999,0.080176,0.993654,-0.078895,0.146804,0.12011,0.10310599999999999,-0.025397,0.008849,0.015739
7236,0.7924260000000001,-1.456166,-0.795821,0.081445,0.9934370000000001,-0.080308,0.133051,0.128754,0.084837,-0.012567,0.01378,0.027467000000000002
7237,0.793616,-1.454226,-0.796906,0.082914,0.9932129999999999,-0.081563,0.109519,0.101199,0.069752,-0.008619,0.014934999999999999,0.03835
7238,0.799471,-1.453567,-0.793452,0.08386,0.993137,-0.08153200000000001,0.094769,0.13431300000000002,0.059990999999999996,-0.008054,0.015912,0.030902999999999996
7239,0.80206,-1.452501,-0.794475,0.08483099999999999,0.9930110000000001,-0.08205,0.087628,0.20253800000000002,0.054511000000000004,-0.008568000000000001,0.013397,0.017825999999999998
7240,0.803139,-1.450697,-0.79771,0.086208,0.9927969999999999,-0.083202,0.070654,0.21859800000000001,0.049031,-0.009945,0.013612,0.018978000000000002
7241,0.807013,-1.450274,-0.79838,0.08683400000000001,0.9927459999999999,-0.083159,0.06114,0.23144499999999998,0.041468,-0.015513999999999998,0.010565,0.01747
7242,0.806674,-1.450526,-0.80365,0.086625,0.992776,-0.08301499999999999,0.062319000000000006,0.252764,0.037172000000000004,-0.018906,0.007392,0.011131
7243,0.8066220000000001,-1.449618,-0.80883,0.087271,0.992667,-0.083643,0.066624,0.254906,0.030788,-0.019125,0.005104999999999999,0.009973000000000001
7244,0.804359,-1.449225,-0.816075,0.087363,0.992619,-0.084111,0.064465,0.24428200000000003,0.025443,-0.02027,0.001094,0.007954000000000001
7245,0.795722,-1.4490180000000001,-0.829401,0.08678,0.9925940000000001,-0.085007,0.068665,0.228292,0.024419,-0.023075,0.00588,-0.0038909999999999995
7246,0.7907850000000001,-1.447907,-0.8385879999999999,0.087143,0.992459,-0.08620900000000001,0.07921399999999999,0.202685,0.025592,-0.021927000000000002,0.006443000000000001,-0.003207
7247,0.780834,-1.4467709999999998,-0.8524139999999999,0.087075,0.9923190000000001,-0.087873,0.091935,0.18983599999999998,0.031035000000000004,-0.019844,0.006125,-0.00609
7248,0.7722979999999999,-1.445171,-0.8645860000000001,0.08742899999999999,0.9921190000000001,-0.08975,0.093966,0.172964,0.041687,-0.007045,-0.000741,-0.0022760000000000002
7249,0.770492,-1.443278,-0.869442,0.088575,0.9918809999999999,-0.09125499999999999,0.086288,0.13885,0.054495,-0.00604,-0.001219,0.00043499999999999995
7250,0.767405,-1.441351,-0.875008,0.08962,0.991634,-0.092904,0.090407,0.11536099999999999,0.064167,-0.010381,0.001973,-0.003928
7251,0.7619560000000001,-1.439362,-0.882508,0.090473,0.991375,-0.094818,0.099932,0.097223,0.063186,-0.014941999999999999,0.005802000000000001,-0.003571
7252,0.758202,-1.437342,-0.888158,0.09149299999999999,0.991108,-0.09661,0.101018,0.095114,0.056786,-0.017107,0.010128,0.002814
7253,0.755845,-1.4354870000000002,-0.89249,0.092526,0.9908600000000001,-0.098164,0.090402,0.098381,0.048162,-0.006833,0.012253,0.005268
7254,0.754322,-1.433741,-0.896128,0.093561,0.9906229999999999,-0.099565,0.086186,0.106931,0.044916000000000005,-0.002405,0.015252000000000002,0.006501000000000001
7255,0.752974,-1.432187,-0.899709,0.094479,0.990409,-0.100814,0.07344099999999999,0.11233199999999999,0.037342,-0.004086,0.013009,0.004867
7256,0.751479,-1.432024,-0.9036620000000001,0.094439,0.9903870000000001,-0.101073,0.053288,0.126303,0.024362,-0.01996,0.023987,0.016890000000000002
7257,0.751618,-1.431975,-0.906148,0.094485,0.9903799999999999,-0.101095,0.028839,0.131775,0.009228,-0.021976,0.024482,0.020604
7258,0.752151,-1.4324700000000001,-0.9083629999999999,0.094205,0.990448,-0.100687,0.011888,0.142551,-0.0069299999999999995,-0.022244999999999997,0.022415,0.020121
7259,0.749502,-1.433619,-0.9140889999999999,0.093163,0.990606,-0.100104,0.006681,0.159661,-0.018741999999999998,-0.021508000000000003,0.016000999999999998,0.006964
7260,0.744583,-1.434735,-0.9220430000000001,0.09192,0.990758,-0.099747,0.000246,0.143738,-0.027315,-0.024293000000000002,0.012782,0.001816
7261,0.742477,-1.435811,-0.9266979999999999,0.090988,0.9909030000000001,-0.09915399999999999,-0.012662999999999999,0.117164,-0.030577999999999998,-0.025147,0.012743,0.005954
7262,0.73661,-1.4372340000000001,-0.934465,0.08945800000000001,0.991094,-0.098643,-0.011755,0.08306799999999999,-0.029463999999999997,-0.023388,0.009395,0.0003
7263,0.7329640000000001,-1.438051,-0.93914,0.088556,0.991202,-0.098367,-0.011999,0.031923,-0.026197,-0.018793,0.008157,-0.00283
7264,0.725474,-1.438918,-0.946628,0.087247,0.991317,-0.098384,-0.010114,-0.01499,-0.017581,-0.018429,0.002198,-0.006154
7265,0.7174510000000001,-1.439189,-0.9540200000000001,0.086278,0.991352,-0.098879,0.00042699999999999997,-0.03318,-0.006804000000000001,-0.012548,0.001583,-0.013472
7266,0.7141310000000001,-1.438816,-0.9565600000000001,0.08619199999999999,0.991303,-0.099444,0.008856999999999999,-0.043913,0.0060869999999999995,-0.001048,0.00061,-0.016233
7267,0.71277,-1.437791,-0.95663,0.08672,0.991168,-0.100329,0.015064,-0.07594,0.017924000000000002,0.010799,0.0010199999999999999,-0.010144
7268,0.71355,-1.4368370000000001,-0.954118,0.087417,0.991041,-0.100976,0.016026,-0.088769,0.028630000000000003,0.007111,0.0018329999999999998,-0.00318
7269,0.7140770000000001,-1.436215,-0.9518549999999999,0.08787400000000001,0.990958,-0.101396,0.010690999999999999,-0.084506,0.03286,0.000947,0.0041140000000000005,-0.000533
7270,0.714955,-1.435846,-0.949199,0.088203,0.990908,-0.101595,2.7000000000000002e-05,-0.087648,0.028517,-0.0033179999999999998,0.006254,-5.9e-05
7271,0.714172,-1.435673,-0.9481229999999999,0.088236,0.990885,-0.10179400000000001,0.0032229999999999997,-0.09084600000000001,0.026406,-0.006495,0.010718,-0.0006230000000000001
7272,0.713658,-1.435251,-0.9466040000000001,0.08845700000000001,0.990828,-0.102155,0.004218,-0.105768,0.0275,-0.004152,0.008135,-0.004640999999999999
7273,0.7136779999999999,-1.434847,-0.944268,0.08872100000000001,0.9907729999999999,-0.10245599999999999,0.000951,-0.12067,0.027496,-0.0011359999999999999,0.007594,-0.00315
7274,0.712242,-1.434281,-0.9429690000000001,0.08893999999999999,0.9906959999999999,-0.10300799999999999,-0.001297,-0.138802,0.034980000000000004,-0.003796,0.004619,-0.006337
7275,0.711392,-1.433899,-0.940911,0.0891,0.9906440000000001,-0.10337,-0.002382,-0.146242,0.031777,-0.007633,0.007631999999999999,-0.006753
7276,0.709517,-1.433622,-0.939731,0.089084,0.990606,-0.103745,0.0018800000000000002,-0.15368800000000002,0.025406,-0.008426000000000001,0.009684,-0.003082
7277,0.707335,-1.433498,-0.938723,0.088938,0.9905889999999999,-0.10403299999999999,0.001875,-0.160058,0.020072,-0.003489,0.007839,0.001738
7278,0.709421,-1.433319,-0.933541,0.08927,0.9905649999999999,-0.10398099999999999,0.0019219999999999999,-0.151528,0.017925999999999997,0.008829,0.006948,0.007759
7279,0.708842,-1.433058,-0.931221,0.089378,0.9905290000000001,-0.104229,-0.002321,-0.140881,0.023224,0.008721,0.006984000000000001,0.008006999999999998
7280,0.714989,-1.432939,-0.922351,0.09009500000000001,0.9905129999999999,-0.10376700000000001,-0.009781999999999999,-0.130236,0.031705000000000004,0.006111999999999999,0.0062369999999999995,0.010719
7281,0.721363,-1.433329,-0.9137559999999999,0.090499,0.990566,-0.1029,-0.015003,-0.10146799999999999,0.034836,-0.003066,0.006428,0.008676999999999999
7282,0.724557,-1.4331639999999999,-0.908449,0.090935,0.9905440000000001,-0.10273299999999999,-0.011851,-0.108949,0.038072,-0.003991,0.006145,0.0035659999999999997
7283,0.7245,-1.43295,-0.905917,0.09107,0.9905139999999999,-0.102897,-0.008779,-0.13666099999999998,0.039195999999999995,-0.009131,0.0072120000000000005,-0.0047539999999999995
7284,0.717708,-1.432605,-0.9095190000000001,0.09059400000000001,0.990467,-0.103771,-0.002496,-0.16331500000000002,0.039271,-0.014468,0.004681,-0.012791
7285,0.7146,-1.432191,-0.908847,0.09054,0.99041,-0.10436199999999998,0.001638,-0.199524,0.032936,-0.015756,0.004235,-0.011086
7286,0.709287,-1.432301,-0.909858,0.08991299999999999,0.990425,-0.10475899999999999,-0.0016010000000000002,-0.21758400000000003,0.02332,-0.011361,0.009468,0.003425
7287,0.708914,-1.432466,-0.905766,0.089768,0.990448,-0.10466800000000001,-0.005884,-0.226069,0.01796,0.003647,0.013123,0.009819
7288,0.7097220000000001,-1.4325459999999999,-0.9004190000000001,0.0898,0.990459,-0.10453499999999999,-0.015453,-0.220701,0.01575,0.009321,0.01154,0.013669
7289,0.7163970000000001,-1.432806,-0.889785,0.090327,0.9904940000000001,-0.10373900000000001,-0.028129,-0.186589,0.020961,0.016576,0.006912000000000001,0.014445
7290,0.7286159999999999,-1.432812,-0.874252,0.091583,0.9904950000000001,-0.102623,-0.038699000000000004,-0.154631,0.030463999999999998,0.015244,0.007628,0.006416
7291,0.735182,-1.432796,-0.8650190000000001,0.092267,0.9904930000000001,-0.10203200000000001,-0.038564999999999995,-0.117377,0.037895,0.011081,0.0055850000000000006,0.0018579999999999998
7292,0.7409060000000001,-1.43255,-0.856875,0.093014,0.990459,-0.10168200000000001,-0.034326,-0.12166099999999999,0.040068,0.003743,0.006398,-0.005221
7293,0.742369,-1.432761,-0.852555,0.093021,0.9904879999999999,-0.101391,-0.032254000000000005,-0.146127,0.02943,-0.009418000000000001,0.00765,-0.00246
7294,0.742217,-1.432878,-0.849548,0.092927,0.990504,-0.10132000000000001,-0.021613999999999998,-0.159983,0.022044,-0.013093,0.008153,-0.00775
7295,0.7378859999999999,-1.433062,-0.850316,0.092365,0.9905299999999999,-0.101587,-0.020617,-0.182332,0.015668,-0.004337,0.004572,-0.004386
7296,0.737683,-1.43313,-0.846635,0.092299,0.990539,-0.101556,-0.024933,-0.196152,0.012451,0.00313,0.004075,0.00022200000000000003
7297,0.739004,-1.433245,-0.841413,0.092356,0.990555,-0.101349,-0.023866,-0.187668,0.020994,0.0060479999999999996,0.00647,0.00325
7298,0.74454,-1.432766,-0.832392,0.093237,0.990489,-0.101185,-0.019527000000000003,-0.16533699999999998,0.027407,0.018213,0.005086,-0.002651
7299,0.7486119999999999,-1.4324379999999999,-0.8253030000000001,0.09387000000000001,0.9904440000000001,-0.101043,-0.024772,-0.140665,0.035828,0.014758000000000002,0.009845999999999999,-0.002106
7300,0.7541140000000001,-1.431993,-0.817346,0.094726,0.990382,-0.100846,-0.022528,-0.10768299999999999,0.044348,0.012299,0.007756,-0.0036299999999999995
7301,0.760534,-1.430899,-0.808814,0.096118,0.9902299999999999,-0.101021,-0.018221,-0.10766400000000001,0.035835000000000006,0.010678,0.010685,-0.004235
7302,0.763772,-1.430639,-0.803365,0.096623,0.990194,-0.100895,-0.019254,-0.10550799999999999,0.030485,0.0057020000000000005,0.009913,-0.002925
7303,0.767389,-1.430459,-0.797905,0.097111,0.9901690000000001,-0.100673,-0.019153,-0.081015,0.032591,0.002956,0.0034219999999999997,-0.000538
7304,0.771876,-1.429997,-0.79183,0.097881,0.9901040000000001,-0.100564,-0.0149,-0.07786,0.039026,0.006123,0.002984,-0.0016539999999999999
7305,0.776856,-1.429351,-0.785133,0.098829,0.9900129999999999,-0.10053200000000001,-0.013876,-0.085329,0.041181,0.008517,0.010017,-0.002434
7306,0.78152,-1.428784,-0.778812,0.099692,0.989933,-0.100468,-0.012775,-0.074693,0.04438,0.008859,0.009929,-0.003399
7307,0.7871819999999999,-1.427848,-0.771881,0.10091599999999999,0.9898,-0.10055599999999999,-0.008402,-0.054453999999999995,0.041181999999999996,0.012731999999999999,0.002876,-0.004897
7308,0.7927350000000001,-1.426978,-0.765437,0.10208500000000001,0.989676,-0.100598,-0.007258,-0.038475,0.040103,0.010311,0.004755,-0.002094
7309,0.797487,-1.426466,-0.759938,0.102925,0.9896020000000001,-0.100466,-0.016826,-0.032045,0.03896,0.00587,0.007102,-0.002088
7310,0.804227,-1.426459,-0.752621,0.10360499999999999,0.9896010000000001,-0.099775,-0.031701,-0.021327000000000002,0.035637,-0.0009130000000000001,0.009437000000000001,0.002729
7311,0.810262,-1.426647,-0.746324,0.10407000000000001,0.9896290000000001,-0.09901900000000001,-0.031596,-0.004257,0.029206,-0.0024920000000000003,0.007213,0.001256
7312,0.8154779999999999,-1.426667,-0.741112,0.104571,0.9896309999999999,-0.098462,-0.026204,0.005324000000000001,0.026026999999999998,-0.002016,0.008506999999999999,-0.001483
7313,0.820609,-1.4266370000000002,-0.736061,0.105097,0.989627,-0.097945,-0.0315,0.006437999999999999,0.018511,0.006231,0.007749,-0.0026260000000000003
7314,0.8271440000000001,-1.426834,-0.729729,0.105591,0.989655,-0.097123,-0.044235000000000003,0.018213999999999998,0.015203,0.008423,0.010253,-0.00093
7315,0.834799,-1.427162,-0.722638,0.10609,0.9897020000000001,-0.096094,-0.048407,0.038473,0.014081,0.009052,0.004698,0.00042199999999999996
7316,0.843301,-1.427389,-0.71504,0.10673599999999998,0.989735,-0.09504,-0.044081999999999996,0.052302999999999995,0.015162,0.0065450000000000005,0.002438,-0.000557
7317,0.851138,-1.427745,-0.708383,0.10721199999999999,0.989786,-0.093968,-0.047216,0.067228,0.015121,0.002895,0.006079,0.001179
7318,0.860727,-1.4279959999999998,-0.7003659999999999,0.10792,0.989821,-0.092774,-0.049273000000000004,0.087463,0.018287,0.005208,0.006288,0.000366
7319,0.8702190000000001,-1.428125,-0.6925859999999999,0.108699,0.9898399999999999,-0.091663,-0.047154,0.086382,0.02044,0.005391,0.004255,-0.000637
7320,0.8814709999999999,-1.4284649999999999,-0.683331,0.109463,0.9898879999999999,-0.09022000000000001,-0.047035,0.11831900000000001,0.025741000000000003,0.004963,0.007548,0.012445999999999999
7321,0.895667,-1.428873,-0.6722319999999999,0.110417,0.9899459999999999,-0.088404,-0.049977999999999995,0.18222,0.032048,0.006984000000000001,0.014281,0.024165
7322,0.914451,-1.428604,-0.657393,0.11226900000000001,0.989908,-0.086477,-0.039317000000000005,0.19278900000000002,0.043862,0.018468000000000002,0.007895000000000001,0.004156
7323,0.923595,-1.427627,-0.6514409999999999,0.113827,0.989769,-0.08603,-0.028827999999999996,0.15651600000000002,0.048256,0.013447,-0.003746,-0.022841
7324,0.931494,-1.426883,-0.646881,0.115094,0.989662,-0.08556799999999999,-0.031874,0.18212799999999998,0.039657,-0.004727,0.0017620000000000001,-0.024569999999999998
7325,0.9338639999999999,-1.426407,-0.647939,0.115675,0.9895940000000001,-0.085575,-0.019102,0.169321,0.03442,-0.012114,-0.004731,-0.015285
7326,0.938958,-1.426612,-0.645914,0.11594600000000001,0.9896229999999999,-0.084865,-0.012787,0.152245,0.03662,-0.019372999999999998,-0.004455,0.005122
7327,0.945528,-1.426511,-0.642321,0.11658199999999999,0.989609,-0.08416,0.002081,0.152134,0.051677,-0.016988,0.013503999999999999,0.017677000000000002
7328,0.952443,-1.425705,-0.637955,0.11781099999999999,0.9894930000000001,-0.083814,0.021072,0.10519500000000001,0.051870000000000006,0.004901,0.012186,-0.000995
7329,0.9521270000000001,-1.424226,-0.63979,0.118977,0.9892780000000001,-0.0847,0.038048,0.06579299999999999,0.03388,0.009623999999999999,0.0021620000000000003,-0.018923
7330,0.9482719999999999,-1.422806,-0.644908,0.11979000000000001,0.9890690000000001,-0.085977,0.041308,0.065833,0.021085,0.008062999999999999,-0.008372,-0.025321
7331,0.946622,-1.421498,-0.648586,0.120698,0.988876,-0.086931,0.012764,0.126641,0.024013,0.00566,-1.4999999999999999e-05,-0.00891
7332,0.9570209999999999,-1.419793,-0.641212,0.122973,0.9886209999999999,-0.086641,0.011759,0.158531,0.042129,0.032468000000000004,0.005566,0.001039
7333,0.9644739999999999,-1.418008,-0.63685,0.125066,0.988351,-0.086728,0.022308,0.145655,0.056109000000000006,0.033152,0.003822,-0.006823
7334,0.967073,-1.4165219999999998,-0.637107,0.1265,0.988123,-0.087237,0.057510000000000006,0.14977200000000002,0.061690999999999996,0.030223000000000003,0.00617,0.004565
7335,0.970483,-1.4144860000000001,-0.6368739999999999,0.128457,0.987808,-0.08794099999999999,0.073598,0.15509900000000001,0.047912,0.024100999999999997,0.014252,0.001088
7336,0.969865,-1.413063,-0.640651,0.12956099999999998,0.9875860000000001,-0.08881499999999999,0.054395000000000006,0.147739,0.040309,0.016328,0.015115,-0.015266
7337,0.9696440000000001,-1.41163,-0.643731,0.130708,0.98736,-0.089644,0.003173,0.147905,0.043156,-0.0058460000000000005,-0.003061,-0.010576
7338,0.977929,-1.411381,-0.638831,0.13165,0.9873200000000001,-0.08869500000000001,-0.007338,0.182035,0.04197,0.01018,0.027206,0.007456999999999999
7339,0.986858,-1.410367,-0.633145,0.133272,0.987159,-0.088068,0.030856,0.139274,0.046566,0.020216,0.032922,0.022897999999999998
7340,1.000281,-1.41009,-0.621973,0.13467300000000001,0.9871139999999999,-0.08641900000000001,-0.0012369999999999998,0.09156900000000001,0.016495,0.014146,0.032050999999999996,0.036874000000000004
7341,1.0127700000000002,-1.41153,-0.611441,0.134535,0.987344,-0.083977,-0.050098000000000004,0.114219,-0.010581,-0.008528,0.002555,0.026345
7342,1.023539,-1.412521,-0.603892,0.134596,0.9875010000000001,-0.082015,-0.08607000000000001,0.188885,-0.0034509999999999996,0.005769,0.000659,0.026442
7343,1.0426819999999999,-1.412555,-0.588597,0.136113,0.987506,-0.07940599999999999,-0.07768,0.188727,0.028658,0.035411,0.005994,0.006698000000000001
7344,1.054613,-1.4126040000000002,-0.5797640000000001,0.137008,0.9875139999999999,-0.077753,-0.055429,0.156683,0.030991,0.01883,0.000325,0.001977
7345,1.0645870000000002,-1.4127299999999998,-0.5736899999999999,0.137668,0.987534,-0.076322,-0.037966,0.224877,0.011798000000000001,0.0033229999999999996,-0.002823,-0.005679
7346,1.074006,-1.412405,-0.568851,0.138663,0.987482,-0.075175,-0.015658000000000002,0.211982,0.020516999999999997,0.017282,-0.009989,-0.0055899999999999995
7347,1.077639,-1.4117790000000001,-0.568016,0.139479,0.987383,-0.074963,0.017925,0.10208500000000001,0.034779000000000004,0.008516,-0.016725999999999998,-0.007906999999999999
7348,1.080406,-1.411961,-0.567186,0.13952799999999999,0.9874120000000001,-0.07449299999999999,0.007375,0.11920499999999999,0.025067,-0.01166,0.002334,0.005522999999999999
7349,1.085755,-1.411416,-0.565048,0.1404,0.987326,-0.073996,0.020406999999999998,0.16498800000000002,0.01976,0.008815,0.004145,0.008551000000000001
7350,1.0916350000000001,-1.4106290000000001,-0.561817,0.141522,0.987201,-0.073527,0.057448,0.101078,0.025386000000000002,0.00484,0.004895,0.022303
7351,1.09182,-1.410205,-0.563684,0.141907,0.987133,-0.07369400000000001,0.045768,0.107537,0.018886,-0.0071719999999999996,0.005848,0.020365
7352,1.101186,-1.410582,-0.557185,0.14226,0.987193,-0.07219400000000001,0.023612,0.151343,0.005857,0.005323,0.0221,0.032063
7353,1.110855,-1.411141,-0.550834,0.142457,0.987282,-0.07057000000000001,0.023655000000000002,0.156692,0.000509,-0.002106,0.019264,0.025327000000000002
7354,1.1124829999999999,-1.411519,-0.552268,0.142237,0.987342,-0.070173,0.023663,0.147152,-0.01123,-0.01034,0.017022,0.016568
7355,1.11077,-1.412907,-0.5565359999999999,0.140888,0.987561,-0.06980700000000001,0.025699,0.107802,-0.029327999999999996,-0.019138,0.005359,0.011427
7356,1.109716,-1.414457,-0.559639,0.139443,0.9878040000000001,-0.069275,0.024638999999999998,0.10250999999999999,-0.036808999999999995,-0.015481,0.01096,0.011535
7357,1.10666,-1.415254,-0.565117,0.138527,0.987928,-0.069348,0.025802,0.120629,-0.04003,-0.01107,0.009401999999999999,0.0036439999999999997
7358,1.1063129999999999,-1.416234,-0.5674819999999999,0.13763699999999998,0.988079,-0.068962,0.028832,0.076968,-0.046363,-0.00014,0.0045049999999999995,0.016472
7359,1.10284,-1.416852,-0.572141,0.136852,0.988174,-0.069165,0.032964999999999994,0.051370000000000006,-0.042027999999999996,0.0019420000000000001,0.005158,0.008679000000000001
7360,1.0981049999999999,-1.416927,-0.5784779999999999,0.136457,0.9881850000000001,-0.06977799999999999,0.045896,0.097063,-0.024904,0.005984000000000001,0.007145,0.001037
7361,1.093272,-1.416855,-0.585309,0.136182,0.988174,-0.07047,0.047929,0.081052,-0.01846,-0.003034,0.001282,0.0009050000000000001
7362,1.087617,-1.417753,-0.591934,0.134995,0.9883120000000001,-0.070826,0.041345,0.031045,-0.028058,-0.01622,0.003693,0.005305
7363,1.080416,-1.418207,-0.600167,0.13408499999999998,0.988381,-0.071585,0.055376999999999996,0.058727999999999995,-0.036543,-0.011618,0.00663,0.004462
7364,1.069328,-1.4182190000000001,-0.6121300000000001,0.133273,0.988383,-0.073062,0.06054400000000001,0.017181000000000002,-0.040727,0.002301,0.00321,-0.006711
7365,1.064026,-1.419175,-0.617429,0.13205699999999998,0.9885280000000001,-0.073309,0.043357,-0.011508,-0.044016,-0.006386,0.024319999999999998,0.012014
7366,1.056084,-1.4194930000000001,-0.6255310000000001,0.131197,0.988575,-0.0742,0.047758999999999996,0.016182,-0.046157,-0.005526,0.024272,0.012906
7367,1.0478040000000002,-1.420059,-0.6348060000000001,0.13009400000000002,0.988661,-0.075004,0.04585,0.05882999999999999,-0.053703,-0.002515,0.006151,-0.002037
7368,1.041684,-1.4207040000000002,-0.642061,0.129082,0.988757,-0.075478,0.045729,0.040687,-0.045135,-0.0037159999999999997,0.004758,0.013434999999999999
7369,1.03791,-1.421936,-0.646382,0.127747,0.988941,-0.07534500000000001,0.030632,0.011951999999999999,-0.038796,-0.010163,0.011181,0.011655
7370,1.029442,-1.423003,-0.65483,0.1262,0.9890979999999999,-0.07587999999999999,0.030565,-0.013571000000000001,-0.049448,-0.012354,0.008124,-0.0025039999999999997
7371,1.018338,-1.423992,-0.66574,0.124517,0.989244,-0.076764,0.032751999999999996,-0.007166,-0.054784000000000006,-0.011479999999999999,0.004256,-0.005054
7372,1.009256,-1.42468,-0.674983,0.12323900000000002,0.989344,-0.077529,0.047726,0.004487,-0.051490999999999995,-0.000634,0.005956,0.006164
7373,1.002169,-1.425206,-0.681662,0.12224700000000001,0.9894200000000001,-0.07812000000000001,0.052786,-0.047763,-0.042843,-0.000985,0.006261,0.00619
7374,0.98879,-1.425414,-0.693959,0.121019,0.989451,-0.079635,0.056982000000000005,-0.058452,-0.03746,-0.00908,0.0012720000000000001,-0.011261
7375,0.9735459999999999,-1.425042,-0.708551,0.12009600000000001,0.989397,-0.081678,0.084847,-0.021303,-0.0277,-0.008371,-0.000993,-0.027316000000000003
7376,0.9540069999999999,-1.423673,-0.727841,0.119582,0.9891969999999999,-0.08479199999999999,0.09124299999999999,-0.021334,-0.025518,0.003358,-0.002731,-0.026338
7377,0.939401,-1.422204,-0.7414270000000001,0.119503,0.98898,-0.087387,0.088814,-0.08206799999999999,-0.020115,0.012378,0.002856,-0.008865000000000001
7378,0.9279120000000001,-1.421398,-0.750789,0.11913,0.9888610000000001,-0.089233,0.076901,-0.12038099999999999,-0.01908,0.000484,0.007508,0.015853
7379,0.9180649999999999,-1.421858,-0.758709,0.11788299999999999,0.9889290000000001,-0.090125,0.06539299999999999,-0.08618300000000001,-0.036298000000000004,-0.013559,0.014077000000000001,0.013159
7380,0.902335,-1.422272,-0.773346,0.116131,0.9889899999999999,-0.091714,0.063533,-0.049858,-0.060927999999999996,-0.002559,0.008522,-0.009223
7381,0.8890290000000001,-1.422692,-0.785641,0.114577,0.9890530000000001,-0.09299,0.044306,-0.066788,-0.072792,-0.0013880000000000001,0.01023,-0.005002
7382,0.8756219999999999,-1.423769,-0.797461,0.112502,0.9892110000000001,-0.093835,0.014372,-0.084776,-0.077252,-0.01126,0.008912,-0.004462
7383,0.8653059999999999,-1.426521,-0.80698,0.109455,0.98961,-0.093225,-0.044899,-0.002448,-0.10127699999999999,-0.013142,0.013548,0.01719
7384,0.868972,-1.4293360000000002,-0.805334,0.107668,0.9900110000000001,-0.09102400000000001,-0.064463,0.15846500000000002,-0.098415,0.0057350000000000005,0.012522,0.033285
7385,0.88028,-1.4312559999999999,-0.797657,0.107226,0.9902799999999999,-0.08859,-0.058323,0.14866400000000002,-0.050287,0.063627,0.030853,0.027647
7386,0.882624,-1.432143,-0.794799,0.106754,0.990403,-0.087781,-0.028875,-0.13924,-0.005915,0.0038420000000000004,0.006652,-0.046801999999999996
7387,0.879338,-1.432482,-0.793852,0.106206,0.99045,-0.087917,-0.015216999999999998,-0.202075,-0.021763,0.00439,0.006605,-0.046666
7388,0.875707,-1.433949,-0.796325,0.104771,0.9906510000000001,-0.087371,-0.046904,0.034815,-0.09385800000000001,-0.073994,-0.023503,-0.039856
7389,0.8737229999999999,-1.436036,-0.800879,0.10301199999999999,0.990934,-0.086252,-0.033599000000000004,0.150867,-0.089641,0.032852,0.005389,0.0007570000000000001
7390,0.867188,-1.4365379999999999,-0.808163,0.10206699999999999,0.991001,-0.086601,0.066445,-0.079827,-0.027757999999999998,0.079604,0.030026,-0.011787
7391,0.8492620000000001,-1.435318,-0.821466,0.101405,0.9908370000000001,-0.089215,0.11025599999999999,-0.285644,-0.011165000000000001,-0.021662999999999998,-0.017952000000000003,-0.041782
7392,0.834859,-1.434965,-0.8319469999999999,0.100369,0.9907889999999999,-0.090901,0.030137999999999998,-0.110499,-0.051473000000000005,-0.055492999999999994,-0.015585,-0.042156
7393,0.831254,-1.436156,-0.835933,0.09916900000000001,0.99095,-0.09046699999999999,-0.040527,0.067663,-0.0554,0.022123,-0.009413,-0.030702999999999998
7394,0.8346299999999999,-1.4370040000000002,-0.8339110000000001,0.098851,0.9910629999999999,-0.089567,-0.025879000000000003,0.053562,-0.005072999999999999,0.074062,0.019525999999999998,0.000944
7395,0.8326,-1.436596,-0.835758,0.098968,0.991009,-0.09004,0.051446000000000006,-0.056488,0.009495,-0.0028989999999999997,0.020451,-0.021654
7396,0.8227690000000001,-1.435622,-0.843339,0.098786,0.990878,-0.091665,0.071462,-0.131055,-0.008429,-0.043670999999999995,0.004926,-0.031702
7397,0.813829,-1.435646,-0.8509620000000001,0.097945,0.9908809999999999,-0.092528,0.008194,-0.011337999999999999,-0.05495800000000001,-0.054885,-0.007956,-0.040178
7398,0.809465,-1.437009,-0.856447,0.096563,0.991064,-0.09202300000000001,-0.027624,0.066647,-0.078809,0.033946,-0.007162000000000001,-0.026873
7399,0.80729,-1.438265,-0.859351,0.095462,0.991231,-0.09137200000000001,-0.028013,0.015374,-0.043495,0.036877,0.005306,0.00035299999999999996
7400,0.805171,-1.438705,-0.8614450000000001,0.094955,0.991289,-0.091272,0.012317,-0.008297,-0.019681999999999998,0.010468,0.027677999999999998,0.010355
7401,0.7912,-1.438209,-0.874922,0.09402,0.991223,-0.092935,0.042088,-0.029599,-0.014161000000000002,-0.017116,3.4e-05,-0.028799
7402,0.784971,-1.437932,-0.880867,0.09363300000000001,0.991187,-0.093713,0.028386,0.000307,-0.021773,-0.018361000000000002,-0.005484,-0.031164999999999998
7403,0.782193,-1.4383,-0.883927,0.093115,0.9912350000000001,-0.09371399999999999,-0.013159,0.010057,-0.026348000000000003,-0.0008759999999999999,-0.006067,-0.031973
7404,0.777433,-1.437977,-0.888338,0.09289299999999999,0.991192,-0.09438400000000001,-0.015524000000000001,-0.033645,-0.017762,0.002719,0.005771,-0.013097999999999999
7405,0.77456,-1.43812,-0.890272,0.09252200000000001,0.9912110000000001,-0.09455,0.016381,-0.050823,-0.012176000000000001,-0.000679,0.009948,-0.00329
7406,0.768899,-1.438166,-0.894914,0.091954,0.991217,-0.095039,0.015309,-0.052945000000000006,-0.01325,-0.004368,0.0024809999999999997,-0.02317
7407,0.765049,-1.438077,-0.897725,0.09164800000000001,0.9912059999999999,-0.095456,0.017453,-0.047639,-0.010037,-0.003025,-0.000956,-0.03023
7408,0.755737,-1.43716,-0.906493,0.091379,0.991084,-0.096967,0.014394999999999998,-0.015674,-0.009031,-0.001199,-0.00022400000000000002,-0.032489
7409,0.747753,-1.436036,-0.914184,0.09135900000000001,0.990934,-0.09851,0.0016170000000000002,-0.013491,-0.011259,0.004344,0.009004999999999999,-0.0056619999999999995
7410,0.747907,-1.43638,-0.9137770000000001,0.091142,0.99098,-0.098246,-0.005847,-0.011337999999999999,-0.010246,0.001952,0.011233,0.004511
7411,0.74864,-1.436823,-0.912867,0.090916,0.9910389999999999,-0.097858,0.0037340000000000003,-0.01351,-0.00804,0.001064,0.011509,0.009067
7412,0.747648,-1.437034,-0.913423,0.090677,0.991067,-0.097795,-0.002739,-0.026284,-0.004864,-0.0017329999999999997,0.007285,-0.006620999999999999
7413,0.744726,-1.436915,-0.9158700000000001,0.09047000000000001,0.991051,-0.098146,-0.011239,-0.017736000000000002,-0.0038659999999999996,-0.002183,0.005804999999999999,-0.015685
7414,0.73802,-1.436598,-0.9222950000000001,0.090021,0.991009,-0.098982,-0.013311000000000002,-0.008129,-0.007098999999999999,-0.004175,0.004032,-0.017702000000000002
7415,0.734214,-1.436713,-0.9257780000000001,0.089567,0.991024,-0.099239,-0.002675,-0.019867,-0.011283,-0.002882,0.007373,-0.003315
7416,0.732923,-1.4370690000000002,-0.926514,0.08920299999999999,0.991072,-0.099093,-0.0006190000000000001,-0.035858,-0.010181,-0.0008550000000000001,0.006426,0.0026420000000000003
7417,0.731884,-1.4373049999999998,-0.9267850000000001,0.08894400000000001,0.9911030000000001,-0.099012,-0.003834,-0.039042,-0.010199,0.0007469999999999999,0.004685,0.0021190000000000002
7418,0.7311300000000001,-1.437298,-0.9269930000000001,0.088874,0.991102,-0.099084,-0.010172,-0.021988,-0.0070599999999999994,0.004296,0.007891,-0.005194
7419,0.7317060000000001,-1.437258,-0.9262879999999999,0.08895800000000001,0.9910969999999999,-0.099063,-0.009014,0.0024920000000000003,-0.00281,0.007447,0.011482,-0.006834000000000001
7420,0.733766,-1.437108,-0.924449,0.08926100000000001,0.9910770000000001,-0.09899,-0.010037,0.012084000000000001,-0.0028280000000000002,0.007495,0.009167,-0.001368
7421,0.736319,-1.4374870000000002,-0.922026,0.08926100000000001,0.9911270000000001,-0.098482,-0.019668,0.001482,-0.007154000000000001,0.000842,0.00373,0.002032
7422,0.737514,-1.438028,-0.920673,0.089018,0.9911989999999999,-0.097979,-0.020793,-0.011297,-0.007146,-0.002257,0.003949,-0.003003
7423,0.734853,-1.438064,-0.923117,0.088733,0.9912040000000001,-0.098189,-0.012242,-0.00601,-0.004957,-0.002002,0.002769,-0.011796
7424,0.731482,-1.437761,-0.9263809999999999,0.088602,0.9911639999999999,-0.09871100000000001,-0.012229,-0.001757,-0.002826,-0.001001,0.007264,-0.014387
7425,0.731712,-1.4378879999999998,-0.926107,0.088541,0.991181,-0.098597,-0.016491,-0.000677,-0.002857,0.0010890000000000001,0.004974,-0.006642
7426,0.733028,-1.4380959999999998,-0.924811,0.088533,0.991208,-0.098328,-0.014338,0.002516,-0.003914,0.002501,0.005313,0.0009
7427,0.73556,-1.438267,-0.9221469999999999,0.088668,0.991231,-0.097978,-0.008014,-0.012428,-0.001714,0.005754,0.005382,0.004228
7428,0.737695,-1.438468,-0.9197790000000001,0.088742,0.9912569999999999,-0.09764,-0.009068000000000001,-0.007107,0.00040899999999999997,0.003207,0.00415,0.000686
7429,0.739101,-1.438369,-0.918485,0.088946,0.991244,-0.097588,-0.012205,0.010997,0.004637,0.003431,0.004285,-0.004371
7430,0.74107,-1.438504,-0.9166200000000001,0.089047,0.9912620000000001,-0.097314,-0.015438999999999998,0.00143,0.002491,0.000858,0.007944,-0.000755
7431,0.74429,-1.438883,-0.913351,0.08910499999999999,0.9913120000000001,-0.09675,-0.01546,-0.007075,-0.001771,0.004111,0.011755,0.006159
7432,0.746311,-1.439101,-0.9110379999999999,0.089154,0.991341,-0.096411,-0.011255,-0.017755,0.001477,0.004535,0.011635,0.004079999999999999
7433,0.747639,-1.4391530000000001,-0.9095200000000001,0.089247,0.991348,-0.096255,-0.006920999999999999,-0.000734,0.003622,0.0028699999999999997,0.0021219999999999998,-0.002439
7434,0.750195,-1.439098,-0.907015,0.08953,0.99134,-0.096067,-0.016508000000000002,0.002495,0.0035520000000000005,0.002053,0.009087,-0.0010400000000000001
7435,0.752706,-1.43929,-0.904349,0.089641,0.991366,-0.095702,-0.018718000000000002,-0.011359000000000001,0.006759,0.0019420000000000001,0.009062,-0.001405
7436,0.755139,-1.439786,-0.901575,0.089536,0.9914299999999999,-0.095126,-0.015522999999999999,-0.015618,0.0035810000000000004,-0.004606,0.010568000000000001,0.007326999999999999
7437,0.755838,-1.440261,-0.9008290000000001,0.08928,0.991492,-0.094721,-0.011127,0.008886,-0.0006929999999999999,-0.00229,0.005944,0.001123
7438,0.7574609999999999,-1.440556,-0.89944,0.089232,0.9915309999999999,-0.094363,-0.015371000000000001,0.007861,-0.007131,0.001603,0.005738,0.002673
7439,0.760242,-1.4411770000000002,-0.8964850000000001,0.08907000000000001,0.991611,-0.093668,-0.022946,-0.01661,-0.008221,-0.003407,0.010647,0.007684999999999999
7440,0.763169,-1.442317,-0.892934,0.088563,0.991758,-0.09258999999999999,-0.032631,-0.036807,-0.0104,-0.0037240000000000003,0.014636000000000001,0.011581000000000001
7441,0.765192,-1.443117,-0.890242,0.0882,0.9918600000000001,-0.091839,-0.030431,-0.025084,-0.013605,-0.001714,0.012687,0.006069
7442,0.765412,-1.443782,-0.889817,0.087764,0.991944,-0.09134400000000001,-0.020724,-0.0027429999999999998,-0.014634000000000001,6.6e-05,0.005706,-0.001353
7443,0.767025,-1.4443549999999998,-0.8880889999999999,0.087516,0.992017,-0.090793,-0.021830000000000002,-0.013383,-0.016763999999999998,0.002663,0.0076170000000000005,0.005054
7444,0.768422,-1.4450040000000002,-0.886192,0.08719600000000001,0.992099,-0.09020700000000001,-0.02938,-0.030405,-0.015727,0.00274,0.007703,0.0026219999999999998
7445,0.770951,-1.445866,-0.8830879999999999,0.086828,0.9922059999999999,-0.08937300000000001,-0.030433999999999996,-0.024021999999999998,-0.012537999999999999,-0.001134,0.00758,0.005007999999999999
7446,0.77558,-1.446601,-0.8781370000000001,0.08673,0.9922979999999999,-0.08845,-0.026129000000000003,-0.013393,-0.010384000000000001,0.006868000000000001,0.009656,0.005381
7447,0.778432,-1.447065,-0.875086,0.086658,0.9923549999999999,-0.08787400000000001,-0.025063,-0.010213,-0.007176,0.006085,0.006638,0.003951
7448,0.78274,-1.4474069999999999,-0.87066,0.086797,0.992397,-0.08726,-0.026101999999999997,-0.001696,-0.005056000000000001,0.006097999999999999,0.002903,0.000391
7449,0.7847529999999999,-1.4476870000000002,-0.8686510000000001,0.086776,0.992432,-0.08688799999999999,-0.025034,0.002545,-0.000781,-0.0037530000000000003,0.006256,-0.003047
7450,0.78613,-1.448101,-0.867101,0.086605,0.992482,-0.086478,-0.02191,-0.014511000000000001,-0.0007379999999999999,-0.00613,0.007379999999999999,-0.00242
7451,0.7834770000000001,-1.448764,-0.86924,0.085911,0.992563,-0.086241,-0.014485,-0.027306999999999998,-0.0038770000000000002,-0.007145,0.001837,-3.2e-05
7452,0.783307,-1.4490049999999999,-0.8687790000000001,0.085727,0.9925930000000001,-0.086086,-0.007014,-0.033593,-0.008147,0.002942,0.005012,-0.00014099999999999998
7453,0.7832720000000001,-1.449235,-0.868192,0.085563,0.9926200000000001,-0.08592799999999999,-0.01231,-0.027174,-0.010328,0.006753,0.010126000000000001,3.6e-05
7454,0.786204,-1.449502,-0.864851,0.085627,0.9926530000000001,-0.085489,-0.021884,-0.020749,-0.010402,0.007742,0.014441999999999998,0.006464
7455,0.7890199999999999,-1.450006,-0.8617450000000001,0.085512,0.992714,-0.084895,-0.02717,-0.006895,-0.007252,0.00479,0.012428,0.0032909999999999997
7456,0.791659,-1.450507,-0.8592489999999999,0.085382,0.9927739999999999,-0.084319,-0.022793,0.016531,-0.008319,-0.002038,0.004525,-0.003266
7457,0.792089,-1.450985,-0.8591719999999999,0.08507999999999999,0.9928309999999999,-0.083949,-0.020649,0.016531999999999998,-0.010440999999999999,-0.002286,0.007306,-0.002141
7458,0.793567,-1.451549,-0.857906,0.08480499999999999,0.992898,-0.08343099999999999,-0.028145999999999997,0.009106,-0.011553,-0.0034909999999999997,0.005529999999999999,0.000225
7459,0.795397,-1.452282,-0.856193,0.084438,0.992985,-0.08276599999999999,-0.031342,0.006998999999999999,-0.014777,-0.005565,0.005367,0.002306
7460,0.7956850000000001,-1.453272,-0.8559459999999999,0.083759,0.993102,-0.082054,-0.029233,-0.002579,-0.019025,-0.0036659999999999996,0.008241,0.00193
7461,0.7959,-1.454089,-0.855503,0.08319800000000001,0.9931969999999999,-0.081469,-0.02712,-0.012087,-0.022237,-0.005653,0.008709999999999999,0.000597
7462,0.795852,-1.454875,-0.855426,0.082636,0.993289,-0.080926,-0.029200999999999998,-0.002484,-0.024401,0.0016989999999999998,0.007947,-0.005011
7463,0.798158,-1.455481,-0.85298,0.08239099999999999,0.993359,-0.080315,-0.032464,-0.012077,-0.020137000000000002,-0.000162,0.005726,-0.000312
7464,0.7996300000000001,-1.4561600000000001,-0.851261,0.082026,0.9934360000000001,-0.079723,-0.035669,-0.006764,-0.013757,-0.000986,0.007951999999999999,-0.004627
7465,0.8007770000000001,-1.456788,-0.850146,0.081669,0.993508,-0.079195,-0.031339,0.0060079999999999995,-0.014812,0.000743,0.004065999999999999,-0.004728
7466,0.801767,-1.4574,-0.8491989999999999,0.08131000000000001,0.993577,-0.078691,-0.033486,0.000698,-0.016957,-0.0013390000000000001,0.0038280000000000002,-0.002196
7467,0.803532,-1.4580870000000001,-0.847283,0.080958,0.993655,-0.078074,-0.03141,-0.011032,-0.015859,0.000646,0.004392,-0.001928
7468,0.805122,-1.458651,-0.8453879999999999,0.080678,0.993718,-0.077556,-0.030362,-0.014235,-0.014778999999999999,0.0024519999999999998,0.004069,-0.0035590000000000005
7469,0.807333,-1.4590889999999999,-0.842792,0.080535,0.993767,-0.07707699999999999,-0.034661000000000004,-0.020554,-0.012669,0.002382,0.006187,-0.002254
7470,0.810104,-1.459689,-0.8396680000000001,0.080316,0.993834,-0.076442,-0.035703,-0.012041,-0.009483,-0.000421,0.006227,-0.004994
7471,0.81207,-1.460123,-0.8375440000000001,0.080153,0.9938819999999999,-0.075987,-0.028187,-0.002475,-0.010511,0.001268,0.005447,-0.0037240000000000003
7472,0.813978,-1.460489,-0.8356979999999999,0.08003400000000001,0.993922,-0.075585,-0.028162,0.007095000000000001,-0.00625,0.000884,0.005834000000000001,-0.004463
7473,0.8167939999999999,-1.460982,-0.832982,0.079889,0.993976,-0.07502400000000001,-0.031391,0.0017760000000000002,-0.005197,-0.0011380000000000001,0.004696,-0.002064
7474,0.8203729999999999,-1.461683,-0.8292069999999999,0.07964700000000001,0.9940530000000001,-0.074262,-0.034669,-0.015257,-0.0051990000000000005,-0.0033380000000000003,0.005474000000000001,0.002408
7475,0.8243010000000001,-1.462532,-0.8248209999999999,0.079319,0.9941450000000001,-0.073376,-0.034727999999999995,-0.025918,-0.00305,-0.004368,0.003307,0.004192
7476,0.828151,-1.4631530000000001,-0.820312,0.07914600000000001,0.9942120000000001,-0.072652,-0.033699,-0.034444,-0.003032,-0.0032939999999999996,0.005422,0.00020299999999999997
7477,0.8287709999999999,-1.4637280000000001,-0.818901,0.07877,0.994274,-0.07221699999999999,-0.028383999999999996,-0.038723,-0.002991,-0.006428,0.005787,-0.0037719999999999997
7478,0.828463,-1.46436,-0.818357,0.078284,0.994341,-0.07181599999999999,-0.025193,-0.040865,-0.002967,-0.007926,0.0070019999999999995,-0.002433
7479,0.829559,-1.464819,-0.816467,0.078027,0.99439,-0.071423,-0.021978,-0.037681,-0.002949,-0.004845,0.004207,0.001141
7480,0.833083,-1.4653479999999999,-0.812113,0.077888,0.9944459999999999,-0.070793,-0.022017,-0.045141,-0.001872,0.000436,0.008759000000000001,0.007956999999999999
7481,0.8384030000000001,-1.465783,-0.805754,0.077942,0.994491,-0.070089,-0.024205,-0.052608,0.002396,0.002914,0.004807,0.005712
7482,0.8420270000000001,-1.466033,-0.801025,0.07801,0.994517,-0.06964,-0.022095,-0.05687999999999999,0.0034840000000000006,0.005822,0.000997,-0.000352
7483,0.8450790000000001,-1.4661600000000001,-0.796715,0.078127,0.9945309999999999,-0.06931699999999999,-0.02001,-0.063296,0.00778,0.0017829999999999999,0.004203,-0.002307
7484,0.846965,-1.466423,-0.7935479999999999,0.078062,0.9945579999999999,-0.068997,-0.022124,-0.060089,0.006693000000000001,-0.00302,0.010966,-0.001026
7485,0.852341,-1.466669,-0.7871020000000001,0.078247,0.994584,-0.068415,-0.023158,-0.050506,0.00881,0.0038450000000000003,0.005462,0.004328
7486,0.856798,-1.466779,-0.781675,0.07847,0.9945950000000001,-0.067995,-0.023153999999999997,-0.047318,0.010943000000000001,0.004279,0.0060609999999999995,0.001894
7487,0.8622709999999999,-1.46659,-0.7754340000000001,0.078983,0.994575,-0.067686,-0.019895,-0.030302,0.015218,0.006543000000000001,0.003181,-0.00165
7488,0.866866,-1.466136,-0.770375,0.079638,0.9945280000000001,-0.067615,-0.011326000000000001,-0.019691999999999998,0.01847,0.004896,0.002588,-0.0034
7489,0.870553,-1.4659870000000002,-0.766188,0.08,0.9945120000000001,-0.067416,-0.009231,-0.025038,0.021696,-0.0009140000000000001,0.0035340000000000002,0.001697
7490,0.875441,-1.466037,-0.760724,0.08029,0.994518,-0.066992,-0.009266,-0.031434,0.022772,-0.003156,0.009953,0.007315
7491,0.881825,-1.466208,-0.7537159999999999,0.080585,0.9945360000000001,-0.06637,-0.010316,-0.029291,0.020625,-0.000354,0.010195000000000001,0.004908
7492,0.885717,-1.466058,-0.749292,0.080958,0.9945200000000001,-0.06615,-0.009216,-0.025021,0.017422999999999998,0.002569,0.010332,0.002796
7493,0.89087,-1.466024,-0.74345,0.08132400000000001,0.994516,-0.06575399999999999,-0.016742,-0.042022000000000004,0.01312,0.0028280000000000002,0.00939,0.0032689999999999998
7494,0.895486,-1.466267,-0.7379,0.081437,0.994542,-0.06522599999999999,-0.024197,-0.044104000000000004,0.007729000000000001,-0.000886,0.006282,0.001108
7495,0.899109,-1.466539,-0.733646,0.081462,0.9945700000000001,-0.064763,-0.025129,-0.022761,-0.00085,0.00118,0.007108,-0.000621
7496,0.90343,-1.466935,-0.728785,0.08143099999999999,0.994611,-0.064166,-0.02302,-0.030217,-0.0029620000000000002,0.003041,0.009509,0.005038
7497,0.909302,-1.467388,-0.7222430000000001,0.081451,0.994658,-0.06341000000000001,-0.023027000000000002,-0.033404,-0.005094,0.003022,0.008683,0.005045
7498,0.9129309999999999,-1.467769,-0.718102,0.081381,0.9946969999999999,-0.06288200000000001,-0.025084,-0.019535,-0.008329999999999999,0.00596,0.007973000000000001,0.005601
7499,0.9194969999999999,-1.468136,-0.711286,0.081502,0.994735,-0.062125,-0.031452999999999995,-0.009932999999999999,-0.00625,0.006221,0.006959,0.005149
7500,0.9258219999999999,-1.468631,-0.704746,0.0815,0.9947860000000001,-0.061313,-0.037854,-0.009911,-0.006294,0.006726,0.008098000000000001,0.0055119999999999995
7501,0.93232,-1.469163,-0.697928,0.081472,0.99484,-0.060466,-0.040027,-0.018425,-0.006297,0.0059770000000000005,0.006640000000000001,0.003154
7502,0.9378110000000001,-1.469568,-0.692045,0.081478,0.9948809999999999,-0.05977999999999999,-0.034683,-0.017374,-0.0073290000000000004,0.002247,0.004097,-0.0052380000000000005
7503,0.939558,-1.46983,-0.689876,0.081371,0.994907,-0.059483,-0.026142000000000002,-0.022621000000000002,-0.008333,0.003682,0.0032770000000000004,-0.005961999999999999
7504,0.940802,-1.4700799999999998,-0.688129,0.08124400000000001,0.9949319999999999,-0.059236000000000004,-0.020807,-0.021578,-0.007229000000000001,0.003076,0.002016,-0.007811
7505,0.941451,-1.469884,-0.687137,0.081441,0.9949129999999999,-0.059298000000000003,-0.010118,-0.014171000000000001,-0.003958,0.011149,0.003394,-0.009244
7506,0.942728,-1.469311,-0.6856479999999999,0.081977,0.9948549999999999,-0.059529,0.000538,-0.009977,0.0035909999999999996,0.012734,0.0024289999999999997,-0.004635
7507,0.9430370000000001,-1.4688450000000002,-0.685174,0.082371,0.994807,-0.059775999999999996,0.004777,-0.007896,0.012165,0.01115,0.0025989999999999997,-0.007744
7508,0.9459879999999999,-1.4681309999999999,-0.68198,0.083123,0.994735,-0.059948,0.00045700000000000005,-0.014293,0.017486,0.008003,0.00435,-0.001164
7509,0.9499110000000001,-1.467758,-0.6778029999999999,0.083659,0.9946959999999999,-0.059837,-0.0038060000000000004,-0.012152,0.018522999999999998,0.0017289999999999999,0.003793,0.001517
7510,0.951738,-1.467449,-0.675842,0.08401900000000001,0.994664,-0.059863,-0.000552,-0.001506,0.017464,0.001354,0.007441,-0.003553
7511,0.951793,-1.467162,-0.675752,0.084255,0.994635,-0.060024,0.004783,-0.0025859999999999998,0.016434,-0.002147,0.008722,-0.0021100000000000003
7512,0.9522309999999999,-1.4668940000000001,-0.675124,0.084498,0.994607,-0.060141,0.000482,-0.011089,0.015346,-0.001719,0.0016699999999999998,-0.0007570000000000001
7513,0.953376,-1.466749,-0.673784,0.08468400000000001,0.994592,-0.060127999999999994,-0.00268,-0.0067989999999999995,0.011045000000000001,-0.0017829999999999999,0.002204,-0.000572
7514,0.954095,-1.466497,-0.673038,0.08493200000000001,0.994566,-0.060212,-0.001584,0.0017109999999999998,0.013179,0.001936,0.012223999999999999,-0.00415
7515,0.954583,-1.4662819999999999,-0.672497,0.085137,0.9945430000000001,-0.06029400000000001,-0.00588,-0.004666,0.013156999999999999,0.0006940000000000001,0.012018000000000001,-0.0037159999999999997
7516,0.9564879999999999,-1.466229,-0.670524,0.085293,0.9945379999999999,-0.060162,-0.013328,-0.002501,0.010965,-0.001431,0.011474,-0.0051920000000000004
7517,0.955643,-1.4660030000000002,-0.671542,0.085427,0.9945139999999999,-0.060364,-0.010025,0.021981,0.013093,-0.0019,0.0019760000000000003,-0.014129
7518,0.955174,-1.465541,-0.6725810000000001,0.085774,0.994466,-0.06066900000000001,-0.002531,0.031525,0.017406,0.0011560000000000001,0.004634,-0.01007
7519,0.957901,-1.4651370000000001,-0.670369,0.086267,0.994423,-0.060666,-0.007932,0.021935,0.022722,0.002127,0.008751,-0.00545
7520,0.962959,-1.465017,-0.665578,0.086671,0.994411,-0.060297,-0.015453,0.009182,0.021616999999999997,-0.001557,0.008092,0.002909
7521,0.9669459999999999,-1.465196,-0.661665,0.086764,0.9944290000000001,-0.05985,-0.016525,0.002816,0.016275,-0.0072959999999999995,0.008988,0.002019
7522,0.969074,-1.465414,-0.659696,0.086713,0.994452,-0.05954299999999999,-0.016447999999999997,0.013493999999999999,0.009851,-0.005887,0.007943,-0.001782
7523,0.9715,-1.465608,-0.657572,0.086697,0.9944729999999999,-0.059223000000000005,-0.024944,0.016741,0.004446,-0.0014,0.009647,-0.004055
7524,0.974994,-1.46583,-0.654442,0.086721,0.9944959999999999,-0.058796,-0.033444,0.021044,0.001176,-0.00011200000000000001,0.0077469999999999995,-0.005321
7525,0.9813299999999999,-1.466107,-0.648784,0.086863,0.994525,-0.058092,-0.041864,0.046641,0.001085,0.0014550000000000001,0.0099,-0.002729
7526,0.9899889999999999,-1.466542,-0.641195,0.087001,0.9945700000000001,-0.057101,-0.046064,0.06263099999999999,0.002104,0.002431,0.010419,-0.000867
7527,0.999447,-1.467076,-0.633065,0.08709,0.994626,-0.055987999999999996,-0.04816,0.07116,0.002078,-0.00039,0.009982,-0.000134
7528,1.009488,-1.467619,-0.624572,0.08719099999999999,0.994682,-0.054823000000000004,-0.057704,0.083977,0.001995,-0.001818,0.0074540000000000006,-0.0022440000000000003
7529,1.021467,-1.4683329999999999,-0.6142569999999999,0.08723500000000001,0.994755,-0.05340399999999999,-0.069415,0.08722200000000001,-0.00022799999999999999,-0.000992,0.006435,-0.002092
7530,1.034276,-1.469079,-0.6032069999999999,0.087275,0.9948309999999999,-0.051903,-0.07044299999999999,0.095748,-0.000246,6.6e-05,0.0061,-0.004081
7531,1.046292,-1.469654,-0.593195,0.087396,0.9948889999999999,-0.050564,-0.06186900000000001,0.10848499999999998,0.004070000000000001,-0.001184,0.003691,-0.010166
7532,1.054814,-1.469905,-0.58681,0.087608,0.994915,-0.049694999999999996,-0.056557,0.108445,0.009448,-2.3e-05,0.002629,-0.01163
7533,1.0634219999999999,-1.4701110000000002,-0.580044,0.087853,0.994936,-0.048839,-0.054546000000000004,0.089228,0.018032,-0.0032890000000000003,0.004637,-0.004658
7534,1.076,-1.470425,-0.56895,0.088186,0.994967,-0.047582,-0.062124,0.066875,0.020144,-0.006261,0.002882,-0.003032
7535,1.0896139999999999,-1.470857,-0.5564100000000001,0.08844400000000001,0.9950100000000001,-0.046178,-0.065363,0.05412,0.015864,-0.003437,0.002472,-0.001674
7536,1.101638,-1.471066,-0.545471,0.08880700000000001,0.995031,-0.045017,-0.055688999999999995,0.066883,0.012709999999999999,0.005554,0.007609,-0.0036130000000000003
7537,1.113192,-1.4711290000000001,-0.535429,0.089265,0.9950370000000001,-0.04396,-0.051354,0.080721,0.011656,0.00743,0.005024,-0.006653
7538,1.127175,-1.471065,-0.522949,0.089928,0.995031,-0.042735,-0.05564500000000001,0.076471,0.012701,0.009803000000000001,0.003947,0.001399
7539,1.143427,-1.471227,-0.508196,0.090465,0.9950469999999999,-0.041201,-0.06629,0.082896,0.013687999999999999,0.004567,0.005899000000000001,0.0013
7540,1.15949,-1.471474,-0.49424300000000004,0.090888,0.995072,-0.039644,-0.069323,0.125496,0.018953,0.004144,0.005874,-0.000258
7541,1.1786450000000002,-1.470781,-0.477879,0.092269,0.9950030000000001,-0.03816,-0.073518,0.147857,0.025309,0.012863999999999999,0.002693,-0.007509999999999999
7542,1.196558,-1.470253,-0.46259700000000004,0.093427,0.99495,-0.036693,-0.070426,0.12865,0.030698000000000003,0.009066,0.006347,-0.004857
7543,1.212692,-1.469976,-0.448825,0.094265,0.994922,-0.035278,-0.070483,0.116927,0.031782,-0.000637,1.2e-05,-0.011262000000000001
7544,1.226138,-1.469898,-0.437492,0.094803,0.994914,-0.034033,-0.072595,0.11483,0.02536,-0.003617,-0.003963,-0.010019
7545,1.241657,-1.4699010000000001,-0.42435900000000004,0.095317,0.994914,-0.032557,-0.07357999999999999,0.131882,0.024262,-0.004344,-0.003536,-0.011526
7546,1.256891,-1.469898,-0.411832,0.095805,0.994914,-0.031101999999999998,-0.064996,0.144627,0.026442,-0.002574,0.00014199999999999998,-0.0056560000000000004
7547,1.271361,-1.46964,-0.400204,0.09648999999999999,0.9948879999999999,-0.029788,-0.05968,0.145652,0.031819,0.003317,-0.005417,-0.001065
7548,1.286331,-1.469166,-0.387802,0.097379,0.99484,-0.028473000000000002,-0.047041,0.123182,0.045823,1.8e-05,-0.010984,0.000366
7549,1.299744,-1.468273,-0.376789,0.098607,0.994749,-0.027402,-0.033277,0.1241,0.070487,-0.00765,-0.008116,-0.001208
7550,1.3077940000000001,-1.466924,-0.371397,0.10012,0.99461,-0.026956,-0.009824,0.143099,0.094126,0.000328,0.00336,-0.005392
7551,1.31264,-1.464745,-0.369343,0.102345,0.994382,-0.027024,0.025273,0.135451,0.111472,0.0012619999999999999,0.0025210000000000002,-0.006789
7552,1.3104559999999998,-1.4619520000000001,-0.37405,0.104969,0.994082,-0.027962,0.07206699999999999,0.11817899999999999,0.12784500000000001,0.003032,-0.00545,-0.004737
7553,1.303784,-1.458465,-0.38304299999999997,0.108122,0.9936969999999999,-0.029575999999999998,0.11461099999999999,0.108366,0.147385,0.008394,-0.008331,0.007161
7554,1.295304,-1.4544540000000001,-0.393698,0.111703,0.99324,-0.031576,0.144369,0.096552,0.164696,0.00611,-0.0053100000000000005,0.012869
7555,1.283787,-1.4502700000000002,-0.406958,0.115316,0.9927459999999999,-0.034037,0.153806,0.067727,0.17227699999999999,0.005381,-0.001489,0.020273
7556,1.278846,-1.4462709999999999,-0.413131,0.118948,0.992257,-0.035748,0.145175,0.047518,0.172244,0.0023899999999999998,0.018272,0.033124
7557,1.279505,-1.442862,-0.41363599999999995,0.12221099999999999,0.991828,-0.036641,0.129255,0.049777999999999996,0.15397,0.002698,0.028299,0.041524
7558,1.277614,-1.440114,-0.41668599999999995,0.12475,0.9914729999999999,-0.03766,0.098479,0.047913,0.11423299999999999,-0.001551,0.037670999999999996,0.052171
7559,1.272482,-1.438217,-0.422942,0.126353,0.991224,-0.038852,0.045443,0.06004400000000001,0.057232000000000005,-0.012537000000000001,0.054551999999999996,0.079364
7560,1.286446,-1.439094,-0.410706,0.126048,0.99134,-0.03684,-0.016023,0.095649,-0.001999,-0.027004000000000004,0.055978,0.08637
7561,1.294714,-1.440158,-0.404812,0.125334,0.9914790000000001,-0.035509,-0.072121,0.1355,-0.062262,-0.026381,0.049232,0.083315
7562,1.309321,-1.442518,-0.393148,0.123579,0.991784,-0.03307,-0.12301400000000001,0.159303,-0.10965,-0.018812,0.034324,0.076695
7563,1.343172,-1.446497,-0.362717,0.120781,0.9922850000000001,-0.027977999999999996,-0.16655699999999998,0.181921,-0.133485,-0.008355,0.028589,0.0617
7564,1.3717549999999998,-1.450014,-0.337725,0.11810999999999999,0.992715,-0.023824,-0.195295,0.19056900000000002,-0.140106,-0.001686,0.024848,0.049977999999999995
7565,1.407181,-1.45366,-0.305607,0.115309,0.9931469999999999,-0.019036,-0.194355,0.162869,-0.14006500000000002,-0.001188,0.008745000000000001,0.016975999999999998
7566,1.4381329999999999,-1.4569450000000002,-0.277231,0.112607,0.993526,-0.015027,-0.178544,0.12126400000000001,-0.13883299999999998,-0.008984,-0.006755,0.0056890000000000005
7567,1.465917,-1.460084,-0.25103600000000004,0.10987899999999999,0.993878,-0.011566,-0.158528,0.064734,-0.13862,-0.006257,-0.007107,0.002228
7568,1.4933040000000002,-1.4634610000000001,-0.22432399999999997,0.10680799999999999,0.994245,-0.008293,-0.146918,0.02957,-0.145973,-0.011501,-0.001707,0.011604000000000001
7569,1.519115,-1.466748,-0.198728,0.10372100000000001,0.994592,-0.005365,-0.143727,0.010452,-0.163017,-0.006416,0.008231,0.019724000000000002
7570,1.551479,-1.4705489999999999,-0.16630799999999998,0.100061,0.9949790000000001,-0.0019329999999999998,-0.134076,0.000917,-0.184303,0.0017460000000000002,0.009323999999999999,0.026378
7571,1.584843,-1.47424,-0.13288699999999998,0.09639600000000001,0.9953420000000001,0.001354,-0.125467,0.003077,-0.199199,0.010476000000000001,0.0021100000000000003,0.023411
7572,1.623133,-1.477283,-0.094765,0.093249,0.9956309999999999,0.0048850000000000005,-0.11901800000000001,0.013712,-0.200232,0.017148,-0.001841,0.015226
7573,1.6535349999999998,-1.479774,-0.06460700000000001,0.090585,0.9958600000000001,0.0075120000000000004,-0.103032,0.02001,-0.19050799999999998,0.025656,-0.005397,0.003535
7574,1.673071,-1.481668,-0.04548,0.088545,0.996031,0.009087999999999999,-0.084922,0.028408,-0.17543,0.031206,-0.005125,-0.009895999999999999
7575,1.686114,-1.483378,-0.033038,0.086727,0.996181,0.010046,-0.067883,0.042111,-0.15395799999999998,0.028995999999999997,-0.00346,-0.012440999999999999
7576,1.6999810000000002,-1.485454,-0.02017,0.08452899999999999,0.996361,0.010981,-0.053983,0.063308,-0.138929,0.028218,0.003929,-0.006739
7577,1.7201400000000002,-1.4870370000000002,-0.001509,0.082729,0.9964940000000001,0.012448,-0.046439999999999995,0.08457,-0.134627,0.017185,-0.002277,0.009067
7578,1.745803,-1.48911,0.022233000000000003,0.080349,0.9966659999999999,0.014207,-0.03145,0.101546,-0.130269,0.0032229999999999997,-0.0055,0.018004
7579,1.7639650000000002,-1.491327,0.038214,0.077909,0.9968440000000001,0.01524,-0.009044,0.116327,-0.116244,-0.001188,-0.003573,0.013004
7580,1.771729,-1.493624,0.043438,0.075544,0.997024,0.015387,0.020812999999999998,0.133186,-0.095763,-0.0036439999999999997,0.003861,-0.001303
7581,1.761579,-1.495736,0.030538,0.07363,0.997184,0.014219999999999998,0.055941,0.134051,-0.076292,-0.002463,0.0066760000000000005,-0.007613
7582,1.7478509999999998,-1.497529,0.014511000000000001,0.07205700000000001,0.997317,0.012893,0.07388600000000001,0.096682,-0.070778,-0.002309,0.006421,-0.005462
7583,1.7318900000000002,-1.499213,-0.002876,0.07059700000000001,0.997439,0.011472,0.077967,0.050878,-0.074963,-0.014338,0.0031260000000000003,0.001818
7584,1.7146830000000002,-1.501701,-0.020749,0.068327,0.9976139999999999,0.0099,0.082162,0.022153,-0.087719,-0.024350999999999998,-0.005472,-0.0031550000000000003
7585,1.692351,-1.503865,-0.043597000000000004,0.066387,0.997761,0.00811,0.09718500000000001,0.027482,-0.101508,-0.022503,-0.0036200000000000004,-0.003761
7586,1.6610939999999998,-1.507212,-0.075615,0.063282,0.9979790000000001,0.00573,0.10685499999999999,0.04024,-0.103598,-0.016377000000000003,0.007956,-0.0053479999999999995
7587,1.621666,-1.509671,-0.116249,0.061009,0.998132,0.003106,0.11123499999999999,0.073215,-0.095066,0.0028640000000000002,0.017248,-0.006372
7588,1.5864129999999999,-1.511493,-0.153583,0.05926,0.998242,0.000926,0.11141300000000001,0.11581199999999998,-0.091914,0.006993000000000001,0.011904999999999999,-0.0037479999999999996
7589,1.539432,-1.5125110000000002,-0.203449,0.058224,0.998302,-0.001827,0.126496,0.15620599999999998,-0.083311,0.00954,-0.004833,-0.009953
7590,1.486292,-1.5134040000000002,-0.260183,0.05715599999999999,0.998353,-0.004841,0.141487,0.18803,-0.062949,0.006351,-0.003587,-0.010478
7591,1.4336790000000001,-1.513858,-0.31690100000000004,0.056374,0.9983790000000001,-0.007779,0.147832,0.204933,-0.033016000000000004,-0.0017929999999999999,-0.000592,-0.011142
7592,1.371923,-1.513959,-0.38259299999999996,0.055686,0.9983850000000001,-0.011223,0.151916,0.18671500000000002,-0.009465000000000001,-0.011618999999999999,-0.0032530000000000002,-0.017601
7593,1.31138,-1.513514,-0.44659899999999997,0.055336,0.99836,-0.014686000000000001,0.167729,0.158902,0.005634,-0.01725,-0.003761,-0.017632
7594,1.244002,-1.512589,-0.516912,0.055097,0.9983059999999999,-0.018675,0.19101600000000002,0.132128,0.020783000000000003,-0.030514999999999997,-0.0023190000000000003,-0.026003
7595,1.168852,-1.51085,-0.5944729999999999,0.055135,0.9982040000000001,-0.023437,0.21749899999999997,0.10533900000000002,0.037022,-0.021734,-0.006154,-0.03685
7596,1.109377,-1.508054,-0.65577,0.056144000000000006,0.9980319999999999,-0.027916000000000003,0.23435300000000003,0.07431900000000001,0.05427100000000001,-0.007194,-0.007005,-0.031609
7597,1.045518,-1.504325,-0.720605,0.057468,0.997792,-0.033308,0.24258000000000002,0.022022999999999997,0.071487,0.002408,0.001064,-0.016207
7598,0.994667,-1.5001879999999999,-0.771528,0.059161,0.997508,-0.038433999999999996,0.24879,-0.01,0.082254,0.004361,-0.0036270000000000004,-0.006915
7599,0.9518270000000001,-1.495635,-0.8144640000000001,0.061159000000000005,0.9971770000000001,-0.043567,0.250958,0.015487,0.100397,0.006285,-0.007461,-0.010129
7600,0.9143100000000001,-1.489838,-0.8531139999999999,0.064061,0.996725,-0.049358,0.248968,0.071851,0.125951,0.010753,-0.006078,-0.017016999999999997
7601,0.888876,-1.483844,-0.880466,0.067422,0.9962219999999999,-0.054736,0.23193000000000003,0.10164400000000001,0.149296,0.004645000000000001,0.006418000000000001,-0.012525
7602,0.8742280000000001,-1.478549,-0.8973110000000001,0.070658,0.995748,-0.059101,0.208465,0.113401,0.159799,-0.0008029999999999999,0.010203,-0.00787
7603,0.864042,-1.4736639999999999,-0.9102600000000001,0.073751,0.995286,-0.062976,0.189449,0.15077000000000002,0.155345,-0.010702,0.014616999999999998,-0.006085
7604,0.8471049999999999,-1.469725,-0.9303899999999999,0.075611,0.9948969999999999,-0.066812,0.179979,0.162589,0.138165,-0.03223,0.010703,-0.012458
7605,0.821709,-1.4664780000000002,-0.958515,0.07625499999999999,0.9945639999999999,-0.070909,0.175652,0.11801500000000001,0.110403,-0.04325,0.006092,-0.016295
7606,0.80187,-1.463357,-0.979656,0.077064,0.9942340000000001,-0.074566,0.162606,0.035084,0.081571,-0.048514,0.005247,-0.014728999999999999
7607,0.774875,-1.461535,-1.0066389999999998,0.07629,0.9940370000000001,-0.077913,0.132645,-0.015822,0.050439,-0.032818,0.018506,-0.007398999999999999
7608,0.759912,-1.4600440000000001,-1.020732,0.076137,0.993873,-0.08012000000000001,0.10157100000000001,-0.06251699999999999,0.033187,-0.011516,0.03022,0.002956
7609,0.750319,-1.458515,-1.028657,0.076401,0.9937030000000001,-0.081959,0.089715,-0.096535,0.025669,-0.000489,0.0218,0.008457
7610,0.7394470000000001,-1.4570670000000001,-1.03762,0.076475,0.99354,-0.083847,0.095073,-0.096532,0.020365,-0.004652,0.010565,-0.001282
7611,0.727644,-1.455373,-1.048038,0.076599,0.993346,-0.086001,0.096327,-0.057112,0.018186,-0.00047300000000000006,0.001344,-0.004911
7612,0.719687,-1.453568,-1.05524,0.07709400000000001,0.993137,-0.08795499999999999,0.084649,-0.036861,0.025557,0.004235,-0.0031620000000000003,-0.001843
7613,0.7189760000000001,-1.451912,-1.055028,0.078115,0.992941,-0.08924800000000001,0.060986,-0.061352,0.043584,0.006541,-0.00492,0.00595
7614,0.717583,-1.450245,-1.054738,0.079079,0.992742,-0.09060399999999999,0.066086,-0.094471,0.06289,-0.0009689999999999999,-0.003179,-0.003635
7615,0.712675,-1.4478959999999998,-1.057487,0.08015800000000001,0.9924569999999999,-0.09275499999999999,0.079813,-0.111623,0.077962,-0.007679000000000001,-0.003825,-0.019015999999999998
7616,0.703404,-1.4447510000000001,-1.064249,0.081312,0.992067,-0.095873,0.093553,-0.129828,0.089831,-0.005888,-0.004304,-0.022352
7617,0.6960569999999999,-1.441198,-1.068466,0.082866,0.991614,-0.099172,0.10183400000000001,-0.170406,0.107031,-0.002177,-0.008536,-0.019755
7618,0.6910569999999999,-1.437494,-1.069317,0.084709,0.9911280000000001,-0.102415,0.112176,-0.221665,0.129601,-0.004845,-0.005197,-0.013613
7619,0.686001,-1.433551,-1.069415,0.08666499999999999,0.990597,-0.10586500000000001,0.127952,-0.252695,0.150045,-0.010508,-0.0042840000000000005,-0.010758
7620,0.683032,-1.429498,-1.066848,0.088884,0.990034,-0.10923599999999999,0.128828,-0.286821,0.15864,-0.005785,-0.005522,-0.0044729999999999995
7621,0.682668,-1.425459,-1.060992,0.091366,0.9894569999999999,-0.11237,0.120126,-0.31664899999999996,0.166095,-0.005459,-0.000825,-0.002621
7622,0.681652,-1.4211120000000002,-1.055592,0.093961,0.988818,-0.115801,0.128672,-0.313487,0.167219,0.000842,0.006024,-0.008709999999999999
7623,0.68093,-1.416891,-1.0501610000000001,0.09650399999999999,0.98818,-0.119112,0.124526,-0.299572,0.154354,0.007973000000000001,0.014155000000000001,-0.004759
7624,0.680615,-1.413475,-1.044439,0.09859,0.9876510000000001,-0.12176400000000001,0.102255,-0.297252,0.126422,0.006024,0.033651,0.012176000000000001
7625,0.683344,-1.4119190000000001,-1.036115,0.099892,0.9874059999999999,-0.12268599999999999,0.072703,-0.26821100000000003,0.082381,0.001945,0.042654000000000004,0.031011
7626,0.682982,-1.410963,-1.031901,0.10044299999999999,0.9872540000000001,-0.123455,0.05293200000000001,-0.200849,0.037291000000000005,0.018484,0.044713,0.035259
7627,0.678134,-1.410274,-1.034284,0.100271,0.987144,-0.12447000000000001,0.030243,-0.075935,-0.012165,0.025431,0.035287,0.034428
7628,0.6802779999999999,-1.4107100000000001,-1.031975,0.100266,0.9872129999999999,-0.12392,-0.001235,0.013775,-0.041339,0.040374,0.032958999999999995,0.032184
7629,0.683625,-1.412169,-1.029641,0.099771,0.9874450000000001,-0.122467,-0.029781000000000002,0.06397699999999999,-0.050147000000000004,0.016608,0.021878,0.037995
7630,0.684033,-1.413443,-1.03115,0.099026,0.9876450000000001,-0.121451,-0.047721,0.109839,-0.048195,0.009082999999999999,0.014322999999999999,0.034339
7631,0.685792,-1.414733,-1.031711,0.098432,0.9878469999999999,-0.12029100000000001,-0.043488,0.110855,-0.039620999999999996,0.003252,-0.00019099999999999998,0.017889
7632,0.688686,-1.4158190000000002,-1.030638,0.098098,0.988015,-0.119176,-0.02452,0.07344400000000001,-0.024485,-0.002303,0.00785,0.0010119999999999999
7633,0.689267,-1.416283,-1.030824,0.097875,0.988087,-0.11876600000000001,-0.010957999999999999,0.016890000000000002,-0.012567,-0.006613,0.006512,0.001578
7634,0.68771,-1.416708,-1.032206,0.097424,0.988152,-0.118594,0.008062999999999999,-0.021535,-0.01025,-0.008847,0.001243,0.006442
7635,0.685631,-1.4170909999999999,-1.033639,0.096938,0.9882110000000001,-0.118503,0.031459,-0.040779,-0.013267,-0.006804000000000001,-0.00173,0.024416999999999998
7636,0.680193,-1.416758,-1.038356,0.096499,0.988159,-0.11928499999999999,0.035774,-0.034385,-0.017518000000000002,0.003187,-1.6e-05,0.026527
7637,0.680319,-1.416679,-1.0379639999999999,0.096563,0.9881469999999999,-0.119333,0.026275,-0.006670999999999999,-0.013345,0.016978,0.0064659999999999995,0.021417
7638,0.691724,-1.416971,-1.0271299999999999,0.097734,0.988192,-0.118002,0.01257,0.03385,-0.01135,0.016538999999999998,0.021467,0.019476
7639,0.693459,-1.417247,-1.026598,0.097764,0.9882340000000001,-0.117623,0.006383,0.07226,-0.021055,0.011306,0.023347,0.013924
7640,0.694806,-1.418246,-1.0273649999999999,0.09729,0.9883870000000001,-0.116731,0.004547,0.121343,-0.039291,-0.000442,0.021013,0.014131
7641,0.695382,-1.419866,-1.0299129999999999,0.096331,0.988632,-0.11544600000000001,-0.004777,0.167251,-0.056508,0.001142,0.01146,0.008223000000000001
7642,0.694118,-1.420909,-1.034781,0.095525,0.9887879999999999,-0.114775,-0.007906,0.17793699999999998,-0.061885,0.0016120000000000002,0.008343000000000001,0.006437999999999999
7643,0.6932649999999999,-1.421769,-1.039103,0.09488400000000001,0.988916,-0.114203,-0.006912000000000001,0.164076,-0.059723000000000005,0.002665,0.005606,-0.001352
7644,0.690627,-1.422456,-1.0451549999999998,0.09415,0.9890180000000001,-0.113929,-0.000491,0.171498,-0.056482000000000004,0.001035,0.0035210000000000003,-0.004586
7645,0.687181,-1.42301,-1.0522,0.093409,0.9891,-0.113829,0.007006999999999999,0.176803,-0.057504999999999994,0.002752,-0.00242,-0.002779
7646,0.686553,-1.4235,-1.056386,0.09303,0.9891719999999999,-0.11351199999999999,0.010182,0.170404,-0.058540999999999996,0.002856,0.008372,0.009081
7647,0.683966,-1.424324,-1.062499,0.092221,0.9892920000000001,-0.113121,0.008047,0.17147300000000001,-0.057489,-0.0016600000000000002,0.010403,0.009147
7648,0.681361,-1.425253,-1.068712,0.091347,0.9894270000000001,-0.112647,0.008094,0.181065,-0.058570000000000004,-0.004998,0.009993,0.01197
7649,0.676642,-1.426661,-1.0773270000000001,0.089942,0.9896299999999999,-0.11199100000000001,0.0060490000000000006,0.194947,-0.065015,-0.015846000000000002,0.015115,0.00373
7650,0.670711,-1.427924,-1.08713,0.088499,0.9898110000000001,-0.111543,0.008138,0.18641300000000002,-0.063924,-0.010527,0.011654000000000001,0.005067
7651,0.665618,-1.428935,-1.095854,0.087313,0.9899540000000001,-0.111206,-0.001507,0.17473699999999998,-0.06611399999999999,-0.011339,0.009557,0.000381
7652,0.659126,-1.430107,-1.105716,0.085878,0.9901200000000001,-0.11085199999999999,-0.010095,0.158805,-0.07042899999999999,-0.009828,0.01252,-0.001941
7653,0.653199,-1.431233,-1.114629,0.08454199999999999,0.9902770000000001,-0.110474,-0.002665,0.141769,-0.078901,-0.005242,0.011997,-0.00029
7654,0.64593,-1.432485,-1.125019,0.08299,0.99045,-0.110095,-0.003622,0.15884700000000002,-0.086409,-0.002149,0.004514,0.001468
7655,0.643439,-1.433698,-1.1310440000000002,0.081995,0.990617,-0.10934,-0.014215,0.173807,-0.088636,0.012243,0.002578,0.004528
7656,0.6414449999999999,-1.434855,-1.1364809999999999,0.081091,0.9907739999999999,-0.10858599999999999,-0.017493,0.162079,-0.083301,0.019037000000000002,0.005899000000000001,0.005864
7657,0.6413260000000001,-1.435869,-1.139772,0.08047699999999999,0.9909110000000001,-0.10779100000000001,-0.013311000000000002,0.150325,-0.073645,0.011625,0.0063880000000000004,0.0022
7658,0.638386,-1.436404,-1.1460549999999998,0.079843,0.990983,-0.1076,-0.007908,0.174769,-0.064024,0.005789,-0.002519,-0.007894
7659,0.634764,-1.4369040000000002,-1.153363,0.07915900000000001,0.99105,-0.10748900000000002,-0.002592,0.178977,-0.055446,0.004368,0.000375,-0.012643000000000001
7660,0.629778,-1.437355,-1.16143,0.078359,0.99111,-0.107522,0.009981,0.132044,-0.051025,-0.00292,0.015024000000000001,-0.001258
7661,0.6230760000000001,-1.438405,-1.170479,0.07703,0.9912489999999999,-0.107199,0.019547,0.113944,-0.06161900000000001,-0.012424,0.021294,0.011831999999999999
7662,0.6157100000000001,-1.439765,-1.180809,0.075459,0.9914280000000001,-0.10666300000000001,0.007106,0.160997,-0.095951,-0.008229,0.034329000000000005,0.022984
7663,0.61027,-1.442046,-1.189932,0.07358200000000001,0.9917229999999999,-0.10521900000000001,-0.015068000000000002,0.181443,-0.128178,0.008175,0.027961,0.019923
7664,0.604518,-1.444352,-1.199785,0.071675,0.992017,-0.10375799999999999,-0.039397,0.210364,-0.146542,0.013392,0.011264,0.007994
7665,0.597123,-1.446872,-1.2119309999999999,0.069501,0.992331,-0.10221799999999999,-0.06805399999999999,0.242427,-0.147851,0.014774,-0.002356,-0.003525
7666,0.592296,-1.448963,-1.2219010000000001,0.067848,0.9925870000000001,-0.10083099999999999,-0.080868,0.24988600000000002,-0.137265,0.014916,-0.018054,-0.016066999999999998
7667,0.583943,-1.4499600000000001,-1.235096,0.066457,0.992708,-0.10056799999999999,-0.059687,0.228446,-0.12213099999999999,0.014659,-0.018251,-0.035388
7668,0.5769270000000001,-1.4517149999999999,-1.246278,0.0648,0.9929180000000001,-0.099571,-0.022664,0.186655,-0.092977,0.00043200000000000004,-0.014478999999999999,-0.046761000000000004
7669,0.565129,-1.451859,-1.261534,0.063544,0.992935,-0.100208,0.0005769999999999999,0.158778,-0.06821,-0.002173,-0.008376999999999999,-0.041638
7670,0.559816,-1.452309,-1.2698129999999999,0.062773,0.9929889999999999,-0.10016599999999999,0.011049,0.137346,-0.045676999999999995,0.0037700000000000003,0.004051,-0.022469
7671,0.556484,-1.452317,-1.275387,0.062435000000000004,0.9929889999999999,-0.100368,0.018249,0.095702,-0.027413,0.002918,-0.005639,0.010188
7672,0.5530229999999999,-1.452118,-1.280482,0.062190999999999996,0.992966,-0.100751,0.025563,0.073259,-0.015583000000000001,0.00063,-0.004929,0.012066
7673,0.5492199999999999,-1.452328,-1.285887,0.061699000000000004,0.992991,-0.10080900000000001,0.030929,0.082819,-0.013423,-0.020194999999999998,0.002187,0.020151
7674,0.54657,-1.451798,-1.2903149999999999,0.061704999999999996,0.992928,-0.101422,0.039439999999999996,0.08489,-0.005888,-0.034376,0.000434,0.028805
7675,0.544011,-1.451057,-1.294451,0.061826,0.99284,-0.10220900000000001,0.044693000000000004,0.07206699999999999,-0.0004940000000000001,-0.04498,0.000401,0.028524
7676,0.536853,-1.451627,-1.3027959999999998,0.060802999999999996,0.992908,-0.102163,0.036029000000000005,0.051827,0.006943,-0.052899,0.005887,0.028356
7677,0.536804,-1.450931,-1.303557,0.061151,0.992825,-0.10275899999999999,0.032622000000000005,0.018764,0.019780000000000002,-0.06102899999999999,0.00214,0.015203999999999999
7678,0.538265,-1.449991,-1.301636,0.061779999999999995,0.992712,-0.10347200000000001,0.035435,-0.046313,0.041248,-0.062955,-0.001257,0.009539
7679,0.541396,-1.448883,-1.2967469999999999,0.06267,0.9925780000000001,-0.10422000000000001,0.029755,-0.104956,0.059442999999999996,-0.068224,-0.0016719999999999999,-0.005018
7680,0.530459,-1.448392,-1.304589,0.061773,0.992518,-0.10531900000000001,0.032577999999999996,-0.178514,0.07023,-0.064749,-0.001322,-0.014722
7681,0.532402,-1.447076,-1.297396,0.062641,0.9923559999999999,-0.106324,0.033041,-0.310619,0.07253899999999999,-0.068149,-0.000535,-0.011138
7682,0.517423,-1.4464860000000002,-1.304568,0.061331,0.992283,-0.10776,0.029338,-0.415034,0.08011499999999999,-0.07048600000000001,0.005763,-0.014081999999999999
7683,0.5120859999999999,-1.445064,-1.30108,0.061446,0.9921059999999999,-0.10931500000000001,0.024929,-0.436367,0.090791,-0.024367,0.005758,-0.017699
7684,0.51566,-1.443646,-1.288658,0.06253,0.991927,-0.110319,0.022661,-0.443906,0.11321700000000001,-0.011795,0.0016179999999999999,-0.012103000000000001
7685,0.5223909999999999,-1.441993,-1.27186,0.064089,0.9917159999999999,-0.11131600000000001,0.009312,-0.53241,0.146352,-0.039721,0.014524,0.009448
7686,0.523871,-1.441784,-1.258618,0.064358,0.9916889999999999,-0.111401,-0.031441000000000004,-0.5876279999999999,0.13758599999999999,-0.099026,0.071741,0.0042380000000000004
7687,0.530094,-1.441353,-1.240859,0.06526599999999999,0.991634,-0.11136700000000001,-0.038554000000000005,-0.555457,0.090494,-0.10062,0.07126299999999999,0.001794
7688,0.524642,-1.442118,-1.23527,0.064277,0.991732,-0.11106400000000001,-0.053275,-0.537176,0.060452,-0.061943,0.018567,0.005809
7689,0.5274300000000001,-1.442669,-1.221976,0.064312,0.9918030000000001,-0.11041199999999998,-0.070216,-0.505171,0.063497,-0.052516999999999994,0.000629,-0.004059
7690,0.524299,-1.44337,-1.215314,0.063618,0.991892,-0.11001099999999998,-0.062592,-0.46156,0.073103,-0.038868,-0.011134,-0.010136
7691,0.529894,-1.4433790000000002,-1.200972,0.064228,0.991893,-0.10964600000000001,-0.035733999999999995,-0.412681,0.080706,-0.024799,-0.010204000000000001,-0.025883
7692,0.524146,-1.442442,-1.198849,0.064062,0.9917739999999999,-0.110818,-0.012071,-0.369096,0.082947,-0.030309,-0.009276000000000001,-0.03205
7693,0.530031,-1.441698,-1.185921,0.065086,0.9916780000000001,-0.111075,-0.010884,-0.330797,0.094657,-0.032981,-0.006769,-0.040780000000000004
7694,0.539698,-1.441056,-1.170699,0.066484,0.9915950000000001,-0.11098800000000002,-0.028604,-0.228506,0.10401600000000001,0.009656999999999999,0.009137000000000001,-0.065831
7695,0.552604,-1.438323,-1.154417,0.069332,0.991238,-0.112426,-0.030274000000000002,-0.13048099999999999,0.10068099999999999,0.036838,0.017902,-0.059556
7696,0.564178,-1.437781,-1.140559,0.07091599999999999,0.991167,-0.11207,-0.0258,-0.10166499999999999,0.083583,0.069236,0.030135000000000002,-0.0268
7697,0.571868,-1.437706,-1.130757,0.07181599999999999,0.991157,-0.11158399999999999,-0.036272000000000006,-0.101453,0.039713,0.041175,0.018456,0.042660000000000003
7698,0.576692,-1.4384139999999999,-1.1239219999999999,0.07197100000000001,0.99125,-0.110648,-0.068101,-0.08739,0.013835,0.027638,0.001258,0.043891
7699,0.5877140000000001,-1.439816,-1.112088,0.072416,0.991434,-0.10869200000000001,-0.122199,0.0075060000000000005,0.038973,0.018008,-0.010569,0.037494
7700,0.611359,-1.441539,-1.0900219999999998,0.07398500000000001,0.991658,-0.105551,-0.16453800000000002,0.133152,0.089791,0.028263999999999997,-0.035786,0.013418000000000001
7701,0.6448550000000001,-1.4426430000000001,-1.059434,0.07682,0.9918,-0.10213799999999999,-0.149779,0.15416300000000002,0.150756,0.027718,-0.053567,0.001125
7702,0.680723,-1.442188,-1.025073,0.080718,0.991741,-0.09966900000000001,-0.095103,0.033364,0.208977,-0.01068,-0.051312,-0.022813
7703,0.713495,-1.440061,-0.9903489999999999,0.08532000000000001,0.991466,-0.098565,-0.04603,-0.154498,0.259767,-0.060402,-0.027569,-0.048942
7704,0.7124550000000001,-1.437374,-0.9855200000000001,0.08695900000000001,0.9911120000000001,-0.10067000000000001,-0.007447,-0.329443,0.285883,-0.084136,0.008246999999999999,-0.051689
7705,0.732556,-1.433585,-0.956407,0.091476,0.9906010000000001,-0.10169199999999999,0.023898,-0.5041479999999999,0.258552,-0.073852,0.010558,-0.026877999999999996
7706,0.737371,-1.430442,-0.939166,0.094057,0.990166,-0.103555,0.074612,-0.671343,0.201434,-0.024003999999999998,0.013297,0.015359000000000001
7707,0.730679,-1.426687,-0.9314819999999999,0.095842,0.989634,-0.10695,0.115167,-0.7213390000000001,0.14837,0.028532,0.035908999999999996,0.044525999999999996
7708,0.719571,-1.423266,-0.929154,0.09688,0.989137,-0.110554,0.107209,-0.62744,0.115077,0.080565,0.06440599999999999,0.058171
7709,0.714507,-1.4210969999999998,-0.9239850000000001,0.097724,0.988816,-0.11266400000000001,0.015394,-0.42781800000000003,0.090679,0.099816,0.08187799999999999,0.05690800000000001
7710,0.722965,-1.421193,-0.909748,0.09861,0.9888299999999999,-0.11176099999999999,-0.125372,-0.198205,0.068037,0.085502,0.06689500000000001,0.048514
7711,0.743069,-1.423281,-0.8876569999999999,0.09944,0.989139,-0.10823599999999998,-0.21518800000000002,-0.030539,0.041557,0.05851900000000001,0.040341,0.051672
7712,0.768012,-1.4263430000000001,-0.8634629999999999,0.100004,0.989585,-0.10354300000000001,-0.234763,0.094287,0.01135,0.039002999999999996,0.013940000000000001,0.04997
7713,0.792359,-1.42975,-0.8417040000000001,0.100094,0.9900690000000001,-0.09871100000000001,-0.224715,0.159371,-0.022846,0.023517,-0.008853,0.045946
7714,0.814496,-1.433255,-0.822924,0.09973,0.990556,-0.094088,-0.209583,0.18495799999999998,-0.040933,0.008454999999999999,-0.018281,0.030702999999999998
7715,0.836052,-1.4366079999999999,-0.8050069999999999,0.09926900000000001,0.9910100000000001,-0.089689,-0.198919,0.185978,-0.038723,-0.010615000000000001,-0.013624,0.012694
7716,0.857068,-1.439606,-0.786799,0.098886,0.9914069999999999,-0.085638,-0.18007,0.118752,-0.026755,-0.028055,-8.9e-05,0.002325
7717,0.867315,-1.4432450000000001,-0.7773869999999999,0.097006,0.991876,-0.082286,-0.15179700000000002,0.012077,-0.014677,-0.033164,0.001898,0.002025
7718,0.881157,-1.4453,-0.762221,0.096564,0.992136,-0.079639,-0.13309200000000002,-0.103021,-0.018672,-0.022025,0.005255,0.007984
7719,0.891893,-1.44723,-0.748304,0.09592200000000001,0.992375,-0.077395,-0.12594,-0.176537,-0.021733000000000002,-0.004156,0.018413,0.008685
7720,0.902825,-1.4492260000000001,-0.733425,0.095207,0.992619,-0.075115,-0.132437,-0.19782,-0.021751,0.009895000000000001,0.024364,-0.006931999999999999
7721,0.9140459999999999,-1.45134,-0.717778,0.09438200000000001,0.9928739999999999,-0.07276,-0.143207,-0.225458,-0.027132,0.022775,0.021103,-0.023903999999999998
7722,0.926911,-1.451833,-0.700225,0.094919,0.9929319999999999,-0.071246,-0.163435,-0.224291,-0.034745,0.042151,0.0035740000000000004,-0.022183
7723,0.942217,-1.454493,-0.680844,0.093862,0.993244,-0.068232,-0.173849,-0.175222,-0.042358,0.045054000000000004,-0.00359,-0.018026
7724,0.9707950000000001,-1.455214,-0.649726,0.095182,0.9933280000000001,-0.065118,-0.174514,-0.088918,-0.045668,0.048052,-0.014034,-0.001838
7725,0.992506,-1.45792,-0.627413,0.094322,0.9936360000000001,-0.061567,-0.186871,0.017624,-0.038413,0.047799,-0.009093,0.016828
7726,1.0375809999999999,-1.45931,-0.583746,0.09581100000000001,0.993792,-0.056552,-0.20786300000000002,0.10289100000000001,-0.031183,0.044036,-0.005495,0.017352
7727,1.07295,-1.461935,-0.551003,0.095458,0.99408,-0.051882000000000005,-0.227913,0.16151300000000002,-0.021784,0.036561,-0.0014349999999999999,0.015109000000000001
7728,1.119186,-1.463566,-0.508207,0.096295,0.9942559999999999,-0.046707,-0.243854,0.189211,-0.00804,0.018146000000000002,0.004218,-0.006851
7729,1.165584,-1.465652,-0.465383,0.096451,0.994477,-0.041373,-0.253523,0.186002,0.003647,0.013244,0.006972,-0.022561
7730,1.203264,-1.46665,-0.430684,0.09701599999999999,0.994582,-0.037354000000000005,-0.255862,0.145504,0.010094,0.007416,0.007951,-0.035477
7731,1.250866,-1.467976,-0.385436,0.09743099999999999,0.994719,-0.03228,-0.230382,0.12620599999999998,0.018841999999999998,0.005993,-0.0007610000000000001,-0.043724
7732,1.276057,-1.468011,-0.362202,0.09818099999999999,0.9947219999999999,-0.029806,-0.193153,0.10687100000000001,0.026606,0.003961999999999999,-0.004427,-0.043223000000000004
7733,1.284216,-1.467859,-0.35533400000000004,0.098565,0.994707,-0.029046,-0.17413800000000001,0.063123,0.027863,-0.005609,-0.00255,-0.033438
7734,1.297258,-1.468693,-0.34269299999999997,0.098136,0.994792,-0.027533999999999996,-0.181721,0.023780000000000003,0.016107,-0.007789,0.001912,-0.012215
7735,1.332875,-1.469554,-0.30724,0.098222,0.9948790000000001,-0.023819999999999997,-0.198747,0.021756,0.00424,-0.001146,0.002801,-0.002654
7736,1.373615,-1.4700879999999998,-0.266975,0.09859,0.994933,-0.019696,-0.20931999999999998,0.040977,0.002006,0.006085,0.004609,-1.8e-05
7737,1.417678,-1.470449,-0.223923,0.09900700000000001,0.9949690000000001,-0.015279,-0.21984499999999998,0.07297200000000001,0.001893,0.010414,0.005717,-0.00062
7738,1.466194,-1.470624,-0.176974,0.099459,0.9949870000000001,-0.010442,-0.23784299999999997,0.102868,0.000663,0.017805,0.001183,0.004476
7739,1.5186540000000002,-1.471012,-0.126699,0.099483,0.9950260000000001,-0.0051920000000000004,-0.25903699999999996,0.1349,0.00047400000000000003,0.020054,0.000824,0.002552
7740,1.574347,-1.470696,-0.0739,0.09993300000000001,0.994994,0.00035499999999999996,-0.278086,0.171178,0.002432,0.011487,0.000566,-0.0062450000000000006
7741,1.634754,-1.470473,-0.01725,0.099949,0.994972,0.0064010000000000004,-0.28531,0.22341100000000003,0.00017900000000000001,0.010555,-0.000175,-0.006142
7742,1.69418,-1.4696790000000002,0.037622,0.100178,0.994892,0.012423,-0.2916,0.24687399999999998,-0.000962,0.007427,0.000424,-0.008029000000000001
7743,1.7547979999999999,-1.468512,0.094037,0.100383,0.9947739999999999,0.018682,-0.298149,0.20538499999999998,-0.009498999999999999,0.005849,0.0055320000000000005,-0.000493
7744,1.81843,-1.4674040000000002,0.154588,0.10006,0.99466,0.025297,-0.308996,0.150093,-0.025527,0.005226,0.008194,0.0012380000000000002
7745,1.8945,-1.466115,0.22843899999999998,0.099064,0.994526,0.033236,-0.308008,0.10758599999999999,-0.052172,-0.0011480000000000001,0.01466,0.028287
7746,1.9561650000000002,-1.4653969999999998,0.2885,0.09748899999999999,0.994451,0.039546,-0.30792600000000003,0.08749900000000001,-0.090601,-0.005875,0.024547,0.053395000000000005
7747,2.0217669999999996,-1.4652040000000002,0.353124,0.094859,0.9944299999999999,0.045936000000000005,-0.31952800000000003,0.054769000000000005,-0.153666,-0.006114,0.029389,0.062966
7748,2.096546,-1.465666,0.42753,0.090765,0.9944790000000001,0.052663999999999996,-0.347012,0.030688999999999998,-0.235012,-0.001714,0.037641,0.118647
7749,2.1888080000000003,-1.466275,0.520291,0.085033,0.9945430000000001,0.060451,-0.42472,-0.016631,-0.32202,0.00594,0.047831,0.169514
7750,2.307281,-1.4658930000000001,0.640495,0.077574,0.994503,0.070333,-0.550495,-0.079749,-0.41254799999999997,0.008425,0.052052,0.183085
7751,2.452646,-1.463079,0.7890189999999999,0.068346,0.9942040000000001,0.082988,-0.696449,-0.128922,-0.509644,-0.009767,0.097959,0.22530100000000003
7752,2.6152580000000003,-1.457039,0.9548209999999999,0.057025,0.9935370000000001,0.098149,-0.8088029999999999,-0.08012899999999999,-0.6258600000000001,-0.009051,0.11031500000000001,0.218639
7753,2.779267,-1.4475639999999999,1.1218620000000001,0.043569,0.992417,0.11494000000000001,-0.8681979999999999,-0.097647,-0.722392,-0.006017,0.052277,0.18108
7754,2.927202,-1.434921,1.271707,0.028819,0.990783,0.132356,-0.8845870000000001,0.025034,-0.751506,0.042408999999999995,-0.001998,0.10702300000000001
7755,3.048147,-1.419557,1.391335,0.014058000000000001,0.988585,0.150005,-0.88836,0.17721099999999998,-0.7089979999999999,0.09225,-0.016738,0.039310000000000005
7756,-3.141336,-1.40247,1.482,-4.3e-05,0.985866,0.167533,-0.8830399999999999,0.214315,-0.668416,0.083859,-0.01823,0.035989
7757,-3.06498,-1.384983,1.554804,-0.01414,0.982786,0.184204,-0.809154,0.259924,-0.682914,0.0037939999999999996,-0.050047,-0.005584
7758,-2.9908330000000003,-1.371105,1.621485,-0.029792000000000003,0.9801280000000001,0.196117,-0.460797,0.573128,-0.727889,-0.06585,-0.158762,-0.183635
7759,-2.907699,-1.3656,1.69029,-0.047225,0.9790209999999999,0.198211,0.055787,0.8663709999999999,-0.71611,-0.050539,-0.192919,-0.237533
7760,-2.826613,-1.3690579999999999,1.7583790000000001,-0.062075,0.97972,0.19051400000000002,0.5187579999999999,0.5614819999999999,-0.52982,0.02611,-0.22379899999999997,-0.254449
7761,-2.761289,-1.379787,1.8199029999999998,-0.07047300000000001,0.9818129999999999,0.176286,0.796145,0.078086,-0.297595,0.123573,-0.152193,-0.18419000000000002
7762,-2.710802,-1.395675,1.8744330000000002,-0.072756,0.9847049999999999,0.15830999999999998,1.001408,-0.281605,-0.036122,0.15196400000000002,-0.10711099999999998,-0.138534
7763,-2.6770490000000002,-1.4163649999999999,1.917415,-0.068913,0.988099,0.137518,1.114477,-0.50461,0.22239499999999998,0.21660300000000002,0.009154,0.011897
7764,-2.659479,-1.4384780000000001,1.946593,-0.061171,0.991259,0.11689400000000001,1.032441,-0.585811,0.353317,0.204069,0.190077,0.187305
7765,-2.652146,-1.457662,1.9658259999999999,-0.053075,0.993607,0.099639,0.823533,-0.56899,0.324062,0.16657,0.22589099999999998,0.257646
7766,-2.6322900000000002,-1.474645,1.9942060000000001,-0.046808999999999996,0.995381,0.08382,0.853877,-0.291862,0.258758,0.088877,0.110652,0.235119
7767,-2.588828,-1.49308,2.039288,-0.040764,0.9969819999999999,0.066076,0.8849520000000001,0.049686,0.333313,0.12398499999999998,0.06825,0.15523699999999999
7768,-2.550385,-1.511097,2.0726430000000002,-0.033255,0.9982190000000001,0.049538,0.782574,0.389492,0.426166,0.128485,0.072765,0.112755
7769,-2.538973,-1.528001,2.072088,-0.024249,0.999084,0.035246,0.630067,0.7125100000000001,0.49839399999999995,0.127322,0.15094000000000002,0.035219
7770,-2.602359,-1.541772,1.991702,-0.014902,0.9995790000000001,0.024903,0.43261400000000005,0.908241,0.473263,0.059595,0.083749,0.056259
7771,-2.761875,-1.552219,1.813751,-0.006886,0.999827,0.017254,0.352896,0.8896870000000001,0.387272,-0.014065000000000001,0.012273000000000001,0.057163
7772,-3.118097,-1.56112,1.442861,-0.000227,0.9999530000000001,0.009673000000000001,0.40431,0.62773,0.31746399999999997,-0.14261,-0.10418599999999999,-0.013732
7773,1.643615,-1.565624,-0.088421,0.005162,0.9999870000000001,0.000377,0.5050859999999999,0.42103,0.239385,-0.166081,-0.162523,-0.15475
7774,0.637363,-1.55691,-1.101537,0.008265,0.9999040000000001,-0.011161,0.624628,0.291217,0.098312,-0.142542,-0.13880399999999998,-0.165474
7775,0.33482199999999995,-1.5445799999999998,-1.407145,0.008612999999999999,0.999656,-0.024756,0.701972,0.047498,-0.025817000000000003,-0.080803,-0.032783,-0.134164
7776,0.193546,-1.5309139999999999,-1.5455969999999999,0.007669,0.9992049999999999,-0.039126,0.729449,-0.26465700000000003,-0.042317,-0.0070739999999999996,0.038774,-0.033643
7777,0.123651,-1.516191,-1.606242,0.006731,0.99851,-0.054161,0.757811,-0.572733,-0.01395,0.001295,0.021876,-0.001198
7778,0.085977,-1.5012290000000001,-1.63204,0.0059689999999999995,0.9975809999999999,-0.069254,0.739694,-0.550372,0.004055,-0.000918,-0.008598,0.052683
7779,0.07114,-1.4877,-1.640396,0.0059,0.99655,-0.08279,0.6281640000000001,-0.171935,0.034837,0.077764,0.005571,0.108196
7780,0.081201,-1.477109,-1.6305290000000001,0.007587999999999999,0.9956149999999999,-0.09324199999999999,0.464606,0.075448,0.116699,0.12481199999999999,0.015341,0.132961
7781,0.110482,-1.4690450000000002,-1.601794,0.011198999999999999,0.994828,-0.100957,0.351756,-0.0119,0.213231,0.17511,0.00801,0.06436599999999999
7782,0.14999300000000002,-1.4620469999999999,-1.560585,0.016218,0.994093,-0.10731600000000001,0.308448,-0.089766,0.276054,0.068575,0.005801,-0.016569999999999998
7783,0.185095,-1.45492,-1.5244090000000001,0.021278000000000002,0.993294,-0.113642,0.323984,0.006205,0.23865100000000003,0.014931,0.005333,-0.028508999999999996
7784,0.205393,-1.447675,-1.506162,0.025047,0.9924299999999999,-0.120229,0.34221799999999997,0.161026,0.13389500000000001,-0.042641000000000005,0.002275,-0.016886
7785,0.20854699999999998,-1.4404549999999998,-1.507249,0.026909,0.991518,-0.127156,0.35902199999999995,0.23807399999999998,0.032432,-0.037239,0.001387,0.004399
7786,0.204096,-1.4337030000000002,-1.516784,0.027699,0.990617,-0.133827,0.327165,0.24044000000000001,0.001228,-0.008320999999999999,-0.012163,0.019234
7787,0.20057,-1.427944,-1.524009,0.028363,0.989814,-0.139513,0.27326100000000003,0.132967,0.018081,-0.0029579999999999997,0.01162,0.032838
7788,0.198418,-1.422852,-1.527225,0.029056,0.9890760000000001,-0.144513,0.248133,0.013696000000000002,0.029809,-0.019077,0.01541,0.032376
7789,0.19426,-1.418029,-1.5311,0.029376,0.9883540000000001,-0.149312,0.23950700000000003,-0.026673000000000002,0.009504,-0.035617,0.022465,0.031972
7790,0.18700799999999998,-1.413334,-1.537858,0.029155,0.9876280000000001,-0.154078,0.24065999999999999,-0.031905,-0.01505,-0.050532,0.032086,0.026957
7791,0.17812999999999998,-1.408803,-1.5457299999999998,0.028577999999999996,0.986908,-0.158734,0.228723,-0.082971,-0.021478,-0.040373,0.022446,0.019466999999999998
7792,0.168,-1.404565,-1.552671,0.027668,0.986215,-0.16313699999999998,0.211054,-0.21394699999999997,-0.019296999999999998,-0.029651,0.012487999999999999,0.014196
7793,0.156201,-1.400483,-1.558758,0.026367,0.985532,-0.167427,0.211627,-0.322612,-0.018085,-0.006546,0.002597,-0.0017010000000000003
7794,0.14466700000000002,-1.39632,-1.5639239999999999,0.025026,0.9848180000000001,-0.171779,0.21486599999999997,-0.309857,-0.013806,0.00981,0.001541,0.017024
7795,0.135489,-1.392362,-1.5676940000000001,0.023974000000000002,0.984123,-0.175862,0.18946300000000002,-0.246989,0.004096,0.024503,0.004219,0.032506
7796,0.139443,-1.3917030000000001,-1.559819,0.02476,0.9840059999999999,-0.17640799999999998,0.151293,-0.173423,0.0219,0.017568,0.005389,0.042573
7797,0.138482,-1.388907,-1.558288,0.02497,0.983504,-0.17915599999999998,0.132358,-0.097786,0.037694,-0.0020510000000000003,0.017808,0.034502
7798,0.140085,-1.3862510000000001,-1.554917,0.025622000000000002,0.9830200000000001,-0.181702,0.12487100000000001,-0.08610599999999999,0.05365,-0.041826,0.014402000000000002,0.016099000000000002
7799,0.12369000000000001,-1.384873,-1.568933,0.022806,0.982766,-0.183442,0.112028,-0.11262,0.035421,-0.059672,0.008628,0.0035399999999999997
7800,0.12123099999999999,-1.382563,-1.568733,0.02263,0.9823360000000001,-0.185751,0.118405,-0.149799,0.0034659999999999995,-0.064836,0.008219,0.000997
7801,0.114873,-1.38,-1.571533,0.021737,0.9818540000000001,-0.188391,0.135374,-0.193449,-0.017724,-0.057046000000000006,0.007526000000000001,0.006613
7802,0.10782,-1.377401,-1.574559,0.020682,0.9813569999999999,-0.191076,0.126719,-0.214746,-0.012416,-0.022177000000000002,0.030728,0.009573
7803,0.101132,-1.3752149999999999,-1.576435,0.01962,0.980935,-0.19334300000000001,0.10298,-0.263709,-0.001836,-0.015546,0.019691,0.021529
7804,0.094551,-1.3733520000000001,-1.576518,0.01852,0.9805709999999999,-0.195287,0.085387,-0.363847,0.014191999999999998,-0.031429,-0.003963,0.023901
7805,0.08770599999999999,-1.371836,-1.574659,0.017313,0.980273,-0.19689,0.064575,-0.467175,0.031271,-0.101496,0.015913,-0.00445
7806,0.059273,-1.371833,-1.592897,0.011709,0.9802719999999999,-0.19730599999999998,0.039896,-0.48843400000000003,0.040721,-0.081624,0.021238999999999997,0.008783
7807,0.052712,-1.37089,-1.589609,0.010463,0.980085,-0.198302,0.052756,-0.48630500000000004,0.030126,-0.08037799999999999,0.021425,0.009779000000000001
7808,0.044367000000000004,-1.369581,-1.5875569999999999,0.008864,0.979824,-0.199664,0.07282999999999999,-0.5364180000000001,0.023921,-0.025023,-0.01379,-0.0021190000000000002
7809,0.032861,-1.36775,-1.588247,0.006625,0.979457,-0.201545,0.086768,-0.525837,0.019726,-0.012088,0.028950999999999998,-0.010674
7810,0.024901,-1.365707,-1.587218,0.005071,0.979043,-0.203592,0.1109,-0.388462,0.010105,-0.010533,0.029365,-0.008628
7811,0.019374000000000002,-1.363328,-1.586804,0.00399,0.978556,-0.20594400000000002,0.11904400000000001,-0.242529,0.0057020000000000005,0.034752,0.037634,0.008022
7812,0.016281999999999998,-1.363333,-1.586431,0.0033539999999999998,0.978556,-0.20595100000000002,0.081114,-0.139047,0.001031,0.0015140000000000002,0.044606,0.021838999999999997
7813,0.015028,-1.3621510000000001,-1.586757,0.003113,0.9783120000000001,-0.207112,0.048803,0.023018,-0.00688,0.001755,0.04485,0.022999000000000002
7814,0.015825,-1.361448,-1.5882379999999998,0.0032890000000000003,0.978167,-0.207796,0.023755000000000002,0.137129,-0.016815,-0.030358,0.028852,0.009692000000000001
7815,-0.010804000000000001,-1.3603299999999998,-1.615934,-0.002257,0.977934,-0.208904,0.016783000000000003,0.033722,0.007816,-0.090288,0.015276,-0.015858
7816,-0.010177,-1.3597299999999999,-1.614064,-0.002132,0.977808,-0.20949099999999998,0.039554,-0.10809500000000001,0.022044,-0.090412,0.015402,-0.015271000000000002
7817,-0.010893,-1.358616,-1.611919,-0.002294,0.9775739999999999,-0.210579,0.064948,-0.153995,0.023349,-0.100703,-0.027683999999999997,-0.022072
7818,-0.010870999999999999,-1.357105,-1.608308,-0.002305,0.9772549999999999,-0.212056,0.08066799999999999,-0.192498,0.048076999999999995,-0.072493,-0.027654,-0.01063
7819,-0.009092,-1.3552680000000001,-1.6013600000000001,-0.0019440000000000002,0.976864,-0.213854,0.09604800000000001,-0.289659,0.08996900000000001,-0.034555,-0.00053,-0.000165
7820,-0.005972,-1.3535409999999999,-1.5912030000000001,-0.001287,0.976493,-0.215547,0.079657,-0.351487,0.114503,-0.02418,0.042871,-0.001662
7821,-0.0017239999999999998,-1.352537,-1.5809090000000001,-0.000373,0.976276,-0.21653000000000003,0.028964999999999998,-0.242625,0.1076,-0.019021,0.039715,0.012703
7822,0.0040950000000000005,-1.352692,-1.571122,0.000886,0.976309,-0.21637699999999999,-0.026229000000000002,-0.177458,0.109268,-0.004335,0.030983999999999998,0.021599
7823,0.009916,-1.353375,-1.560837,0.002139,0.976457,-0.215702,-0.036056,-0.22961399999999998,0.107129,-0.026385000000000002,0.033614,-0.008907
7824,0.0026920000000000004,-1.353176,-1.56351,0.0005809999999999999,0.9764139999999999,-0.215906,-0.038845,-0.17194700000000002,0.073913,-0.036789999999999996,0.012493,-0.016225999999999997
7825,0.0047409999999999996,-1.354171,-1.559125,0.001019,0.976628,-0.214932,-0.056415999999999994,-0.0865,0.033088,-0.023114,0.008738,-0.010989
7826,0.00565,-1.355456,-1.5567600000000001,0.001207,0.9769040000000001,-0.213677,-0.061616,-0.057714999999999995,0.031945999999999995,0.017561,0.011988,-0.000359
7827,0.020832,-1.357481,-1.5411700000000002,0.00441,0.977334,-0.211655,-0.074312,-0.009826999999999999,0.055305999999999994,0.038986,0.005225,0.009583
7828,0.027682,-1.358949,-1.534189,0.0058200000000000005,0.9776440000000001,-0.210186,-0.07223099999999999,0.004973,0.08200700000000001,0.034097,0.00371,0.005961999999999999
7829,0.036335,-1.3602459999999998,-1.525626,0.007592,0.977916,-0.20886,-0.066863,0.018778,0.088436,0.028707999999999997,0.007954000000000001,0.008833
7830,0.050387,-1.3624450000000001,-1.5118770000000001,0.010418,0.9783729999999999,-0.206585,-0.06468600000000001,0.016691,0.07564,0.0098,0.008001000000000001,0.028789999999999996
7831,0.057865,-1.3637270000000001,-1.504402,0.011890000000000001,0.9786379999999999,-0.205249,-0.07224,-0.0024579999999999997,0.075611,0.004879,0.001114,0.028674
7832,0.06714500000000001,-1.3667040000000001,-1.494332,0.013599000000000002,0.979245,-0.202222,-0.072501,-0.049368,0.085284,0.007825,-0.004543999999999999,0.021573
7833,0.078902,-1.3682530000000002,-1.481101,0.015856,0.979558,-0.200536,-0.056677,-0.08353300000000001,0.090782,0.013884,0.011042,0.005879
7834,0.08620499999999999,-1.369335,-1.4714690000000001,0.017228999999999998,0.979775,-0.19935899999999998,-0.063184,-0.102702,0.09503400000000001,0.015212,0.036414,-0.001859
7835,0.107548,-1.3702450000000002,-1.448587,0.021383000000000003,0.979957,-0.19805899999999999,-0.060860000000000004,-0.060098,0.095006,0.029169,-0.016395,0.006744
7836,0.126986,-1.3711879999999999,-1.428618,0.025112,0.980144,-0.196688,-0.053202,-0.01433,0.098213,0.036717,-0.022396,0.009356
7837,0.15446,-1.372054,-1.400601,0.030375,0.980316,-0.19508599999999998,-0.047063,-0.052778,0.11754500000000001,0.029057999999999997,0.005158,0.005541
7838,0.173244,-1.372875,-1.380108,0.033895,0.980477,-0.193689,-0.034427,-0.08797999999999999,0.118752,0.013575,0.01406,0.005777
7839,0.183032,-1.373235,-1.368575,0.035725,0.980548,-0.193,-0.04278,-0.064446,0.10157200000000001,0.006664,0.013211,0.002815
7840,0.205864,-1.374268,-1.345125,0.039915,0.98075,-0.191142,-0.044631,-0.018559,0.08335,0.036272000000000006,0.013969999999999998,0.011852
7841,0.214984,-1.374817,-1.335758,0.041542,0.980857,-0.190245,-0.046682999999999995,0.0038020000000000003,0.08757999999999999,0.05024,0.008934000000000001,0.032286
7842,0.225796,-1.375375,-1.325127,0.043473000000000005,0.980966,-0.189251,-0.055170000000000004,0.026156,0.099242,0.044738,-0.0022670000000000004,0.037777
7843,0.24758400000000003,-1.377048,-1.3037450000000002,0.047184,0.981289,-0.186668,-0.062721,0.013383,0.10348399999999999,0.026927999999999997,0.008731000000000001,0.027488
7844,0.258782,-1.3776540000000002,-1.292059,0.049119,0.981406,-0.185553,-0.054339,-0.027101,0.097186,0.000304,0.00921,0.007634999999999999
7845,0.262625,-1.3780780000000001,-1.287009,0.049724000000000004,0.9814870000000001,-0.18495999999999999,-0.046918,-0.056878,0.078044,-0.020427,0.008503,-0.009025
7846,0.26953699999999997,-1.378594,-1.2787979999999999,0.050866,0.9815860000000001,-0.184124,-0.045784,-0.055761,0.064164,-0.00689,0.009686,-0.016621
7847,0.27822800000000003,-1.378541,-1.2689350000000001,0.052479,0.981576,-0.183725,-0.037205,-0.05363099999999999,0.056746000000000005,0.016079,0.011237,-0.010657
7848,0.283563,-1.378871,-1.262597,0.05336799999999999,0.9816389999999999,-0.183132,-0.033894,-0.035507,0.050337,0.033898000000000005,0.008519,-0.005086
7849,0.288833,-1.379375,-1.257048,0.054190999999999996,0.981735,-0.182374,-0.04217,0.011438,0.039537,0.039330000000000004,0.014130000000000002,0.005219
7850,0.30294,-1.3801450000000002,-1.244122,0.05653300000000001,0.981881,-0.18087,-0.050319,0.085023,0.026572000000000002,0.035356,0.019233,0.010292
7851,0.30909000000000003,-1.38115,-1.2404540000000002,0.057344000000000006,0.9820709999999999,-0.179579,-0.061709,0.149031,0.013591999999999998,0.041045,0.012528000000000001,0.019087
7852,0.325321,-1.382682,-1.227856,0.059770000000000004,0.982359,-0.177198,-0.072185,0.18956199999999998,0.010268000000000001,0.035826,0.000246,0.018782
7853,0.332835,-1.383973,-1.224176,0.060685,0.982599,-0.175546,-0.071123,0.190615,0.012411,0.023558000000000003,0.0028899999999999998,0.018212
7854,0.340055,-1.3851229999999999,-1.2203,0.061574000000000004,0.9828120000000001,-0.174037,-0.06168,0.15755,0.014656,0.019465,0.002799,0.014476
7855,0.35087199999999996,-1.3862430000000001,-1.21228,0.063075,0.9830180000000001,-0.172327,-0.041555,0.127643,0.016973,0.015691,0.003935,0.011774
7856,0.363157,-1.387342,-1.202589,0.064803,0.9832190000000001,-0.17053,-0.029814,0.126551,0.013856,0.011506,-0.004383,0.014661000000000002
7857,0.386669,-1.388751,-1.182043,0.068272,0.983475,-0.167676,-0.025503,0.139317,0.014948,0.032131,0.014205,0.018078
7858,0.399675,-1.389167,-1.171953,0.070288,0.9835510000000001,-0.166397,-0.019086000000000002,0.143556,0.014991999999999998,0.034006,0.011017,0.016525
7859,0.418042,-1.389902,-1.156834,0.073038,0.983683,-0.164417,-0.022143,0.16385999999999998,0.002134,0.024786000000000002,0.015355,0.016193
7860,0.432327,-1.391229,-1.1464729999999999,0.07483200000000001,0.9839209999999999,-0.162171,-0.027202999999999998,0.20439000000000002,-0.019322,0.022778,0.024685,0.020919999999999998
7861,0.44137,-1.392598,-1.142108,0.07572000000000001,0.984165,-0.16027,-0.035531,0.23856,-0.03224,0.022836000000000002,0.021863,0.02349
7862,0.45533999999999997,-1.39441,-1.133475,0.077167,0.984484,-0.157595,-0.036407,0.267387,-0.047233,0.023388,0.003461,0.020845
7863,0.468077,-1.395859,-1.126522,0.078525,0.9847370000000001,-0.155326,-0.034158,0.283402,-0.057914,0.027768,0.007648,0.015799
7864,0.47436000000000006,-1.39683,-1.126139,0.07906200000000001,0.984906,-0.153979,-0.024524,0.287643,-0.061054,0.028954,0.008990999999999999,0.010134
7865,0.484354,-1.397601,-1.122,0.080243,0.9850389999999999,-0.152508,-0.018159,0.28016399999999997,-0.06099500000000001,0.024523,0.005424,0.009839
7866,0.496522,-1.398765,-1.115821,0.08154700000000001,0.985239,-0.15051199999999998,-0.013824000000000001,0.29082399999999997,-0.066313,0.020733,0.005758,0.016493999999999998
7867,0.49618199999999996,-1.3995440000000001,-1.122502,0.081131,0.9853719999999999,-0.149866,-0.002997,0.323819,-0.06841599999999999,0.021149,0.005625,0.015847999999999998
7868,0.5047689999999999,-1.400164,-1.120675,0.08211900000000001,0.9854780000000001,-0.148628,0.00018600000000000002,0.322734,-0.066251,0.023594,0.006817,0.011284
7869,0.510977,-1.40094,-1.121033,0.082666,0.9856090000000001,-0.147449,0.005489,0.318447,-0.064069,0.0050869999999999995,0.0051140000000000005,0.006122
7870,0.511675,-1.401514,-1.12719,0.082492,0.985706,-0.146897,0.010971,0.350391,-0.065139,0.005414,0.008251999999999999,0.005235
7871,0.514405,-1.401772,-1.131834,0.082767,0.985749,-0.14645,0.014209999999999999,0.358902,-0.065125,0.008846,0.005751,-0.000644
7872,0.513364,-1.402111,-1.1396540000000002,0.082451,0.985806,-0.146245,0.020457,0.319486,-0.070372,-0.004843999999999999,0.0044280000000000005,-0.000545
7873,0.508726,-1.402599,-1.150774,0.081537,0.9858879999999999,-0.146207,0.023749,0.322739,-0.08744600000000001,-0.010111,-0.000338,-0.000797
7874,0.502027,-1.403541,-1.164217,0.080109,0.9860450000000001,-0.14593499999999998,0.016434,0.333512,-0.11101300000000001,-0.0034490000000000002,0.009392,0.002777
7875,0.49776800000000004,-1.4042139999999999,-1.175141,0.07917,0.986157,-0.14569200000000002,0.023844,0.314337,-0.117344,0.00927,-0.0035670000000000003,-0.001448
7876,0.490587,-1.404475,-1.188659,0.078001,0.9862,-0.14603,0.037642,0.306797,-0.10869200000000001,0.006335,-0.006342,-0.006268
7877,0.483833,-1.404353,-1.201901,0.077069,0.98618,-0.14665999999999998,0.039767000000000004,0.321635,-0.09160399999999999,0.0016359999999999999,0.005458,-0.007775
7878,0.47792299999999993,-1.404398,-1.214466,0.07618,0.986188,-0.147073,0.042892,0.322617,-0.073425,-0.00663,0.012714,0.0009699999999999999
7879,0.47346400000000005,-1.4043379999999999,-1.225172,0.07555,0.9861780000000001,-0.147464,0.05875,0.299091,-0.064739,-0.009541,0.005811,0.006046
7880,0.465563,-1.404433,-1.2390510000000001,0.07434099999999999,0.986194,-0.147972,0.065126,0.28949899999999995,-0.068958,-0.017547,-0.00044500000000000003,0.013068999999999999
7881,0.458013,-1.404404,-1.252466,0.07323400000000001,0.986189,-0.148555,0.068373,0.28422600000000003,-0.084953,-0.017325999999999998,0.002291,0.014888
7882,0.448887,-1.404625,-1.267552,0.071781,0.986225,-0.14902100000000001,0.063171,0.299219,-0.099965,-0.018772,0.010906,0.017429
7883,0.437183,-1.405619,-1.2859260000000001,0.069617,0.986389,-0.14896199999999998,0.060192999999999997,0.333383,-0.11605599999999999,-0.019537,0.005737,0.01348
7884,0.425437,-1.406033,-1.304658,0.06769299999999999,0.9864569999999999,-0.149397,0.048514,0.333475,-0.128959,-0.018408,0.0078049999999999994,0.005538
7885,0.41143199999999996,-1.40635,-1.325061,0.06547,0.986509,-0.150044,0.059087,0.305767,-0.13526,-0.018915,0.008166,0.00031
7886,0.386119,-1.406476,-1.356589,0.061604,0.9865299999999999,-0.151538,0.052654,0.306821,-0.126769,-0.031041000000000003,0.005658,-0.018581999999999998
7887,0.370313,-1.406228,-1.378267,0.059289999999999995,0.986489,-0.152721,0.049302,0.268499,-0.131019,-0.026345999999999998,0.009223,-0.02393
7888,0.353236,-1.405883,-1.4003709999999998,0.056790999999999994,0.986433,-0.154031,0.056614,0.224831,-0.13946,-0.022139,-0.003293,-0.02735
7889,0.336047,-1.405123,-1.422002,0.054383,0.986308,-0.155692,0.054516999999999996,0.234418,-0.137352,-0.005051,-0.0039770000000000005,-0.017769999999999998
7890,0.32392,-1.404289,-1.43966,0.052752,0.9861700000000001,-0.15712,0.065273,0.271592,-0.119164,0.003339,-0.013315,-0.017227000000000003
7891,0.313927,-1.4029120000000002,-1.454874,0.051599,0.985941,-0.15893,0.06598899999999999,0.23095500000000002,-0.080652,-0.0056240000000000005,-0.0086,-0.013493999999999999
7892,0.30141799999999996,-1.402033,-1.471431,0.049864,0.985793,-0.160391,0.079623,0.19886700000000002,-0.060223,-0.030744999999999998,0.0063939999999999995,-0.004068
7893,0.28886799999999996,-1.401527,-1.488077,0.047989,0.985708,-0.161482,0.084984,0.200996,-0.064466,-0.054810000000000005,0.012048999999999999,0.012434
7894,0.27426500000000004,-1.401076,-1.506544,0.045747,0.985632,-0.16259400000000002,0.093503,0.179733,-0.082544,-0.063248,0.0029850000000000002,0.023525
7895,0.264689,-1.399813,-1.5194219999999998,0.044513,0.985418,-0.164226,0.08171,0.158503,-0.091145,-0.053119000000000006,0.013743,0.037517
7896,0.249323,-1.399549,-1.53836,0.042049,0.9853729999999999,-0.165143,0.087065,0.16911600000000002,-0.085784,-0.048274,0.001749,0.024121
7897,0.241242,-1.398268,-1.549091,0.041014,0.9851540000000001,-0.166702,0.084509,0.09447799999999999,-0.066478,-0.055402999999999994,0.0018149999999999998,0.018524000000000002
7898,0.224595,-1.397449,-1.566638,0.038413,0.9850129999999999,-0.168149,0.08943999999999999,0.020891999999999997,-0.050332,-0.063972,0.009051,0.008221
7899,0.217194,-1.395781,-1.574208,0.037522,0.9847239999999999,-0.170032,0.099955,-0.006868000000000001,-0.043814,-0.065751,0.0018789999999999998,-0.008541
7900,0.20940799999999998,-1.39391,-1.581137,0.03658,0.9843959999999999,-0.172121,0.105977,-0.081497,-0.034062,-0.05325800000000001,0.00535,-0.00836
7901,0.19564,-1.391802,-1.592862,0.03461,0.984023,-0.174644,0.109025,-0.107108,-0.025466,-0.037462999999999996,-0.00122,-0.017968
7902,0.183126,-1.3896819999999999,-1.6026040000000001,0.032802,0.983643,-0.17711400000000002,0.09806000000000001,-0.157203,-0.009459,-0.040675,-0.005311,-0.01095
7903,0.17697000000000002,-1.387745,-1.605038,0.032046,0.9832930000000001,-0.17918800000000001,0.099959,-0.201981,-0.001911,-0.040454000000000004,0.0015550000000000002,-0.010707
7904,0.170511,-1.385781,-1.607251,0.031216000000000004,0.982934,-0.181293,0.09883,-0.21900799999999998,-0.005102000000000001,-0.038265,0.005668,-0.016186000000000002
7905,0.151033,-1.383192,-1.6220860000000001,0.028061000000000003,0.982454,-0.184382,0.093475,-0.22749899999999998,-0.008341,-0.038178,0.010771,-0.021932
7906,0.144204,-1.381441,-1.623859,0.027049,0.982126,-0.186272,0.08682999999999999,-0.275439,-0.001917,-0.037166000000000005,0.011099,-0.020041999999999997
7907,0.125056,-1.378806,-1.6367450000000001,0.0238,0.981626,-0.189323,0.085575,-0.312741,0.0034549999999999997,-0.038235000000000005,0.008867,-0.031715
7908,0.11241099999999998,-1.37659,-1.642814,0.021648,0.981201,-0.19177,0.070551,-0.33399,0.002305,-0.034145,0.012145999999999999,-0.030108
7909,0.097871,-1.373867,-1.650318,0.019119,0.980672,-0.194722,0.06410700000000001,-0.343559,0.003336,-0.017639,0.014338,-0.031871
7910,0.08681699999999999,-1.371243,-1.654496,0.017188,0.9801549999999999,-0.197485,0.063079,-0.341403,-0.002017,-0.007453,0.00335,-0.02389
7911,0.07783999999999999,-1.368745,-1.6568939999999999,0.015605,0.979657,-0.200072,0.055684000000000004,-0.31698000000000004,0.0075060000000000005,-0.00674,0.006885,-0.029924
7912,0.070252,-1.36658,-1.658434,0.014235,0.9792200000000001,-0.2023,0.047264,-0.292448,0.007415000000000001,-0.006774,0.012494,-0.022446999999999998
7913,0.06295,-1.364922,-1.659875,0.01286,0.978883,-0.204018,0.037727,-0.283871,0.001995,-0.003476,0.01599,-0.015816
7914,0.053132000000000006,-1.363328,-1.6640220000000001,0.010939,0.978556,-0.205693,0.031387,-0.277431,-0.004469,-0.01184,0.008931999999999999,-0.013958000000000002
7915,0.045812,-1.362595,-1.666019,0.009466,0.978404,-0.206483,0.028317000000000002,-0.251841,-0.007729000000000001,-0.00968,0.006444,-0.00804
7916,0.037989,-1.361817,-1.6691790000000002,0.007879,0.978243,-0.207312,0.024127000000000003,-0.23053800000000002,-0.003515,-0.011358,0.001707,-0.005899000000000001
7917,0.024799,-1.361324,-1.6771200000000002,0.005156,0.978141,-0.20788,0.014334,-0.267811,0.0018,-0.031478,0.011346,-0.006033
7918,0.014950999999999999,-1.361049,-1.681071,0.003113,0.978083,-0.20819000000000001,0.012071,-0.301872,-0.003517,-0.035568,0.014103999999999998,-0.004274
7919,0.00037799999999999997,-1.360909,-1.6893939999999998,7.900000000000001e-05,0.9780540000000001,-0.20834899999999998,0.006751000000000001,-0.305025,-0.009965,-0.033404,0.009235,0.00032599999999999996
7920,-0.016215,-1.361097,-1.69917,-0.003375,0.978094,-0.208139,0.002248,-0.351905,-0.004603,-0.02847,0.020152,0.000543
7921,-0.027426,-1.361243,-1.702639,-0.005704,0.978124,-0.207945,-0.003278,-0.397681,-0.007790000000000001,-0.027956,0.022105,0.0026379999999999997
7922,-0.040038,-1.361858,-1.7076189999999998,-0.008303,0.978252,-0.20725500000000002,-0.010528000000000001,-0.351837,-0.011106999999999999,-0.015028,0.018498,0.008128
7923,-0.047824,-1.362198,-1.7090310000000002,-0.0099,0.9783219999999999,-0.206852,-0.025324,-0.310282,-0.000582,0.00253,0.00468,-0.003841
7924,-0.053608,-1.362552,-1.7083419999999998,-0.011078,0.9783950000000001,-0.206445,-0.019091,-0.331673,0.015512,-0.001099,0.006208,-0.005622
7925,-0.062270000000000006,-1.362384,-1.7102490000000001,-0.012875999999999999,0.978361,-0.206506,-0.009506,-0.326419,0.025183,-0.015109000000000001,0.008135,-0.009055
7926,-0.06750700000000001,-1.36249,-1.709052,-0.01395,0.978383,-0.20633200000000002,-0.0051909999999999994,-0.316842,0.024131,-0.011868,0.015513999999999998,-0.005842
7927,-0.072143,-1.362723,-1.7073450000000001,-0.01489,0.9784309999999999,-0.206038,0.001248,-0.307282,0.025232,-0.004382,0.00895,0.01103
7928,-0.075674,-1.36372,-1.705212,-0.015544,0.9786360000000001,-0.20501100000000003,-0.00496,-0.26358400000000004,0.025131999999999998,0.000788,0.009340000000000001,0.020456000000000002
7929,-0.078032,-1.363876,-1.7023490000000001,-0.016015,0.978668,-0.20482199999999998,-0.003932,-0.262561,0.034752,0.002694,0.013336,0.017566
7930,-0.084098,-1.364892,-1.7029330000000003,-0.017174000000000002,0.978876,-0.20373,-0.016722,-0.258261,0.035722000000000004,-0.020347999999999998,0.023916,0.014306999999999999
7931,-0.092329,-1.366396,-1.7062869999999999,-0.018713999999999998,0.979183,-0.20211500000000002,-0.027169,-0.219829,0.023844999999999998,-0.028542,0.025256999999999998,0.015546
7932,-0.10015299999999999,-1.367246,-1.7095259999999999,-0.020212,0.979355,-0.20113499999999998,-0.033537,-0.23250900000000002,0.003518,-0.034979,0.025207,0.006585
7933,-0.11476099999999999,-1.369011,-1.718936,-0.02295,0.9797100000000001,-0.1991,-0.05063,-0.255811,-0.015806,-0.033599000000000004,0.030635000000000003,0.022633
7934,-0.12801400000000002,-1.370857,-1.727725,-0.025355000000000003,0.980079,-0.196985,-0.069496,-0.199209,-0.035242,-0.017353999999999998,0.021966,0.006295
7935,-0.137855,-1.372067,-1.733498,-0.02713,0.980318,-0.195551,-0.07282000000000001,-0.22689499999999999,-0.035231,-0.009231999999999999,0.009290000000000001,-0.0067659999999999994
7936,-0.14995,-1.372923,-1.740427,-0.029367,0.9804870000000001,-0.194379,-0.063395,-0.265282,-0.034049,-0.013113,0.006116,-0.006854000000000001
7937,-0.161748,-1.3736959999999998,-1.747365,-0.031537,0.9806389999999999,-0.193271,-0.059997,-0.23434899999999997,-0.046885,-0.004978,0.00894,-0.008313
7938,-0.17068599999999998,-1.3744299999999998,-1.751802,-0.033139999999999996,0.9807819999999999,-0.192271,-0.042922,-0.231221,-0.044633,0.009093,0.010398000000000001,-0.006520000000000001
7939,-0.176656,-1.37543,-1.753745,-0.034115,0.9809770000000001,-0.191105,-0.052365999999999996,-0.189667,-0.03834,0.01495,0.007579000000000001,0.0024760000000000003
7940,-0.18039000000000002,-1.377048,-1.7544560000000002,-0.034544,0.98129,-0.189414,-0.061815999999999996,-0.14493499999999998,-0.027779,0.018949,0.010822,0.006293
7941,-0.18445599999999998,-1.378305,-1.755769,-0.035088,0.9815309999999999,-0.18805999999999998,-0.065055,-0.142836,-0.01712,0.017311,0.006673999999999999,-0.000509
7942,-0.188151,-1.379509,-1.756733,-0.035561,0.9817600000000001,-0.18676700000000002,-0.070384,-0.137507,-0.01289,0.004006,-0.00059,-0.003556
7943,-0.193125,-1.3800649999999999,-1.7591459999999999,-0.036385,0.981866,-0.186052,-0.06711900000000001,-0.127913,-0.017152,-0.00045,0.000373,-0.02339
7944,-0.19678800000000002,-1.380507,-1.7604830000000002,-0.036981,0.98195,-0.18549300000000002,-0.04786,-0.115201,-0.015965,0.007562,0.005325,-0.028786000000000003
7945,-0.197042,-1.380416,-1.7589139999999999,-0.037045999999999996,0.9819319999999999,-0.185571,-0.042412,-0.08647300000000001,-0.011689,0.012479,0.000978,-0.019477
7946,-0.19680899999999998,-1.3811790000000002,-1.7571439999999998,-0.036856,0.9820760000000001,-0.184845,-0.06803,-0.08745599999999999,-0.009727,0.018256,0.014597,-0.012955000000000001
7947,-0.195352,-1.3819649999999999,-1.753655,-0.036437,0.982224,-0.184141,-0.068186,-0.119426,-0.006479,0.021041,0.012191,-0.024035
7948,-0.19717,-1.382835,-1.753298,-0.036604000000000005,0.9823870000000001,-0.18323599999999998,-0.06914,-0.10234700000000001,-0.013983,0.020949000000000002,0.008869,-0.026054
7949,-0.195603,-1.383577,-1.7505009999999999,-0.036175,0.982526,-0.182578,-0.083838,-0.055401,-0.019483,0.028744,-0.002591,-0.017068
7950,-0.191054,-1.3847459999999998,-1.7451240000000001,-0.035126,0.982743,-0.18161300000000002,-0.085994,-0.05329,-0.012017,0.036652,-4.6e-05,-0.019635
7951,-0.18984,-1.385938,-1.742836,-0.034685,0.9829620000000001,-0.180505,-0.0722,-0.064016,-0.005494,0.037401,0.002282,-0.023215
7952,-0.184488,-1.386795,-1.7365689999999998,-0.033563,0.9831200000000001,-0.179859,-0.076373,-0.048003,-0.009811,0.027918000000000002,0.008763,-0.012508
7953,-0.185407,-1.3883590000000001,-1.7372740000000002,-0.033444999999999996,0.9834040000000001,-0.178317,-0.08781599999999999,0.00747,-0.019574,0.022703,0.007501000000000001,-0.007703
7954,-0.186248,-1.39022,-1.738918,-0.033257,0.98374,-0.176491,-0.101498,0.041638,-0.027188999999999998,0.025932,0.007989,-0.005043
7955,-0.18285,-1.392323,-1.736484,-0.03228,0.984116,-0.174567,-0.09940800000000001,0.038411,-0.020756,0.03138,0.004608,-0.003152
7956,-0.177396,-1.394292,-1.732127,-0.030986,0.9844639999999999,-0.172833,-0.10047400000000001,0.051148,-0.007955,0.030695999999999998,-0.002911,-0.005511
7957,-0.17446099999999998,-1.3961350000000001,-1.730441,-0.030163,0.984785,-0.17113699999999998,-0.093011,0.061728,0.003836,0.026775999999999998,-0.0034770000000000005,-0.00704
7958,-0.168578,-1.397892,-1.7258349999999998,-0.028866000000000003,0.985089,-0.169605,-0.084552,0.055264999999999995,0.014588999999999998,0.017361,0.0027949999999999997,-0.004222999999999999
7959,-0.162141,-1.3995360000000001,-1.7204990000000002,-0.027512,0.9853709999999999,-0.168189,-0.07285,0.054135,0.021085,0.010407,0.006908,-0.001306
7960,-0.158282,-1.4011040000000001,-1.717839,-0.026619,0.9856370000000001,-0.166768,-0.073912,0.059448,0.025344,0.009651,0.0052840000000000005,-0.001521
7961,-0.153102,-1.4029129999999999,-1.7138060000000002,-0.025483000000000002,0.985941,-0.165141,-0.070727,0.057303,0.026438999999999997,0.010087,0.00759,0.005306
7962,-0.143719,-1.4053959999999999,-1.705787,-0.023581,0.986353,-0.16295,-0.06749,0.073171,0.032848,0.019126,0.008353,0.01555
7963,-0.136998,-1.407301,-1.7007450000000002,-0.022229,0.986664,-0.161243,-0.073844,0.090212,0.039193,0.015882,0.010695999999999999,0.014834
7964,-0.126914,-1.4098600000000001,-1.6927189999999999,-0.020281999999999998,0.987078,-0.158953,-0.075938,0.109357,0.04877,0.017307,0.016005000000000002,0.015704
7965,-0.11464200000000001,-1.412261,-1.683083,-0.018059,0.98746,-0.156836,-0.07685399999999999,0.145573,0.050857,0.009423,0.003141,0.0064
7966,-0.105653,-1.4140629999999998,-1.67718,-0.016461,0.987742,-0.155223,-0.078912,0.159442,0.047619999999999996,0.005887,0.004842,0.0049689999999999995
7967,-0.098789,-1.416295,-1.673291,-0.015178,0.988088,-0.153137,-0.086434,0.14138399999999998,0.041181999999999996,-0.004811,0.005945000000000001,0.011078
7968,-0.09526,-1.418669,-1.672175,-0.014413999999999998,0.988451,-0.150854,-0.068382,0.120029,0.038129,-0.005255,0.008314,0.009863
7969,-0.089574,-1.420142,-1.669029,-0.013425999999999999,0.9886729999999999,-0.149483,-0.060791,0.139211,0.029611000000000002,-0.0036030000000000003,0.005712,0.008537999999999999
7970,-0.082902,-1.422499,-1.6653919999999998,-0.012235,0.989024,-0.147247,-0.07345800000000001,0.158479,0.017749,0.008512,0.008870000000000001,0.019974000000000002
7971,-0.077678,-1.424598,-1.663403,-0.011304999999999999,0.989332,-0.145239,-0.08197,0.160652,0.014483000000000001,0.0071849999999999995,0.010378,0.021215
7972,-0.070201,-1.4270040000000002,-1.658924,-0.010051000000000001,0.9896799999999999,-0.14294400000000002,-0.073563,0.139292,0.020980000000000002,0.012431999999999999,0.008276,0.016418000000000002
7973,-0.064131,-1.42855,-1.655486,-0.009085,0.9899,-0.141475,-0.066139,0.13074000000000002,0.022111000000000002,0.006995,0.006743000000000001,0.005901
7974,-0.059389,-1.430199,-1.653359,-0.008318,0.990133,-0.13988699999999998,-0.074627,0.130813,0.01137,0.003297,0.011836,0.0070290000000000005
7975,-0.058117999999999996,-1.432596,-1.654596,-0.008002,0.990466,-0.13752799999999998,-0.071391,0.125531,-0.0024879999999999998,-0.004144,0.012556,0.021363
7976,-0.057177,-1.434394,-1.656335,-0.007770999999999999,0.990712,-0.135758,-0.070245,0.135149,-0.011038,0.00047699999999999994,0.009975,0.017181000000000002
7977,-0.056371000000000004,-1.436475,-1.6583299999999999,-0.0075450000000000005,0.990992,-0.133705,-0.070204,0.139432,-0.016383,0.006385,0.009221,0.012611
7978,-0.055035,-1.4379309999999998,-1.65967,-0.007287,0.991186,-0.132274,-0.06068,0.126598,-0.012027,0.011909999999999999,-0.000388,0.006846
7979,-0.047734,-1.439525,-1.654911,-0.006246,0.9913959999999999,-0.130746,-0.05220399999999999,0.124396,-0.001279,0.02126,0.00045599999999999997,0.012277
7980,-0.044399,-1.440404,-1.6540979999999998,-0.005771,0.991511,-0.129895,-0.038397,0.125353,0.013771,0.025988999999999998,0.00020299999999999997,0.009915
7981,-0.030069,-1.441363,-1.6422709999999998,-0.0038810000000000003,0.991635,-0.12901400000000002,-0.029935000000000003,0.122077,0.026657,0.019322,0.002032,0.005967
7982,-0.02054,-1.442697,-1.634934,-0.002624,0.991807,-0.127722,-0.03431,0.09653400000000001,0.024524,0.006118,0.013075999999999999,0.018851
7983,-0.016106,-1.443734,-1.63184,-0.002041,0.9919379999999999,-0.12670399999999998,-0.025949,0.049667,0.016097,0.00201,0.013372,0.015743
7984,-0.013335,-1.444487,-1.629953,-0.00168,0.992034,-0.125962,-0.018453999999999998,0.048606,0.008673,0.000566,0.012163,0.013550999999999999
7985,-0.011677,-1.445262,-1.629501,-0.001462,0.992131,-0.125197,-0.018364,0.065663,0.005447,-0.000995,0.007533,0.007673999999999999
7986,-0.009262000000000001,-1.446175,-1.628283,-0.001151,0.992245,-0.124294,-0.016280000000000003,0.052882000000000005,0.0033420000000000004,0.002097,0.006504,0.011974
7987,-0.008014,-1.446803,-1.627902,-0.000991,0.992323,-0.123672,-0.017396000000000002,0.041172,0.002281,-0.000199,0.006243,0.011398
7988,-0.008699,-1.4480680000000001,-1.6292790000000001,-0.001065,0.9924780000000001,-0.12241600000000001,-0.022747999999999997,0.031629000000000004,-0.0041530000000000004,-0.001819,0.011809,0.018687
7989,-0.011097,-1.44954,-1.632349,-0.001342,0.992657,-0.120952,-0.018436,0.032718000000000004,-0.013739,-0.003098,0.0070680000000000005,0.022441
7990,-0.013288999999999999,-1.450012,-1.634823,-0.0016010000000000002,0.992714,-0.12048099999999999,0.015562000000000001,0.002768,-0.012395,-0.001542,0.009056,0.020261
7991,-0.018165999999999998,-1.449761,-1.64,-0.002193,0.992684,-0.12072000000000001,0.033842000000000004,0.034663,-0.01231,-0.007023000000000001,0.009208,0.004386999999999999
7992,-0.015719999999999998,-1.449453,-1.638716,-0.0019030000000000002,0.992647,-0.121031,0.041399,0.053815999999999996,-0.013347999999999999,0.016383,0.014586000000000002,0.010955
7993,-0.010957999999999999,-1.448928,-1.634837,-0.001332,0.992583,-0.12155999999999999,0.064739,0.040887,0.002857,0.024419,0.013794999999999998,0.0243
7994,-0.000938,-1.448343,-1.624788,-0.00011499999999999999,0.9925120000000001,-0.122147,0.0633,-0.046439999999999995,-0.002378,0.028633,0.019253,-0.000335
7995,-0.001777,-1.446805,-1.623646,-0.00022,0.992323,-0.123674,0.011748,-0.124021,-0.003706,-0.001184,0.008562,-0.0204
7996,-0.005765999999999999,-1.44727,-1.62473,-0.0007099999999999999,0.9923799999999999,-0.12320999999999999,-0.027841,-0.146266,-0.00075,-0.0006929999999999999,0.008505,-0.020863
7997,-0.005675,-1.4475120000000001,-1.622467,-0.000698,0.99241,-0.12297000000000001,-0.006307,-0.079323,0.022816,0.012554000000000001,-0.012582,-0.050354
7998,0.0038950000000000005,-1.446601,-1.612573,0.00048300000000000003,0.9922979999999999,-0.123875,0.012202,0.024919999999999998,0.045245999999999995,0.018286,-0.009754,-0.031383
7999,0.014925999999999998,-1.445908,-1.6023100000000001,0.001859,0.9922120000000001,-0.12455,0.052685,0.039581,0.073284,0.021533,-0.010736,-0.013191
8000,0.028163999999999998,-1.4445940000000002,-1.588587,0.003544,0.9920469999999999,-0.125818,0.064917,-0.063888,0.09700299999999999,0.025615,-0.002865,-0.0029809999999999997
8001,0.044733999999999996,-1.4431370000000001,-1.569568,0.005693,0.9918629999999999,-0.127186,0.047513,-0.130969,0.104446,-0.016496,-0.003795,-0.008312
8002,0.05443099999999999,-1.4421899999999999,-1.55713,0.006977,0.991742,-0.12806199999999998,0.047685000000000005,-0.129755,0.067058,-0.038426,0.016239,-0.005681
8003,0.050461,-1.441108,-1.558707,0.006523,0.9916020000000001,-0.129161,0.045883,-0.099745,0.023206,-0.04287,0.014500999999999998,-0.001576
8004,0.042156,-1.44137,-1.565849,0.005439,0.9916360000000001,-0.128951,0.021831,-0.035564,-0.021913,-0.030891000000000002,0.033495,0.028075
8005,0.035312,-1.4412719999999999,-1.571814,0.00456,0.9916229999999999,-0.129082,-0.00165,-0.060954999999999995,-0.045545,-0.028135000000000004,0.033218,0.035729000000000004
8006,0.02482,-1.441713,-1.580911,0.003195,0.9916799999999999,-0.128685,-0.033589,-0.069271,-0.069258,-0.043112,0.022587,0.026192
8007,-0.0015609999999999999,-1.4434120000000001,-1.606327,-0.000198,0.991898,-0.12704000000000001,-0.075977,-0.041280000000000004,-0.10591500000000001,-0.058242999999999996,0.009598,-0.0052380000000000005
8008,-0.022917,-1.445565,-1.627038,-0.002862,0.9921690000000001,-0.124872,-0.129162,-0.042013999999999996,-0.14260499999999998,-0.049613,0.004520000000000001,-0.011694
8009,-0.055906,-1.44757,-1.65965,-0.006868000000000001,0.992417,-0.122723,-0.11510899999999999,-0.002644,-0.14363,-0.018872999999999997,-0.028901,0.0067870000000000005
8010,-0.074789,-1.450107,-1.677743,-0.008995999999999999,0.992726,-0.12005999999999999,-0.029461,-0.124577,-0.094804,0.015221,0.020015,0.046696
8011,-0.087576,-1.449705,-1.6842599999999999,-0.010565,0.992677,-0.120333,0.035160000000000004,-0.391414,-0.021371,0.000144,0.021757,-0.011243000000000001
8012,-0.099372,-1.449016,-1.689905,-0.012052,0.9925940000000001,-0.12088,0.023264,-0.22186399999999998,-0.053717999999999995,-0.035434,0.0077269999999999995,-0.05729600000000001
8013,-0.115175,-1.447841,-1.7039630000000001,-0.014094,0.992451,-0.121833,-0.012177,-0.038596,-0.055278999999999995,0.038646,-0.004886,0.011268
8014,-0.122,-1.4485139999999999,-1.709612,-0.014844,0.992533,-0.121071,-0.04572,-0.101497,-0.013772,0.064954,-0.004282,0.021096
8015,-0.123744,-1.448564,-1.707225,-0.015049000000000002,0.992539,-0.120996,0.037627999999999995,-0.268138,0.028683999999999998,-0.016765000000000002,0.012573,0.008081
8016,-0.121679,-1.4470530000000001,-1.698738,-0.014981,0.9923540000000001,-0.12251500000000001,0.090726,-0.309921,0.041927,-0.033236,0.000597,-0.041195999999999997
8017,-0.12186400000000001,-1.4458360000000001,-1.695645,-0.015151,0.9922030000000001,-0.12371099999999999,0.041912,-0.06453500000000001,-0.008935,-0.039353,-0.0035700000000000003,-0.054190999999999996
8018,-0.12319200000000001,-1.445234,-1.696952,-0.015388999999999998,0.9921270000000001,-0.12428299999999999,0.021905,-0.002691,-0.005949,0.020485,0.0039049999999999996,0.009613
8019,-0.12124700000000001,-1.4451370000000001,-1.693389,-0.015159,0.992115,-0.12440899999999999,0.004039,-0.137025,0.036827,0.026938,0.017162,0.014347
8020,-0.118102,-1.44486,-1.686107,-0.0148,0.992081,-0.12472899999999999,0.03138,-0.221295,0.041399,-0.026383999999999998,-0.000229,-0.018033
8021,-0.11747200000000001,-1.443915,-1.681318,-0.014831,0.9919610000000001,-0.125669,0.062573,-0.194652,0.011673000000000001,-0.048645999999999995,-0.001117,-0.021563
8022,-0.121635,-1.4424270000000001,-1.681902,-0.015533000000000002,0.991772,-0.12707100000000002,0.07672999999999999,-0.170042,-0.027783999999999996,-0.051682000000000006,0.009922,-0.007572
8023,-0.12984300000000001,-1.440883,-1.6873799999999999,-0.016774,0.9915729999999999,-0.128457,0.06642999999999999,-0.112382,-0.052499000000000004,-0.022869,0.021015,0.033761
8024,-0.138758,-1.439885,-1.694939,-0.018055,0.9914430000000001,-0.12928299999999998,0.028281999999999998,-0.05684500000000001,-0.054973,-0.002468,0.016613,0.039363
8025,-0.14689100000000002,-1.4395360000000001,-1.701582,-0.019156,0.991398,-0.129474,0.00349,-0.096242,-0.038004,-0.001031,0.014996,0.021091
8026,-0.15385,-1.4395639999999998,-1.706047,-0.020053,0.991401,-0.12930999999999998,-0.0074329999999999995,-0.139932,-0.025206,-0.025723000000000003,0.011788,0.002739
8027,-0.171266,-1.439163,-1.720691,-0.022369999999999998,0.9913489999999999,-0.129334,0.0032990000000000003,-0.126121,-0.025154,-0.043808,0.004516,-0.010727
8028,-0.17732799999999999,-1.438739,-1.724534,-0.023227,0.991293,-0.129608,0.022598,-0.111249,-0.031448000000000004,-0.035824,-0.003851,-0.009842
8029,-0.18817,-1.4377950000000002,-1.7327599999999999,-0.024806,0.991168,-0.130269,0.032052,-0.145366,-0.032408,-0.013234000000000001,0.001782,-0.003947
8030,-0.19407,-1.436888,-1.735326,-0.025748000000000004,0.9910479999999999,-0.131002,0.043606,-0.174216,-0.02054,-0.009851,0.008631999999999999,-0.011851
8031,-0.19783900000000001,-1.435929,-1.7358930000000001,-0.026427999999999997,0.9909190000000001,-0.13183599999999998,0.04795,-0.14763800000000002,-0.01093,-0.009278,0.008013,-0.0028989999999999997
8032,-0.203022,-1.435106,-1.738634,-0.027275,0.990808,-0.132496,0.043845,-0.105038,-0.004605,-0.010811,0.004614,0.007633
8033,-0.210207,-1.4348239999999999,-1.7438779999999998,-0.028285,0.99077,-0.132569,0.034293000000000004,-0.09010399999999999,-0.001489,-0.007802,0.004683,0.005952000000000001
8034,-0.214106,-1.434132,-1.7460790000000002,-0.028947000000000004,0.990676,-0.133128,0.033274,-0.079447,-0.001511,-0.011061,0.007539,0.00091
8035,-0.224108,-1.433416,-1.7544540000000002,-0.030435000000000004,0.9905780000000001,-0.133524,0.033336000000000005,-0.074087,-0.010068,-0.017356,0.008186,0.002176
8036,-0.23815999999999998,-1.4325940000000001,-1.7669990000000002,-0.0325,0.9904649999999999,-0.133874,0.031269,-0.069776,-0.020775,-0.024873,0.010191,-0.002768
8037,-0.247416,-1.431704,-1.774804,-0.033954000000000005,0.9903420000000001,-0.134422,0.032369999999999996,-0.06975,-0.028248000000000002,-0.022183,0.010237999999999999,-0.000572
8038,-0.256948,-1.430941,-1.7829380000000001,-0.035426,0.990236,-0.134824,0.029202,-0.066526,-0.032549,-0.019155000000000002,0.011274,0.003186
8039,-0.269331,-1.43021,-1.793902,-0.037285000000000006,0.9901340000000001,-0.135072,0.022757,-0.07184700000000001,-0.028319,-0.015449000000000001,0.012155,0.001222
8040,-0.28268899999999997,-1.429448,-1.8057450000000002,-0.039296,0.990027,-0.135287,0.020594,-0.07292699999999999,-0.022996,-0.014384000000000001,0.009637,0.000704
8041,-0.288562,-1.428874,-1.81028,-0.040251999999999996,0.9899459999999999,-0.135598,0.019551,-0.06335299999999999,-0.018744,-0.012695999999999999,0.010237000000000001,-0.000129
8042,-0.295797,-1.428283,-1.8162909999999999,-0.041402999999999995,0.9898620000000001,-0.135863,0.018518,-0.056953,-0.01983,-0.010004,0.008215,-0.001725
8043,-0.30259400000000003,-1.4278600000000001,-1.822009,-0.04245,0.9898020000000001,-0.135978,0.010006999999999999,-0.051597000000000004,-0.019898,-0.009476,0.012334,0.0016699999999999998
8044,-0.308383,-1.427583,-1.826625,-0.04332,0.989762,-0.135992,0.012102,-0.062249,-0.022007,-0.010162000000000001,0.011733,0.004019
8045,-0.316285,-1.426971,-1.833273,-0.044581,0.989675,-0.136221,0.013231,-0.054770000000000006,-0.028421,-0.011739,0.011027,-0.003
8046,-0.325621,-1.426657,-1.8420130000000001,-0.04595,0.9896299999999999,-0.13609300000000002,-0.00042800000000000005,-0.014216,-0.034980000000000004,-0.00599,0.012323,0.003952000000000001
8047,-0.33115900000000004,-1.426656,-1.847406,-0.046702999999999995,0.9896299999999999,-0.13583699999999999,-0.011078,-0.010979000000000001,-0.036127,-0.000599,0.010736,0.003055
8048,-0.336559,-1.426601,-1.852554,-0.047454,0.9896219999999999,-0.135634,-0.012173999999999999,-0.017366,-0.036126,-0.0061189999999999994,0.013903,-0.004563
8049,-0.34507899999999997,-1.426208,-1.8607060000000002,-0.04874,0.9895649999999999,-0.13559100000000002,-0.014292,-0.02159,-0.043615,-0.009106,0.010801,-0.007262
8050,-0.35226,-1.4261620000000002,-1.8675849999999998,-0.049727999999999994,0.989559,-0.13527999999999998,-0.016373,-0.014109,-0.047912,-0.008118,0.010806999999999999,-0.007573000000000001
8051,-0.356729,-1.425714,-1.8722439999999998,-0.050487,0.9894940000000001,-0.135473,-0.011979,0.016756999999999998,-0.044715,0.012798,0.00425,-0.010646
8052,-0.35531599999999997,-1.425626,-1.8716689999999998,-0.050325999999999996,0.9894809999999999,-0.135625,-0.014059,0.042276,-0.030872000000000004,0.016909,0.0033009999999999997,-0.007044
8053,-0.358187,-1.425702,-1.875117,-0.050688,0.989492,-0.135409,-0.008911,0.016627,-0.014780000000000001,0.017272,0.00329,-0.007261
8054,-0.353417,-1.425273,-1.8708099999999999,-0.050189,0.9894299999999999,-0.136048,-0.00677,0.027235000000000002,-0.005163,0.009051,-0.000828,-0.01567
8055,-0.349765,-1.424887,-1.8679970000000001,-0.049822000000000005,0.989374,-0.13658900000000002,-0.00351,0.04319,-0.001954,0.006075,0.003836,-0.011864
8056,-0.34324699999999997,-1.424527,-1.862416,-0.049051,0.9893219999999999,-0.137246,0.003941,0.046331,0.005574,0.012842,0.003278,-0.012183
8057,-0.334748,-1.4242629999999998,-1.8550220000000002,-0.047969,0.989283,-0.137905,0.001814,0.056953,0.015162,0.014445,-0.000361,-0.008487999999999999
8058,-0.32499,-1.424489,-1.846412,-0.04655,0.989316,-0.138155,0.002829,0.053720000000000004,0.023722,0.010523000000000001,0.004886,-0.002363
8059,-0.318637,-1.424567,-1.840954,-0.045647,0.9893270000000001,-0.138374,0.007015,0.041962,0.030177,0.00898,0.0020510000000000003,-0.004065999999999999
8060,-0.309842,-1.424493,-1.8330080000000002,-0.04445,0.989317,-0.13884000000000002,0.010221,0.048322000000000004,0.035533999999999996,0.007431999999999999,0.0076159999999999995,-0.005966
8061,-0.302465,-1.424977,-1.826784,-0.043282,0.9893870000000001,-0.138708,-0.00141,0.064372,0.027956,0.00396,0.0131,0.005163
8062,-0.298912,-1.4253360000000002,-1.8245930000000001,-0.042685,0.989439,-0.138521,-0.007706,0.074037,0.014013,-1e-05,0.012117000000000001,0.005449
8063,-0.298,-1.42591,-1.8252540000000002,-0.042391000000000005,0.9895219999999999,-0.138016,-0.008674,0.08367899999999999,0.001175,-0.0018440000000000002,0.012506999999999999,0.007798
8064,-0.298331,-1.426611,-1.8273869999999999,-0.042233,0.9896229999999999,-0.13733900000000002,-0.022451,0.093264,-0.010690999999999999,0.000592,0.013000999999999999,0.0010630000000000001
8065,-0.29877,-1.427114,-1.829754,-0.042147000000000004,0.9896950000000001,-0.136845,-0.028824000000000002,0.09755599999999999,-0.012877000000000001,0.003954,0.008336,0.000539
8066,-0.29782600000000004,-1.427905,-1.8310389999999999,-0.041788,0.989808,-0.13613599999999998,-0.035172,0.114601,-0.007601,0.005502,0.008757,0.0020570000000000002
8067,-0.295084,-1.428893,-1.830609,-0.04113,0.989949,-0.13531500000000002,-0.033112,0.10604200000000001,-9.6e-05,0.0046159999999999994,0.001384,0.0008849999999999999
8068,-0.294404,-1.4295010000000001,-1.831652,-0.040863,0.990034,-0.134766,-0.031107,0.076212,-0.001112,0.002457,0.000459,-0.00093
8069,-0.29446100000000003,-1.429914,-1.8331680000000001,-0.040752,0.990093,-0.134373,-0.024706,0.073007,-0.004268,0.0023309999999999997,0.005954999999999999,-0.001934
8070,-0.293218,-1.430313,-1.8335830000000002,-0.040471,0.9901479999999999,-0.134046,-0.016133,0.085743,4.9e-05,0.004445,0.003992,0.000455
8071,-0.290398,-1.430714,-1.832427,-0.039979,0.9902040000000001,-0.133779,-0.014075999999999998,0.079302,0.010754000000000001,0.007448000000000001,0.004135,0.001256
8072,-0.285067,-1.431206,-1.8285189999999998,-0.039129000000000004,0.990273,-0.133523,-0.013147999999999998,0.06326,0.025738,0.010152,0.005866,0.00161
8073,-0.279816,-1.4318600000000001,-1.82408,-0.038248000000000004,0.9903639999999999,-0.133104,-0.019732,0.028107,0.031077999999999998,0.006067,0.008048999999999999,0.002931
8074,-0.277376,-1.432181,-1.8219009999999998,-0.037836,0.990408,-0.13289,-0.01445,0.012126999999999999,0.026862,-0.008505,0.009668000000000001,-0.003585
8075,-0.277566,-1.432477,-1.822316,-0.037781,0.990449,-0.132602,-0.018664,0.012188,0.015081,-0.007217,0.011855,-0.0019199999999999998
8076,-0.276742,-1.4327940000000001,-1.821698,-0.037586,0.9904930000000001,-0.13233,-0.012235,0.010069,0.0065829999999999994,-0.0047420000000000006,0.006806,-0.00028399999999999996
8077,-0.27424299999999996,-1.433198,-1.819479,-0.037147,0.990548,-0.13203900000000002,-0.012225,0.014322,0.008715,0.00727,0.002982,5e-05
8078,-0.267248,-1.433624,-1.812705,-0.036111000000000004,0.990607,-0.131888,-0.005934,0.003592,0.022662,0.015175999999999999,0.003137,-0.0006190000000000001
8079,-0.260158,-1.433883,-1.805405,-0.035108999999999994,0.990642,-0.131893,0.000304,-0.016734,0.038756,0.014769,0.001042,-0.0020329999999999997
8080,-0.25000300000000003,-1.4340600000000001,-1.7948419999999998,-0.033724000000000004,0.9906659999999999,-0.132073,0.009844,-0.018944,0.050578,0.008546999999999999,0.000133,0.00023700000000000001
8081,-0.24067800000000003,-1.4341899999999999,-1.785135,-0.03246,0.990684,-0.13225699999999999,0.010891,-0.016843,0.056991999999999994,0.0029649999999999998,0.00158,0.0019320000000000001
8082,-0.231987,-1.4344,-1.7757189999999998,-0.031262,0.990712,-0.132331,0.016086000000000003,-0.045632,0.059203,0.0055969999999999995,0.0063880000000000004,0.007011
8083,-0.223827,-1.43446,-1.7661240000000002,-0.030168,0.990721,-0.132524,0.021285,-0.075478,0.059278,0.0035259999999999996,0.006731,0.006136
8084,-0.216604,-1.434568,-1.7574619999999999,-0.029187,0.990735,-0.132634,0.02137,-0.058425,0.057120000000000004,-0.0011480000000000001,0.009936,0.001424
8085,-0.20854499999999998,-1.4345370000000002,-1.7484549999999999,-0.028123000000000002,0.9907309999999999,-0.132895,0.017218,-0.036026,0.053858,0.002534,0.006141,0.002982
8086,-0.199075,-1.434544,-1.738207,-0.026862,0.990732,-0.133149,0.016127000000000002,-0.039227,0.05599199999999999,0.006996,0.00614,0.0007480000000000001
8087,-0.187691,-1.4344219999999999,-1.725909,-0.025366999999999997,0.990715,-0.13356400000000002,0.021408,-0.045658,0.06138,0.009987000000000001,0.005226,-0.003368
8088,-0.176618,-1.433923,-1.713868,-0.023974000000000002,0.9906469999999999,-0.134324,0.029944,-0.043565,0.063574,0.010943000000000001,0.005339,-0.011077
8089,-0.1615,-1.433227,-1.6980009999999999,-0.022050999999999998,0.9905520000000001,-0.135351,0.033199,-0.030797,0.064652,0.018022999999999997,0.001757,-0.008814
8090,-0.14538099999999998,-1.4328299999999998,-1.68137,-0.019924,0.990498,-0.136078,0.028975,-0.020133,0.06568,0.021389,0.005855,9.2e-05
8091,-0.13300599999999999,-1.432595,-1.6686189999999999,-0.018269,0.9904649999999999,-0.136545,0.031137,-0.012688,0.066756,0.01714,0.010206,0.0048920000000000005
8092,-0.12092,-1.432419,-1.656393,-0.016638999999999998,0.990441,-0.136928,0.026955,0.003319,0.063503,0.013999000000000001,0.012641,0.007273999999999999
8093,-0.10820899999999999,-1.432508,-1.6438099999999998,-0.014887000000000001,0.990453,-0.137042,0.025944,0.010801999999999999,0.058147000000000004,0.010401,0.008005,0.006762000000000001
8094,-0.094979,-1.4324540000000001,-1.630857,-0.013078,0.9904459999999999,-0.13727999999999999,0.018547,0.022563,0.053810000000000004,0.007097,0.013323,-0.0013460000000000002
8095,-0.085488,-1.432009,-1.6220459999999999,-0.011812000000000001,0.990384,-0.137837,0.025059,0.049164,0.055958,0.002153,0.011843000000000001,-0.005748
8096,-0.078099,-1.431324,-1.615893,-0.010846,0.99029,-0.138597,0.022022,0.073723,0.044154,-0.01015,0.014975,-0.003203
8097,-0.075112,-1.431263,-1.614375,-0.010437,0.990281,-0.138689,0.016788,0.079136,0.027017000000000003,-0.0112,0.019393,0.0075239999999999994
8098,-0.073508,-1.431424,-1.614326,-0.010203,0.990303,-0.138547,-0.000202,0.080329,0.009804,-0.014486,0.020897,0.010251
8099,-0.07574,-1.432059,-1.61818,-0.010464,0.990391,-0.137896,-0.00971,0.085753,-0.006294,-0.008655,0.011897,0.007509999999999999
8100,-0.075754,-1.432636,-1.6201860000000001,-0.010423,0.9904709999999999,-0.137326,-0.006363000000000001,0.110277,-0.014847999999999998,0.0036479999999999998,0.008568000000000001,0.008298
8101,-0.074277,-1.432884,-1.621497,-0.010202,0.990505,-0.137096,-0.006162,0.151836,-0.018103,0.009179999999999999,0.005054,0.006298
8102,-0.068959,-1.433571,-1.619527,-0.009426,0.990599,-0.136471,-0.009298,0.171005,-0.013874000000000001,0.021053,0.004197,0.017956
8103,-0.06143099999999999,-1.434519,-1.615579,-0.00834,0.9907290000000001,-0.135599,-0.013572999999999998,0.17844300000000002,-0.005364,0.014916999999999998,0.005853,0.013422
8104,-0.057141,-1.434949,-1.614854,-0.007734,0.9907870000000001,-0.135209,-0.010416,0.17415,5e-06,0.006956,0.005963,0.007325
8105,-0.05268099999999999,-1.435183,-1.613695,-0.0071189999999999995,0.990819,-0.13501,-0.000891,0.158133,0.001161,0.001946,-0.001454,0.000123
8106,-0.048361,-1.434896,-1.6123180000000001,-0.00655,0.9907799999999999,-0.135324,0.011835,0.141044,0.0012720000000000001,0.000904,0.0055119999999999995,-0.003851
8107,-0.045297000000000004,-1.4345139999999998,-1.611954,-0.006152,0.990728,-0.135721,0.01605,0.130373,0.002384,-0.00025699999999999996,0.008128,-0.004187
8108,-0.043352999999999996,-1.434195,-1.612481,-0.005902,0.990685,-0.136049,0.008558,0.12082899999999999,-0.00193,-0.003452,0.00988,-0.004896
8109,-0.042637,-1.434079,-1.614221,-0.005809,0.990669,-0.136168,0.0032770000000000004,0.12725999999999998,-0.007316,-0.001637,0.008645,-0.0005809999999999999
8110,-0.041171,-1.434031,-1.61566,-0.005612,0.990662,-0.136224,0.00343,0.158166,-0.010559,-0.000309,0.009002,0.00045099999999999996
8111,-0.038526,-1.4340950000000001,-1.616576,-0.005249,0.9906709999999999,-0.136175,-0.0049759999999999995,0.184836,-0.012787999999999999,0.0018920000000000002,0.01206,-0.000986
8112,-0.039006,-1.434207,-1.620778,-0.0053100000000000005,0.9906860000000001,-0.136062,-0.012424,0.18594000000000002,-0.016048,-0.009491,0.004339,-0.006089
8113,-0.040248,-1.4343299999999999,-1.6257780000000002,-0.005474000000000001,0.9907030000000001,-0.135934,-0.015581,0.192356,-0.019284,-0.014896000000000001,0.000157,-0.007819
8114,-0.043828,-1.4338,-1.6332799999999998,-0.005984000000000001,0.9906309999999999,-0.136437,-0.010218999999999999,0.198724,-0.01819,-0.006940999999999999,-0.0029289999999999997,-0.013954
8115,-0.041901999999999995,-1.43391,-1.635152,-0.005716,0.9906459999999999,-0.13634000000000002,-0.002895,0.178411,-0.006362,-0.00469,-0.001846,-0.014417
8116,-0.038892,-1.433339,-1.635169,-0.005328,0.990568,-0.13692100000000001,0.015000999999999999,0.139828,0.008758,-0.004896,0.001299,-0.018978000000000002
8117,-0.036295,-1.432145,-1.6352360000000001,-0.0050149999999999995,0.990403,-0.13811600000000002,0.029887,0.137607,0.018477,-0.009969,0.001632,-0.014013999999999999
8118,-0.033277999999999995,-1.43089,-1.635238,-0.00464,0.9902290000000001,-0.139373,0.031047,0.166331,0.026992000000000002,-0.009032,0.015188,-0.009568
8119,-0.027032999999999998,-1.430369,-1.632323,-0.003783,0.9901559999999999,-0.139915,0.016111,0.165323,0.02582,-0.007783,0.014727,-0.006814
8120,-0.02129,-1.430303,-1.629758,-0.0029809999999999997,0.9901469999999999,-0.14,0.010786,0.16428900000000002,0.022579,-0.001535,0.01466,0.004502
8121,-0.015198,-1.430172,-1.627338,-0.00213,0.990129,-0.140146,0.00351,0.199499,0.015006,-0.001517,0.004531,-0.0067659999999999994
8122,-0.009188,-1.429974,-1.62543,-0.0012900000000000001,0.990101,-0.140352,-0.002862,0.203791,0.012819,-0.001289,0.0030329999999999997,-0.011382
8123,-0.010228000000000001,-1.429499,-1.6304,-0.00144,0.990034,-0.14082,-0.003922,0.201676,0.009606,-0.021188,0.009156999999999998,-0.007541
8124,-0.010508,-1.4294,-1.635014,-0.0014810000000000001,0.9900200000000001,-0.14091800000000002,-0.005887,0.232602,0.00314,-0.017196,0.019181,-0.007825
8125,-0.0066099999999999996,-1.429494,-1.636384,-0.0009310000000000001,0.9900329999999999,-0.14082999999999998,-0.012062999999999999,0.280569,0.000898,-0.012024,0.013156000000000001,-0.008966
8126,-0.005339,-1.429486,-1.640766,-0.000752,0.990032,-0.14083800000000002,-0.020600999999999998,0.279534,0.000837,-0.020107,0.009327,-0.008881
8127,2.8999999999999997e-05,-1.4299520000000001,-1.6408080000000003,4e-06,0.9900979999999999,-0.140379,-0.024907,0.268904,-0.0013160000000000001,-0.020939,0.012878,-0.008517
8128,-0.001104,-1.430308,-1.647441,-0.000155,0.9901479999999999,-0.14002699999999998,-0.032277999999999994,0.287052,-0.004599,-0.01602,0.030681,-0.010089
8129,0.007183,-1.430683,-1.6455279999999999,0.001003,0.9902,-0.139652,-0.033176,0.340256,0.01135,0.0069310000000000005,0.004963,-0.011929
8130,0.020112,-1.431201,-1.640135,0.002798,0.9902719999999999,-0.13911400000000002,-0.049014999999999996,0.393507,0.028263999999999997,0.012384000000000001,-0.005836,-0.012756
8131,0.033927,-1.432115,-1.633981,0.0046890000000000005,0.990399,-0.138158,-0.058774,0.370058,0.039977,-0.002431,-0.001141,-0.010859
8132,0.041552,-1.432183,-1.632946,0.0057399999999999994,0.990409,-0.138051,-0.039826,0.317772,0.045514,-0.033175,-0.007681,-0.027675
8133,0.046876,-1.431959,-1.633527,0.0064849999999999994,0.9903780000000001,-0.13824,-0.021789,0.293109,0.04245,-0.039810000000000005,-0.005346,-0.031255
8134,0.050683,-1.431708,-1.634973,0.007024,0.9903430000000001,-0.138462,-0.015544,0.253688,0.038268,-0.042577,-0.00035299999999999996,-0.026867000000000002
8135,0.047488,-1.431824,-1.6424990000000002,0.006576,0.990359,-0.138369,-0.013606,0.20894200000000002,0.037264,-0.033507999999999996,0.00105,0.000872
8136,0.04858,-1.432763,-1.645091,0.006682,0.990489,-0.137432,-0.017977,0.181281,0.031924,-0.01927,0.005071,0.015286000000000001
8137,0.054501999999999995,-1.4337280000000001,-1.6425759999999998,0.007443000000000001,0.9906209999999999,-0.136437,-0.021223,0.16746,0.027645,-0.012906,0.00735,0.022286
8138,0.062235000000000006,-1.434257,-1.638059,0.008466,0.990693,-0.135853,-0.031915,0.163232,0.028644,-0.00011899999999999999,0.027145,0.033924
8139,0.070001,-1.436079,-1.633886,0.009394,0.9909389999999999,-0.133982,-0.052025999999999996,0.194217,0.023122999999999998,-0.003184,0.021359,0.035746
8140,0.077085,-1.437306,-1.6312389999999999,0.010249,0.9911030000000001,-0.132699,-0.06988,0.24121599999999999,0.006915,-0.011653,0.018647,0.033576999999999996
8141,0.082936,-1.438882,-1.630668,0.010896,0.9913120000000001,-0.13108,-0.081414,0.273266,-0.006026,-0.015397999999999998,0.009543000000000001,0.031303
8142,0.085734,-1.441128,-1.633297,0.011072,0.991605,-0.12883,-0.078226,0.26688,-0.010269,-0.01037,0.004062,0.013656999999999999
8143,0.090888,-1.442544,-1.6331229999999999,0.011609,0.9917870000000001,-0.127374,-0.06454299999999999,0.234835,-0.000518,-0.012967,0.000813,0.002374
8144,0.09201799999999999,-1.443109,-1.636121,0.011701000000000001,0.991859,-0.126801,-0.044549,0.194199,0.021034999999999998,-0.024975999999999998,-0.007377,-0.017959
8145,0.08770599999999999,-1.442664,-1.64369,0.011193,0.9918020000000001,-0.12729100000000002,-0.022391,0.158886,0.041525,-0.029595,-0.010326,-0.018126
8146,0.092592,-1.442261,-1.6411080000000002,0.011852,0.991751,-0.127632,-0.002502,0.095874,0.064174,-0.028208999999999998,-0.007772,-0.019966
8147,0.105325,-1.4420709999999999,-1.629514,0.013496000000000001,0.991726,-0.127659,0.003568,0.040386,0.08244800000000001,-0.020896,-0.000454,0.000309
8148,0.115218,-1.44238,-1.619557,0.014722999999999998,0.991766,-0.12721500000000002,0.020304,-0.017262,0.09866,-0.011625,0.002146,0.013765000000000001
8149,0.13033699999999998,-1.441563,-1.603512,0.016749,0.991661,-0.12778,0.029724,-0.045044,0.11158,-0.013652000000000001,0.002251,0.014331
8150,0.137181,-1.4416229999999999,-1.5956270000000001,0.017616,0.991669,-0.127604,0.025477,-0.038643000000000004,0.112606,-0.024986,0.004806,0.012248
8151,0.141576,-1.442048,-1.590169,0.018116999999999998,0.9917229999999999,-0.127108,0.012652,-0.046044,0.10931500000000001,-0.032735,0.008094,0.015826
8152,0.14766500000000002,-1.442583,-1.582926,0.018812,0.991792,-0.126471,0.011572,-0.049233,0.10823900000000002,-0.023497,0.004164999999999999,0.014823
8153,0.155829,-1.44298,-1.573498,0.019783000000000002,0.991843,-0.125924,0.011555,-0.054551,0.10610499999999999,-0.019554,0.025079,0.012017
8154,0.172272,-1.443116,-1.55595,0.021828,0.9918600000000001,-0.125449,0.023334999999999998,-0.047123000000000005,0.102974,0.028236,0.030128,0.018958000000000003
8155,0.185495,-1.442305,-1.5419049999999999,0.023633,0.991756,-0.12594,0.02135,-0.026825,0.090115,0.040042,0.022038,0.018503
8156,0.198077,-1.4418520000000001,-1.5290700000000002,0.025304,0.991698,-0.126073,-0.003006,0.005253,0.081358,0.051661,0.009553,0.016515000000000002
8157,0.222099,-1.442038,-1.505891,0.028283999999999997,0.9917219999999999,-0.125249,-0.02721,0.07142000000000001,0.072564,0.050207,0.009331,0.009679
8158,0.235577,-1.44233,-1.4947409999999999,0.029901999999999998,0.9917600000000001,-0.124575,-0.027874,0.151357,0.062843,0.046238999999999995,0.000504,0.010515
8159,0.256442,-1.442404,-1.477387,0.032476,0.991769,-0.12385299999999999,-0.019119,0.185476,0.04791,0.031779,-0.009774,0.004026
8160,0.266248,-1.442659,-1.4713209999999999,0.033623,0.9918020000000001,-0.12328399999999999,-0.019071,0.192945,0.044695,-0.008796,0.012822,0.002084
8161,0.277727,-1.442936,-1.463451,0.034960000000000005,0.9918370000000001,-0.122626,-0.031955000000000004,0.17488099999999998,0.044627999999999994,-0.024111,0.011825,0.002219
8162,0.288583,-1.443461,-1.45556,0.036141,0.9919040000000001,-0.12174000000000001,-0.04172,0.13339,0.039272,-0.030236000000000002,0.015024000000000001,0.005453
8163,0.29138200000000003,-1.444499,-1.454599,0.036186,0.992035,-0.120652,-0.041927,0.081218,0.032924,-0.029975,0.02008,0.003159
8164,0.29837600000000003,-1.445289,-1.448453,0.036798000000000004,0.992134,-0.119647,-0.052797000000000004,0.024843,0.021169999999999998,-0.031595,0.019584,0.001987
8165,0.297066,-1.446534,-1.449506,0.03628,0.992289,-0.11851400000000001,-0.04444,-0.025212000000000002,0.010608,-0.025537999999999998,0.0012259999999999999,0.003188
8166,0.29717899999999997,-1.447042,-1.448644,0.036146,0.992352,-0.11802699999999999,-0.026364,-0.035051,0.011773,-0.007902,0.009951999999999999,-0.005493
8167,0.300129,-1.4474639999999999,-1.445051,0.03637,0.9924040000000001,-0.117521,-0.027426,-0.026555000000000002,0.019233,-0.004601,0.018414,-0.009386
8168,0.313582,-1.447899,-1.4314360000000002,0.037814999999999994,0.992458,-0.11660999999999999,-0.03267,0.004314,0.029842,0.018902000000000002,0.012334,0.007312000000000001
8169,0.32121700000000003,-1.448415,-1.424099,0.038542,0.9925209999999999,-0.11583299999999999,-0.041157,0.021363,0.036170999999999995,0.021866999999999998,0.008959,0.011936
8170,0.335931,-1.449443,-1.409892,0.039906,0.9926459999999999,-0.11428900000000002,-0.053894000000000004,0.032077,0.031797000000000006,0.020458,-0.000306,0.016541
8171,0.34465100000000004,-1.4502899999999999,-1.402056,0.040617,0.992748,-0.11314500000000001,-0.055913,0.056589999999999994,0.030683999999999996,0.019655000000000002,-0.003261,0.008379000000000001
8172,0.35888600000000004,-1.450808,-1.3892799999999998,0.042043000000000004,0.9928100000000001,-0.112075,-0.044072,0.082107,0.032872000000000005,0.018809,4.9e-05,0.001372
8173,0.367868,-1.451351,-1.381995,0.042854,0.992875,-0.11118900000000001,-0.038689999999999995,0.088497,0.028629,0.014580000000000001,0.0009449999999999999,-0.002077
8174,0.387996,-1.45134,-1.363494,0.045087,0.9928739999999999,-0.11031500000000001,-0.024836,0.071461,0.014866999999999998,0.019946000000000002,0.008988,0.015038999999999999
8175,0.397275,-1.452179,-1.3556629999999998,0.045787,0.992973,-0.109123,-0.029033,0.072601,-0.000117,0.015340000000000001,0.006661,0.020225999999999997
8176,0.405858,-1.453423,-1.348776,0.046234,0.9931200000000001,-0.10759200000000001,-0.044910000000000005,0.090809,-0.010931999999999999,0.014511000000000001,0.010740999999999999,0.023195
8177,0.417941,-1.455219,-1.338718,0.046806,0.9933280000000001,-0.105394,-0.065135,0.102594,-0.010018,0.009316,0.024600999999999998,0.011141
8178,0.424658,-1.456919,-1.333899,0.046817000000000004,0.9935229999999999,-0.103538,-0.07799199999999999,0.08986,-0.011159,-0.003192,0.013252000000000002,0.000755
8179,0.42752700000000005,-1.458732,-1.3328870000000002,0.046367,0.993727,-0.101764,-0.080044,0.099489,-0.019733,-0.011806,0.006669,0.0013460000000000002
8180,0.42064700000000005,-1.460583,-1.341585,0.044915,0.993933,-0.10040199999999999,-0.07685299999999999,0.08992,-0.027180000000000003,-0.021493,0.007853,-0.009049
8181,0.41174399999999994,-1.462202,-1.351787,0.043375,0.994109,-0.09932300000000001,-0.07159299999999999,0.053759,-0.046329,-0.011590999999999999,0.010163,-0.009853
8182,0.405496,-1.463803,-1.3584209999999999,0.042126,0.994282,-0.098129,-0.058983,-0.009055,-0.066457,-0.002804,0.006770999999999999,-0.005371
8183,0.40724899999999997,-1.465419,-1.3559350000000001,0.041661000000000004,0.994453,-0.09658,-0.042107,-0.052786,-0.067347,0.021586,0.000176,0.014061
8184,0.41532600000000003,-1.4667569999999999,-1.346983,0.041902999999999996,0.9945930000000001,-0.09502200000000001,-0.038947,-0.040099,-0.045971,0.028288,0.007391,0.015356
8185,0.42073900000000003,-1.4679280000000001,-1.341413,0.041941,0.994714,-0.093731,-0.055922,0.004608,-0.022644,0.028066000000000004,0.0074069999999999995,0.011563
8186,0.43734300000000004,-1.4689299999999998,-1.325105,0.04307,0.994816,-0.09212000000000001,-0.059187000000000003,0.01093,-0.002373,0.021612,-0.008167,0.007784
8187,0.44706999999999997,-1.469601,-1.315101,0.043674,0.994884,-0.09109400000000001,-0.034950999999999996,-0.031863999999999996,0.022421,0.001568,-0.012661,0.00186
8188,0.450495,-1.469738,-1.310516,0.043927,0.994898,-0.090821,-0.010615000000000001,-0.063959,0.03545,-0.022519,-0.00564,-0.005035
8189,0.44717299999999993,-1.469638,-1.311878,0.043668,0.9948879999999999,-0.091057,-0.002333,-0.120447,0.035577,-0.037321,-0.012374,-0.012261
8190,0.448168,-1.4692399999999999,-1.3072780000000002,0.043930000000000004,0.994848,-0.09137,0.013253000000000001,-0.22273,0.026202999999999997,-0.046845,-0.007176999999999999,-0.011993
8191,0.43267,-1.469055,-1.316909,0.042586,0.9948290000000001,-0.09220700000000001,0.036292000000000005,-0.328235,0.016880000000000003,-0.046248000000000004,0.00569,-0.001467
8192,0.422969,-1.467981,-1.319065,0.042128,0.994719,-0.09358999999999999,0.062657,-0.402871,0.010751,-0.020675,0.008867,0.007698
8193,0.41599899999999995,-1.467074,-1.317653,0.041839999999999995,0.994626,-0.094706,0.054028999999999994,-0.420959,0.012851,0.012024,0.022708000000000002,0.018443
8194,0.408033,-1.466426,-1.317896,0.041339,0.9945579999999999,-0.09562799999999999,0.016967,-0.360104,0.011446,0.044354000000000005,0.028879000000000002,0.03621
8195,0.42021800000000004,-1.4665110000000001,-1.2996159999999999,0.042467000000000005,0.994567,-0.09504,-0.000852,-0.276997,0.022971000000000002,0.053678,0.022889,0.0337
8196,0.42048199999999997,-1.46634,-1.294466,0.042562,0.994549,-0.095185,-0.003861,-0.230131,0.027163,0.044886,0.014469,0.016022
8197,0.41983000000000004,-1.466314,-1.290784,0.04251,0.994547,-0.095235,-0.0068790000000000006,-0.20555500000000002,0.011087,0.033906,0.0012720000000000001,0.011327
8198,0.424755,-1.46617,-1.282432,0.043037,0.994532,-0.09515499999999999,-0.006548999999999999,-0.150088,-0.007137999999999999,0.03167,0.011908,0.000322
8199,0.421285,-1.46652,-1.28368,0.042565,0.994568,-0.094986,-0.015844,-0.091426,-0.016891999999999997,0.043632,0.019333000000000003,-0.012924000000000001
8200,0.43176000000000003,-1.466216,-1.2719790000000002,0.043684,0.9945360000000001,-0.09481,-0.015623,-0.046668,-0.021214,0.056185,0.008149,-0.004829
8201,0.428791,-1.466646,-1.27514,0.043225,0.9945809999999999,-0.09455,-0.012006000000000001,0.042816,-0.024508000000000002,0.047352,-0.005201,0.008246999999999999
8202,0.438171,-1.465644,-1.26724,0.044532,0.994477,-0.09504299999999999,0.007344,0.06940199999999999,-0.029741000000000004,0.026375,-0.000672,-0.014072999999999999
8203,0.43678500000000003,-1.4647290000000002,-1.2692729999999999,0.044785000000000005,0.9943799999999999,-0.095929,0.039021,0.004275,-0.020888,0.024184999999999998,0.005788000000000001,-0.013125999999999999
8204,0.437837,-1.46331,-1.267792,0.045484,0.9942290000000001,-0.09715900000000001,0.059066999999999995,-0.036314,-0.011078,0.0143,-0.003201,0.000983
8205,0.43455,-1.4622879999999998,-1.2706030000000001,0.045593,0.9941190000000001,-0.098231,0.072973,-0.009803000000000001,0.007146,0.006836,0.001334,0.014719999999999999
8206,0.44006999999999996,-1.461272,-1.265918,0.046564,0.994008,-0.09889099999999999,0.076439,0.07,0.027366,0.008428,-0.0024010000000000004,0.014708
8207,0.449955,-1.460243,-1.258282,0.047984,0.9938950000000001,-0.099346,0.073407,0.125338,0.044367000000000004,0.009618000000000002,0.005082,0.016978999999999998
8208,0.45891099999999996,-1.4586059999999998,-1.251849,0.049593,0.993713,-0.100371,0.090436,0.11994,0.0477,0.0040420000000000005,0.015717,0.005614
8209,0.461103,-1.456621,-1.25203,0.05069,0.993489,-0.102029,0.104348,0.12523499999999999,0.043517,-0.0014960000000000002,0.018016,0.0071189999999999995
8210,0.460958,-1.4550610000000002,-1.255295,0.051365,0.99331,-0.103424,0.089693,0.175406,0.03053,-0.007984,0.012595,0.006103
8211,0.458225,-1.454757,-1.261971,0.051216,0.993275,-0.103835,0.06751499999999999,0.20858000000000002,0.012169,-0.015907,0.018397999999999998,0.010787
8212,0.45609799999999995,-1.454192,-1.2684389999999999,0.051241999999999996,0.993209,-0.104448,0.052703,0.218293,-0.006108,-0.017291,0.022919,0.011156000000000001
8213,0.45053000000000004,-1.454582,-1.278286,0.050491,0.9932549999999999,-0.10438299999999999,0.029334,0.209981,-0.038310000000000004,-0.011367,0.028748000000000003,0.011396
8214,0.437625,-1.455224,-1.2954350000000001,0.048869,0.9933290000000001,-0.104448,0.010289,0.210189,-0.073698,-0.012431000000000001,0.02167,-0.008467
8215,0.42449899999999996,-1.455928,-1.312878,0.047206,0.99341,-0.10444300000000001,-0.008789,0.21142800000000003,-0.10054,-0.011318,0.012343000000000002,-0.011264
8216,0.40465500000000004,-1.457001,-1.336853,0.044705,0.993532,-0.104379,-0.025823000000000002,0.201968,-0.11774100000000001,-0.013806,0.012724,-0.012168
8217,0.381856,-1.4586290000000002,-1.364016,0.041711,0.9937159999999999,-0.103871,-0.045906999999999996,0.22430799999999998,-0.139318,-0.010492,0.015012000000000001,-0.008693000000000001
8218,0.36289,-1.46058,-1.387686,0.039044999999999996,0.9939319999999999,-0.10282899999999999,-0.056512,0.226523,-0.151146,-0.007856,0.019144,-0.011062
8219,0.342141,-1.462545,-1.412749,0.036248,0.9941469999999999,-0.101778,-0.064089,0.197804,-0.155436,0.000648,0.008631,-0.012053
8220,0.320755,-1.4640549999999999,-1.43792,0.033589999999999995,0.994309,-0.101105,-0.06841599999999999,0.17760399999999998,-0.161849,0.005763,0.0053560000000000005,-0.021759
8221,0.298361,-1.4660389999999999,-1.464197,0.030737999999999998,0.994518,-0.09994600000000001,-0.084287,0.193691,-0.174799,0.007669,0.004338,-0.02455
8222,0.274945,-1.46797,-1.491771,0.027868,0.994718,-0.09879,-0.09698999999999999,0.20018699999999998,-0.189849,0.011286,-0.0072,-0.01765
8223,0.248723,-1.469786,-1.52215,0.024822999999999998,0.9949030000000001,-0.097735,-0.089504,0.199113,-0.19406700000000002,0.003116,-0.000488,-0.013013
8224,0.2184,-1.471929,-1.556589,0.021387,0.995117,-0.096362,-0.07674299999999999,0.195846,-0.187565,0.000891,-0.0008539999999999999,-0.017804
8225,0.184054,-1.473049,-1.594829,0.017861000000000002,0.9952270000000001,-0.095944,-0.056627,0.180781,-0.16710999999999998,-0.010384000000000001,-0.007418000000000001,-0.023258
8226,0.147799,-1.473533,-1.634503,0.014301,0.995274,-0.096051,-0.039788,0.15929200000000002,-0.135991,-0.014422999999999998,-0.018818,-0.009403
8227,0.12673900000000002,-1.4741440000000001,-1.658695,0.012198,0.995333,-0.095729,-0.018680000000000002,0.14628,-0.097372,-0.008048,-0.018694,-0.009984
8228,0.113105,-1.473949,-1.674914,0.010914,0.9953139999999999,-0.096078,0.010844,0.11085199999999999,-0.054391999999999996,-8e-05,-0.016066,-0.006673999999999999
8229,0.101482,-1.472864,-1.6882080000000002,0.009904999999999999,0.995209,-0.097273,0.031791,0.066926,-0.010395,-0.018221,-0.00061,-0.012804
8230,0.097889,-1.4717930000000001,-1.692577,0.00966,0.9951030000000001,-0.098368,0.048555,0.025215,0.016479,-0.024324000000000002,0.004256,-0.011724
8231,0.08980199999999999,-1.4706139999999999,-1.70059,0.008969,0.994986,-0.099611,0.061089,-0.013266,0.037975,-0.034497,0.013544,0.0033439999999999998
8232,0.084562,-1.469626,-1.705177,0.00853,0.9948870000000001,-0.100637,0.068392,-0.034658,0.053002999999999995,-0.031754000000000004,0.009599,0.005849
8233,0.088538,-1.468436,-1.700075,0.009035,0.994766,-0.101781,0.069286,-0.064523,0.061591,-0.027941000000000004,0.005249,0.011861
8234,0.08931599999999999,-1.4677799999999999,-1.697482,0.009172,0.994699,-0.102424,0.07232899999999999,-0.095441,0.06485199999999999,-0.017168,-0.0039759999999999995,0.021293
8235,0.0918,-1.46718,-1.6928880000000002,0.009481999999999999,0.9946370000000001,-0.102996,0.070149,-0.099716,0.07017999999999999,-0.022787,0.009651,0.021407
8236,0.097419,-1.466272,-1.685152,0.010148,0.994542,-0.10383900000000001,0.058426,-0.102846,0.063691,-0.023377000000000002,0.014613,0.020862000000000002
8237,0.096972,-1.4660879999999998,-1.6836220000000002,0.010119,0.9945229999999999,-0.104026,0.046797000000000005,-0.08891399999999999,0.052905999999999995,-0.024203,0.016784,0.014533
8238,0.09460700000000001,-1.466057,-1.684245,0.009876000000000001,0.9945200000000001,-0.10407999999999999,0.034071,-0.083647,0.037814999999999994,-0.021015,0.015581,0.015487
8239,0.094513,-1.465951,-1.6822979999999998,0.009876000000000001,0.994509,-0.10418599999999999,0.022262,-0.11231700000000001,0.024949000000000002,-0.018131,0.017575999999999998,0.019927
8240,0.089857,-1.4663190000000002,-1.684575,0.009358,0.994547,-0.10386600000000001,0.022297,-0.112284,0.016401,-0.017018000000000002,0.015691,0.011154
8241,0.08229,-1.466482,-1.69025,0.008559,0.9945639999999999,-0.103773,0.017138,-0.084522,0.004576,-0.018095,0.015324,0.012296
8242,0.077141,-1.4666139999999999,-1.6935490000000002,0.008014,0.9945780000000001,-0.10368599999999999,0.010711,-0.100436,-0.006132,-0.015293000000000001,0.009831999999999999,0.01665
8243,0.067858,-1.467475,-1.700491,0.006993000000000001,0.994667,-0.1029,0.006383,-0.12381500000000001,-0.016817,-0.011784999999999999,0.0018690000000000002,0.021891
8244,0.061337,-1.4678870000000002,-1.704448,0.006297,0.99471,-0.10253399999999999,0.010619,-0.130221,-0.016779,0.001607,0.001857,0.009669
8245,0.057685,-1.467765,-1.705445,0.0059299999999999995,0.9946969999999999,-0.10267799999999999,0.011604000000000001,-0.138786,-0.007147,0.006705,0.004555,0.00461
8246,0.054859000000000005,-1.467414,-1.7052630000000002,0.005658,0.994661,-0.10304200000000001,0.018930000000000002,-0.156005,0.002508,-0.001478,0.011275,-0.0022129999999999997
8247,0.051058,-1.467058,-1.7059520000000001,0.005285,0.994624,-0.10341700000000001,0.022121000000000002,-0.152841,0.007866,-0.004339,0.007756,0.00042
8248,0.048543,-1.466559,-1.7055509999999998,0.0050490000000000005,0.9945719999999999,-0.103926,0.024303,-0.144318,0.005734,0.003908,0.003932,0.006025
8249,0.048001,-1.466611,-1.702912,0.00499,0.9945780000000001,-0.103877,0.020995,-0.173048,0.000408,0.004837,0.005422,0.011989
8250,0.043791000000000004,-1.466397,-1.703345,0.004562,0.994555,-0.10411,0.020916999999999998,-0.19539700000000002,-0.004905,0.0022429999999999998,0.007291,0.008178
8251,0.037293,-1.466199,-1.70602,0.0038929999999999998,0.9945350000000001,-0.104335,0.018855,-0.18365499999999998,-0.009208,-0.001131,0.009173,0.002437
8252,0.033043,-1.466259,-1.70721,0.003447,0.994541,-0.10429000000000001,0.009481999999999999,-0.135671,-0.012539,0.002137,0.00227,0.006359
8253,0.028193,-1.466129,-1.709481,0.002945,0.994527,-0.10443499999999999,0.012687,-0.13461700000000001,-0.012518000000000001,0.001877,0.004282,0.003865
8254,0.021249,-1.4657120000000001,-1.7131990000000001,0.002229,0.994484,-0.104868,0.027402999999999997,-0.176244,-0.0048850000000000005,-0.00847,0.002815,-0.001074
8255,0.013307,-1.4650100000000001,-1.7174619999999998,0.001405,0.99441,-0.10558,0.033737,-0.18057,0.005845,-0.010606,0.007391,-0.004268
8256,0.011684,-1.463639,-1.715387,0.00125,0.9942639999999999,-0.106945,0.041102,-0.1913,0.018729,0.0049299999999999995,-0.000749,-0.010884
8257,0.014667,-1.462342,-1.7081009999999999,0.001588,0.994125,-0.10822999999999999,0.058971,-0.23192,0.038133999999999994,0.008743,0.002534,-0.011872
8258,0.021987,-1.460731,-1.695817,0.002415,0.993949,-0.10981700000000001,0.07053,-0.252277,0.057471,0.005642,0.00866,-0.0012519999999999999
8259,0.028834,-1.459215,-1.683731,0.00321,0.9937809999999999,-0.111303,0.067224,-0.261909,0.07134700000000001,0.000101,0.008248,-0.003611
8260,0.036134,-1.457842,-1.671073,0.004072,0.993627,-0.11264,0.062933,-0.26297600000000004,0.07559099999999999,-0.001814,0.008555,-0.000732
8261,0.044677,-1.456459,-1.657531,0.005095000000000001,0.9934709999999999,-0.113975,0.052404,-0.23629,0.071211,0.010879999999999999,0.016005000000000002,-0.009133
8262,0.057186,-1.4551610000000001,-1.640466,0.006594,0.9933219999999999,-0.11518900000000001,0.043985,-0.22130300000000003,0.060453999999999994,0.018155,0.016641999999999997,-0.006957
8263,0.064746,-1.45426,-1.628664,0.007523,0.993217,-0.11603,0.032402999999999994,-0.198844,0.048595,0.016418000000000002,0.00988,-0.004881
8264,0.07459099999999999,-1.4532559999999999,-1.6153540000000002,0.008739,0.9931,-0.116943,0.023066,-0.156136,0.032455,0.025029,0.006731999999999999,-0.015549
8265,0.08745599999999999,-1.452164,-1.599882,0.010338,0.9929709999999999,-0.11790199999999999,0.018969999999999997,-0.12221199999999999,0.020619,0.035744,0.006128,-0.012027
8266,0.088357,-1.4518520000000001,-1.596857,0.010471,0.992934,-0.118201,0.012699,-0.095549,0.018405,0.03561,0.0061649999999999995,-0.011727
8267,0.103538,-1.451103,-1.580296,0.012341,0.9928450000000001,-0.11876800000000001,0.008643000000000001,-0.056089,0.010855,0.040119,0.0034770000000000005,-0.007896
8268,0.12742,-1.449911,-1.5561260000000001,0.015324,0.9927020000000001,-0.11961400000000001,0.009999,-0.000664,0.002258,0.049541,0.002293,-0.011017
8269,0.136663,-1.449288,-1.547548,0.016513,0.992627,-0.12007899999999999,0.010216,0.045152,6.9e-05,0.051358,-0.000241,-0.012565
8270,0.15646,-1.448104,-1.529183,0.01907,0.992483,-0.12089000000000001,0.017805,0.076002,0.004364,0.054172000000000005,-0.008245,-0.013296
8271,0.181328,-1.445943,-1.50626,0.022456999999999998,0.992216,-0.12248800000000001,0.03385,0.097201,0.017278,0.042484,-0.010313,-0.014353
8272,0.19162,-1.4445780000000001,-1.498157,0.023974000000000002,0.9920450000000001,-0.123579,0.05416,0.11308,0.024880000000000003,0.038892,-0.001673,-0.010057
8273,0.20959899999999998,-1.442733,-1.482694,0.026573000000000003,0.9918110000000001,-0.124918,0.070141,0.125599,0.035681,0.040702999999999996,0.009470999999999999,-0.002447
8274,0.235529,-1.440741,-1.4596200000000001,0.030264,0.991555,-0.126108,0.078723,0.146834,0.046405,0.041574,0.007942,0.003199
8275,0.250364,-1.438896,-1.448326,0.032585,0.9913139999999999,-0.127418,0.07568,0.19367,0.058077,0.039162,0.016941,0.0038829999999999997
8276,0.27164,-1.436916,-1.4312850000000001,0.035814,0.991051,-0.12858599999999998,0.073622,0.21815,0.065514,0.006422,-0.001046,-0.0061340000000000006
8277,0.282909,-1.434803,-1.424701,0.037846,0.990767,-0.130186,0.084455,0.255393,0.066611,0.00375,-0.002486,-0.008959
8278,0.293194,-1.432541,-1.420268,0.039830000000000004,0.990458,-0.131934,0.09652100000000001,0.317184,0.054865,-0.000279,-0.000666,-0.005456
8279,0.301307,-1.430467,-1.4187370000000001,0.041509,0.9901700000000001,-0.13356800000000002,0.105128,0.332072,0.053837,-0.018056,-0.0023769999999999998,0.01017
8280,0.30757199999999996,-1.4285379999999999,-1.418778,0.042923,0.989898,-0.135125,0.10494,0.305381,0.068823,-0.035004,-0.001693,0.01484
8281,0.319098,-1.4260899999999999,-1.4124709999999998,0.045238,0.989548,-0.13692200000000002,0.100219,0.233796,0.088147,-0.071086,0.025649,0.000967
8282,0.31542800000000004,-1.4243649999999999,-1.4192690000000001,0.045264,0.989298,-0.13871,0.07836900000000001,0.125192,0.093467,-0.112784,0.02445,-0.010659
8283,0.323964,-1.422739,-1.4114389999999999,0.046959,0.98906,-0.139843,0.046932,-0.010952,0.067785,-0.117424,0.021255,-0.0069310000000000005
8284,0.326633,-1.421633,-1.4069909999999999,0.047682999999999996,0.9888959999999999,-0.140753,0.041223,-0.122671,0.039046,-0.113402,0.016857,-0.007195999999999999
8285,0.326036,-1.420492,-1.404344,0.04796,0.988726,-0.141851,0.051633000000000005,-0.181293,0.038126,-0.073183,0.013762,-0.012736
8286,0.324709,-1.419136,-1.401237,0.048199,0.9885219999999999,-0.14318499999999998,0.055560000000000005,-0.24739299999999997,0.047852,-0.057614,0.007053,-0.011249
8287,0.32312399999999997,-1.417794,-1.3968049999999999,0.048394,0.988318,-0.144519,0.050905,-0.325176,0.056464999999999994,-0.031150999999999998,0.0019320000000000001,0.004749000000000001
8288,0.32105500000000003,-1.417039,-1.392101,0.04833,0.988203,-0.145327,0.037091000000000006,-0.330381,0.038215,-0.000784,0.011309,0.013155000000000002
8289,0.316054,-1.416508,-1.391281,0.047766,0.9881209999999999,-0.146066,0.014075999999999998,-0.267295,-0.000482,0.044183999999999994,0.007774,0.016488
8290,0.309444,-1.416525,-1.392896,0.046794,0.988124,-0.146362,0.000346,-0.249086,-0.01342,0.075887,-0.001384,0.020003999999999997
8291,0.30392600000000003,-1.41642,-1.39326,0.046017,0.988108,-0.14671700000000001,0.011928,-0.260934,0.009108,0.064747,-0.010477,0.014118
8292,0.301592,-1.415829,-1.391217,0.045848,0.988017,-0.14738099999999998,0.030309,-0.182266,0.033705,0.052785000000000006,-0.007745999999999999,0.011105
8293,0.303676,-1.4148040000000002,-1.386591,0.046457,0.987858,-0.148251,0.042327,-0.092931,0.060379999999999996,0.047857,0.001964,0.007732999999999999
8294,0.31006100000000003,-1.4135010000000001,-1.378642,0.047796,0.987655,-0.149178,0.04659,-0.067486,0.08708300000000001,0.030633999999999998,0.0037549999999999997,0.0037310000000000004
8295,0.31666,-1.411984,-1.37027,0.049246,0.987416,-0.150283,0.053933,-0.10051399999999999,0.081835,-0.000509,0.008251,0.014403999999999998
8296,0.32001799999999997,-1.4103629999999998,-1.364192,0.050253,0.987158,-0.151636,0.06873,-0.14949500000000002,0.063842,-0.011878,0.019341999999999998,0.010584
8297,0.315274,-1.409414,-1.365286,0.049824,0.9870059999999999,-0.152763,0.066471,-0.197344,0.043588,-0.027043,0.021828999999999998,0.010017
8298,0.311504,-1.408374,-1.364387,0.049562,0.9868389999999999,-0.153926,0.034374,-0.251424,0.00925,-0.036516,0.027214999999999996,0.029856999999999998
8299,0.30393200000000004,-1.408081,-1.36686,0.048482,0.986791,-0.154574,0.016395,-0.252281,-0.027194,-0.038106,0.029368000000000002,0.034899
8300,0.29180500000000004,-1.409337,-1.374818,0.046247,0.986994,-0.15396300000000002,0.021037,-0.176628,-0.035808,-0.01425,0.023001,0.026139999999999997
8301,0.28553,-1.409302,-1.378439,0.04529,0.9869879999999999,-0.154284,-0.00010800000000000001,-0.11908800000000001,-0.021074000000000002,-0.00635,0.020565,0.017122
8302,0.281697,-1.40978,-1.3798030000000001,0.044567,0.987065,-0.154003,-0.030070999999999997,-0.136041,-0.018057,-0.024791999999999998,0.009258,0.009334
8303,0.26828,-1.4113850000000001,-1.389966,0.042076999999999996,0.9873209999999999,-0.153058,-0.038713,-0.172179,-0.030895,-0.053323,0.017058,0.001401
8304,0.259919,-1.412344,-1.39436,0.040552,0.9874729999999999,-0.15249000000000001,-0.03456,-0.222163,-0.055371000000000004,-0.059916,0.020203,-0.014288
8305,0.23455,-1.413282,-1.414454,0.036456,0.98762,-0.152569,-0.030463999999999998,-0.28174899999999997,-0.076637,-0.051013,0.012348999999999999,-0.015034
8306,0.21948499999999999,-1.414391,-1.423761,0.033915,0.9877940000000001,-0.152031,-0.041118,-0.288065,-0.08631699999999999,-0.025202000000000002,-0.003754,0.002068
8307,0.201477,-1.416022,-1.4366450000000002,0.030849,0.9880459999999999,-0.151039,-0.044094,-0.24329099999999998,-0.091738,-0.012523999999999999,0.0016079999999999998,0.006843000000000001
8308,0.185652,-1.417037,-1.447934,0.02827,0.988202,-0.150523,-0.025919,-0.238015,-0.094822,-0.011425,0.007174,0.007090000000000001
8309,0.168827,-1.417667,-1.459786,0.025629000000000002,0.9882989999999999,-0.15036300000000002,-0.012155,-0.261499,-0.094696,-0.014322,0.00633,0.011720999999999999
8310,0.148803,-1.419208,-1.475172,0.022387999999999998,0.988532,-0.14934,-0.017253,-0.212461,-0.09907,-0.0059240000000000004,0.008202,0.010424
8311,0.13283299999999998,-1.4206459999999999,-1.487708,0.019812,0.988749,-0.148269,-0.040543,-0.167655,-0.09501699999999999,-0.001425,0.012884,0.012206
8312,0.117218,-1.4226530000000002,-1.500167,0.017262,0.9890469999999999,-0.146589,-0.04167,-0.16133699999999998,-0.075807,-0.007618000000000001,0.015424,0.006756999999999999
8313,0.09608,-1.4227670000000001,-1.5179770000000001,0.014149,0.9890639999999999,-0.146809,-0.037486,-0.167795,-0.062955,-0.009251,0.015009999999999999,-0.02502
8314,0.081863,-1.422639,-1.52878,0.012071,0.9890450000000001,-0.147121,-0.034234,-0.18049500000000002,-0.086417,-0.001084,0.013748,-0.033726
8315,0.066694,-1.421953,-1.5402879999999999,0.009883,0.988943,-0.147965,-0.037343,-0.206932,-0.13233599999999998,0.017583,0.001169,-0.021453
8316,0.049424,-1.422915,-1.552991,0.007279000000000001,0.989085,-0.14716300000000002,-0.05558,-0.265312,-0.168703,0.016021,0.017308,0.007439
8317,0.024686000000000003,-1.424461,-1.572729,0.003599,0.9893120000000001,-0.145769,-0.065121,-0.25249099999999997,-0.169853,0.019503,0.014182,0.004534000000000001
8318,0.010388,-1.426445,-1.583525,0.0014939999999999999,0.989599,-0.143843,-0.093525,-0.15123599999999998,-0.158425,0.041185,0.010309,0.0017079999999999999
8319,0.011037,-1.428502,-1.5814469999999998,0.001565,0.989893,-0.141806,-0.102897,-0.066232,-0.14036700000000002,0.068122,0.010351,-0.008187999999999999
8320,-0.007795999999999999,-1.4304940000000002,-1.599577,-0.00109,0.990174,-0.13983800000000002,-0.097501,-0.032243,-0.120076,0.0624,0.007125,-0.017083
8321,-0.019112,-1.4318870000000001,-1.611057,-0.002646,0.990368,-0.138438,-0.103728,0.020983,-0.10523099999999999,0.002463,-0.00526,-0.023137
8322,-0.032008999999999996,-1.433921,-1.625205,-0.004367,0.9906469999999999,-0.136379,-0.101431,0.074171,-0.08819099999999999,0.003192,-0.009736,-0.025929
8323,-0.042304,-1.435466,-1.637478,-0.005706,0.990857,-0.134797,-0.0651,0.10274200000000001,-0.071951,0.0075829999999999995,-0.013775999999999998,-0.025207
8324,-0.045124,-1.435574,-1.6428169999999997,-0.0060810000000000005,0.990871,-0.13467300000000001,-0.033116,0.130195,-0.038646,0.006508,-0.020916,-0.007370999999999999
8325,-0.044114999999999994,-1.4358790000000001,-1.6447189999999998,-0.005932,0.9909120000000001,-0.134377,-0.007606999999999999,0.15124100000000001,0.004234,0.005398,-0.016868,0.011864
8326,-0.037071,-1.436172,-1.640885,-0.004974,0.990952,-0.134126,0.008352,0.168123,0.031029,0.002121,-0.009842,0.013612
8327,-0.027381,-1.435877,-1.634677,-0.0036829999999999996,0.9909120000000001,-0.13446,0.02224,0.18719,0.046057,-0.004282,-0.000785,0.0025629999999999997
8328,-0.020322999999999997,-1.4355229999999999,-1.6317760000000001,-0.002741,0.990865,-0.13483299999999998,0.030931999999999998,0.22974099999999997,0.053538999999999996,-0.021307,0.016017,0.005194
8329,-0.008219,-1.434866,-1.6241379999999999,-0.001114,0.990776,-0.135507,0.035151999999999996,0.214829,0.049314,-0.028183,0.015281999999999999,0.007761
8330,0.0020559999999999997,-1.434215,-1.6176469999999998,0.00028,0.9906870000000001,-0.136156,0.028607,0.177589,0.043975,-0.054051999999999996,0.018193,0.010744
8331,-0.003005,-1.434213,-1.626051,-0.00040899999999999997,0.9906870000000001,-0.136159,0.015894,0.18408,0.029985,-0.064364,0.010091,0.011754
8332,0.00323,-1.43394,-1.623851,0.00044100000000000004,0.99065,-0.136429,0.012938,0.211894,0.0032229999999999997,-0.05631799999999999,0.0108,0.010849
8333,0.001188,-1.434348,-1.629907,0.000162,0.990705,-0.136025,0.004406,0.18646400000000002,-0.023511,-0.016916,0.016756,0.015374
8334,-0.0008029999999999999,-1.434502,-1.635022,-0.000109,0.990726,-0.135873,-0.016037,0.133332,-0.038541000000000006,-0.008497,0.029033999999999997,0.013694999999999999
8335,-0.0058590000000000005,-1.4356309999999999,-1.6426470000000002,-0.000789,0.9908790000000001,-0.134752,-0.03419,0.133382,-0.035463999999999996,-0.00774,0.027599000000000002,0.014223
8336,-0.01212,-1.437095,-1.6521439999999998,-0.001616,0.991075,-0.133293,-0.045793,0.17916600000000002,-0.019583,-0.012529,0.000517,0.008415
8337,-0.016365,-1.4383139999999999,-1.6600840000000001,-0.0021620000000000003,0.991237,-0.132077,-0.040484,0.191858,-0.001405,-0.014303,-0.007137,0.004391
8338,-0.014722,-1.438921,-1.6622169999999998,-0.001936,0.991317,-0.13147999999999999,-0.018161,0.188524,0.013709,-0.014605000000000002,-0.0060869999999999995,0.002482
8339,-0.017009,-1.438868,-1.6679830000000002,-0.0022370000000000003,0.99131,-0.131527,0.003008,0.17344600000000002,0.036304,-0.023504,-0.002876,-0.0037270000000000003
8340,-0.018966,-1.438046,-1.6727830000000001,-0.00251,0.991202,-0.13233699999999998,0.018764,0.138155,0.05675,-0.02961,-0.0064150000000000006,-0.008745999999999999
8341,-0.013394999999999999,-1.4373200000000002,-1.6694779999999998,-0.0017829999999999999,0.9911049999999999,-0.133069,0.031394,0.11249200000000001,0.069687,-0.032367,-0.009415999999999999,-0.004871
8342,-0.013034,-1.436074,-1.6711779999999998,-0.0017510000000000002,0.9909389999999999,-0.134304,0.048456,0.117729,0.077271,-0.030338999999999998,-0.0049770000000000005,-0.007312999999999999
8343,-0.004307,-1.43471,-1.6646150000000002,-0.000584,0.9907540000000001,-0.135666,0.064421,0.11339500000000001,0.08165900000000001,-0.025661,-0.004243,-0.006867
8344,0.002046,-1.433229,-1.660189,0.000281,0.9905520000000001,-0.13713399999999998,0.077123,0.101589,0.092441,-0.021658,0.0009029999999999999,0.0021550000000000002
8345,0.01065,-1.431925,-1.653114,0.001474,0.990373,-0.138418,0.07805,0.07918,0.101018,-0.018427000000000002,0.016387,0.0048119999999999994
8346,0.023305000000000003,-1.4303299999999999,-1.6418150000000002,0.0032630000000000003,0.990151,-0.139966,0.079093,0.082338,0.10956600000000001,-0.007534999999999999,0.021415,-0.0037409999999999995
8347,0.040126999999999996,-1.428864,-1.626534,0.005675,0.9899450000000001,-0.141342,0.063066,0.080251,0.11266099999999998,0.000352,0.011322,-0.004563
8348,0.058784,-1.4277440000000001,-1.608895,0.008376,0.989785,-0.142318,0.058592,0.048251999999999996,0.126558,0.0011,0.0023870000000000002,0.006057
8349,0.07674600000000001,-1.42658,-1.591558,0.011019,0.989619,-0.143294,0.065963,0.040714,0.140506,-0.005831,0.004278,0.005553
8350,0.094662,-1.425208,-1.574225,0.013713,0.9894209999999999,-0.144425,0.059547,0.037541000000000005,0.140464,-0.009104000000000001,0.014225999999999999,0.002045
8351,0.11072,-1.424305,-1.558667,0.016128999999999998,0.989289,-0.145074,0.05421599999999999,0.038624,0.140424,-0.012343999999999999,0.020766,0.009301
8352,0.126607,-1.423625,-1.5437,0.018516,0.98919,-0.145467,0.0512,0.065326,0.125412,-0.009101,0.01641,0.010717
8353,0.139371,-1.422756,-1.5318559999999999,0.020491,0.9890620000000001,-0.14607,0.040583,0.045251,0.093316,-0.012373,0.01753,0.012998
8354,0.14366400000000001,-1.4233149999999999,-1.52793,0.021038,0.989144,-0.14543299999999998,0.027795999999999998,0.017726,0.061212,-0.022838999999999998,0.027747000000000004,0.027956
8355,0.146,-1.424944,-1.5258399999999999,0.021144,0.989382,-0.143789,0.017245,0.019995,0.035496,-0.014063999999999998,0.0037359999999999997,0.04476
8356,0.150145,-1.425773,-1.522375,0.021616999999999997,0.989502,-0.14289000000000002,0.006798,0.047819,0.012953999999999999,-0.002376,-0.001999,0.044851999999999996
8357,0.156493,-1.427278,-1.517388,0.022291,0.989719,-0.141279,0.003779,0.075581,-0.0009880000000000002,0.009828,0.0055509999999999995,0.033048
8358,0.161471,-1.428799,-1.51429,0.022752,0.989935,-0.13968,-0.0067469999999999995,0.098031,-0.011771,0.001326,0.02659,0.014603
8359,0.16133699999999998,-1.429545,-1.516468,0.022615,0.990041,-0.138954,-0.021655,0.102353,-0.014018000000000001,-0.006807,0.029521,0.012473999999999999
8360,0.156566,-1.430896,-1.523295,0.021743000000000002,0.9902299999999999,-0.137739,-0.034412,0.10774500000000001,-0.019458,-0.022247,0.018574,0.008741
8361,0.148281,-1.432317,-1.533698,0.020393,0.9904270000000001,-0.136522,-0.039689999999999996,0.106754,-0.033384,-0.009468,0.015722,0.002092
8362,0.144542,-1.433327,-1.539234,0.019739,0.990566,-0.135607,-0.037676999999999995,0.069505,-0.044005,-0.003274,0.015262999999999999,0.003054
8363,0.139244,-1.434331,-1.545292,0.018882,0.9907030000000001,-0.134725,-0.047504000000000005,0.019472,-0.044009,-0.001929,0.006642,-0.002512
8364,0.130767,-1.435454,-1.554068,0.017594,0.9908549999999999,-0.133778,-0.06563,0.016361,-0.049475,-0.00644,0.011724,-0.005626
8365,0.124152,-1.436823,-1.561138,0.016541,0.9910389999999999,-0.132545,-0.064525,0.016391,-0.058013,0.0009310000000000001,0.014316999999999998,-0.0061270000000000005
8366,0.120572,-1.438273,-1.56481,0.015893,0.991232,-0.131176,-0.058252,-0.007203,-0.06641699999999999,0.012366,-0.0048579999999999995,0.003796
8367,0.112651,-1.439667,-1.572885,0.014699,0.9914149999999999,-0.12992599999999999,-0.06666699999999999,0.012031,-0.073978,0.011089,-0.002447,0.001187
8368,0.104527,-1.4413989999999999,-1.5817459999999999,0.013463,0.99164,-0.128332,-0.085737,0.037682,-0.078416,0.010081,0.015852,-0.002588
8369,0.096346,-1.443293,-1.590515,0.012232,0.9918819999999999,-0.12656900000000001,-0.097606,0.007896,-0.07846,0.001607,0.015396,-0.010684
8370,0.08202999999999999,-1.444687,-1.604394,0.010306000000000001,0.992059,-0.125353,-0.096695,-0.041055,-0.092278,-0.004477,0.006751000000000001,-0.021254
8371,0.064187,-1.4460600000000001,-1.621372,0.00798,0.99223,-0.12415699999999999,-0.09022000000000001,-0.04844,-0.115725,0.000778,1.8e-05,-0.031635
8372,0.050105000000000004,-1.4466299999999999,-1.6347559999999999,0.006203,0.992301,-0.12369200000000001,-0.08268099999999999,-0.040979,-0.12315699999999999,0.024315,0.002068,-0.02882
8373,0.036838,-1.447784,-1.647355,0.004519,0.9924440000000001,-0.122619,-0.076321,-0.043161,-0.115629,0.03935,0.0008880000000000001,-0.017273
8374,0.033551,-1.449022,-1.6502580000000002,0.004075,0.9925950000000001,-0.121406,-0.069895,-0.020988,-0.103795,0.042205,-0.0015970000000000001,-0.002694
8375,0.031689,-1.450356,-1.6523310000000002,0.003807,0.992756,-0.12008900000000002,-0.06554600000000001,0.015144,-0.085645,0.033181,-0.015475999999999998,0.001147
8376,0.025782999999999997,-1.4517440000000001,-1.659405,0.003062,0.992922,-0.11873199999999999,-0.06958400000000001,0.070536,-0.081469,0.034673,0.002043,0.002872
8377,0.02089,-1.4532770000000002,-1.6663009999999998,0.002449,0.993102,-0.117224,-0.067321,0.095047,-0.085755,0.039894,0.008270999999999999,0.0049039999999999995
8378,0.017546,-1.455217,-1.671554,0.002023,0.9933280000000001,-0.11530499999999999,-0.067419,0.086474,-0.072923,0.013159,0.0065650000000000005,0.011575
8379,0.007613,-1.456661,-1.6835229999999999,0.000867,0.9934940000000001,-0.11388399999999999,-0.072681,0.106716,-0.068713,-0.0006230000000000001,0.002066,-0.002541
8380,-0.0021579999999999998,-1.4580600000000001,-1.6956779999999998,-0.00024300000000000002,0.9936520000000001,-0.112498,-0.06517,0.11521600000000001,-0.06974,-0.003053,-0.001281,-0.006307
8381,-0.01329,-1.458921,-1.709036,-0.001484,0.993749,-0.111632,-0.048195999999999996,0.101148,-0.068498,0.00035499999999999996,-0.000691,-0.009447
8382,-0.018817,-1.45935,-1.716552,-0.002093,0.9937959999999999,-0.111195,-0.033331,0.090422,-0.063038,0.012758,0.005212,-0.006923
8383,-0.024224000000000002,-1.459725,-1.7236490000000002,-0.0026850000000000003,0.9938379999999999,-0.11081099999999999,-0.018524000000000002,0.075401,-0.049027,0.013961000000000001,-0.0006889999999999999,-0.0038439999999999998
8384,-0.024449000000000002,-1.459915,-1.725307,-0.002705,0.993859,-0.110621,-0.009052,0.063581,-0.031853,0.012394,0.009406,-0.0031030000000000003
8385,-0.022921,-1.460243,-1.724921,-0.002529,0.9938950000000001,-0.110299,0.00041,0.045388,-0.018943,0.009531999999999999,-0.004637,0.008020000000000001
8386,-0.023566,-1.4604139999999999,-1.72622,-0.0025960000000000002,0.993914,-0.110128,0.01312,0.024041999999999997,-0.019894,0.010485,-0.004534000000000001,0.014547
8387,-0.019021,-1.46054,-1.7221810000000002,-0.002093,0.993928,-0.11001300000000001,0.021625,0.020804,-0.016623,0.020358,0.007995,0.010694
8388,-0.013266,-1.461111,-1.716822,-0.001452,0.993991,-0.109456,0.01624,0.012293,-0.014511000000000001,0.019259000000000002,0.012586,0.020543000000000002
8389,-0.01234,-1.4613969999999998,-1.7161419999999998,-0.001347,0.994022,-0.109173,0.015143,0.012117000000000001,-0.018793,0.018544,0.018887,0.024166999999999998
8390,-0.013825,-1.462015,-1.7181560000000002,-0.001501,0.9940889999999999,-0.108556,0.011012000000000001,0.034538,-0.027395999999999997,-0.001948,0.029332999999999998,0.009298
8391,-0.021008000000000002,-1.461775,-1.7266099999999998,-0.002286,0.9940629999999999,-0.10878199999999999,-0.000411,0.07941799999999999,-0.052101999999999996,0.001477,0.016663999999999998,-0.006268999999999999
8392,-0.033298,-1.461962,-1.740734,-0.003616,0.9940829999999999,-0.10855899999999999,-0.017275,0.08602699999999999,-0.091753,0.002807,0.016643,-0.006492
8393,-0.042686,-1.462237,-1.7516919999999998,-0.0046229999999999995,0.9941129999999999,-0.108248,-0.018356,0.061614999999999996,-0.11309100000000001,0.033249,0.010754000000000001,-0.00247
8394,-0.04206,-1.462238,-1.752775,-0.004556,0.9941129999999999,-0.108249,-0.027812,0.089363,-0.11745799999999999,0.055352,-0.009493999999999999,-0.0126
8395,-0.046218,-1.462369,-1.759684,-0.005,0.994128,-0.1081,-0.023381,0.15315299999999998,-0.08973099999999999,0.059213999999999996,-0.033464999999999995,-0.010995
8396,-0.05636,-1.462727,-1.773019,-0.006076,0.994166,-0.107688,-0.030983,0.144572,-0.068409,0.035434,0.031575,-0.040567
8397,-0.054899,-1.462212,-1.774587,-0.005946,0.99411,-0.108208,-0.031123,0.137016,-0.043829,0.031001,0.007965,-0.057075
8398,-0.057084,-1.461992,-1.779259,-0.006195,0.994087,-0.10841300000000001,0.028449000000000002,0.11967799999999999,-0.022026,0.032105,-0.023826,-0.028687
8399,-0.048125,-1.460776,-1.7730290000000002,-0.005282,0.9939540000000001,-0.109672,0.039143,0.137699,-0.009153,0.039416,0.006031,-0.008782
8400,-0.04137,-1.460237,-1.7687979999999999,-0.004563,0.9938950000000001,-0.11024,0.027249000000000002,0.115319,0.0036130000000000003,0.01909,0.001192,0.00468
8401,-0.036881,-1.459808,-1.766645,-0.004084,0.9938469999999999,-0.11068499999999999,0.020834000000000002,0.121695,0.013174000000000002,0.010889,-1.2e-05,2.8999999999999997e-05
8402,-0.030115,-1.459362,-1.7621080000000002,-0.003348,0.993798,-0.111154,0.024943,0.105624,0.032451,-0.003747,0.010856000000000001,-0.009299
8403,-0.024074,-1.458603,-1.7580759999999998,-0.002695,0.993713,-0.111926,0.023858,0.106672,0.037783,-0.025961,-0.001083,-0.015484999999999999
8404,-0.016972,-1.458081,-1.7533400000000001,-0.0019089999999999999,0.993654,-0.11245999999999999,0.030436,0.126967,0.018575,-0.029372000000000002,-0.00168,-0.014554
8405,-0.019853,-1.4570049999999999,-1.7587270000000002,-0.002254,0.993533,-0.113524,0.052941999999999996,0.124855,-0.005837,-0.029454,0.0021030000000000003,-0.00022999999999999998
8406,-0.027415,-1.455805,-1.7685959999999998,-0.003145,0.993396,-0.114696,0.057199,0.11316099999999998,-0.015409,-0.033308,0.00903,-0.0016829999999999998
8407,-0.027176,-1.454787,-1.7705259999999998,-0.003145,0.9932790000000001,-0.11570599999999999,0.045416000000000005,0.10679300000000001,-0.01121,-0.035597000000000004,0.011574,-0.000185
8408,-0.026458,-1.453928,-1.771986,-0.003085,0.993179,-0.11656099999999998,0.044349,0.108919,-0.009084,-0.034269,0.01323,0.003646
8409,-0.044915,-1.453284,-1.7925,-0.0052640000000000004,0.9931030000000001,-0.117123,0.046472,0.108903,-0.006940000000000001,-0.024887,0.009155,0.003445
8410,-0.048184,-1.4526139999999998,-1.797773,-0.005679,0.993025,-0.117771,0.037874,0.091901,-0.010185,-0.017652,0.012575,0.007969
8411,-0.05667899999999999,-1.452223,-1.807913,-0.006701,0.992978,-0.11810599999999999,0.039963,0.08973300000000001,-0.002693,-0.026136000000000003,0.000521,0.008777
8412,-0.060525,-1.451648,-1.813723,-0.00719,0.9929100000000001,-0.118649,0.037886,0.103585,-0.0016600000000000002,-0.026470999999999998,0.004557,0.009122
8413,-0.064069,-1.4510889999999999,-1.819189,-0.007645999999999999,0.9928440000000001,-0.119176,0.034641000000000005,0.091887,-0.0038060000000000004,-0.024413,0.008713,0.007176
8414,-0.074722,-1.450481,-1.831433,-0.00896,0.992771,-0.11969,0.038917,0.080209,-0.017652,-0.025342,0.007092,0.001511
8415,-0.087286,-1.449677,-1.845523,-0.010533,0.992674,-0.12036400000000001,0.038945,0.07599,-0.028332999999999997,-0.024105,0.007051000000000001,0.003207
8416,-0.095676,-1.44896,-1.855334,-0.011609999999999999,0.9925870000000001,-0.120979,0.035733999999999995,0.067505,-0.034756,-0.023821000000000002,0.004147,0.005804999999999999
8417,-0.10986800000000001,-1.448689,-1.8708209999999998,-0.013355,0.992554,-0.12106900000000001,0.019725,0.065434,-0.035937000000000004,-0.023784,0.011856,0.0065060000000000005
8418,-0.12383699999999999,-1.448272,-1.885907,-0.015096,0.992503,-0.121281,0.015399000000000001,0.050544,-0.038088,-0.022761,0.00974,-0.001964
8419,-0.132689,-1.447749,-1.895619,-0.016238,0.992439,-0.12165799999999999,0.014266,0.036695,-0.037012,-0.020124,0.012459,-0.004196
8420,-0.14544100000000001,-1.446923,-1.908938,-0.017907,0.9923379999999999,-0.122252,0.016338,0.021778,-0.03805,-0.021369,0.005374,-0.006013
8421,-0.158026,-1.446218,-1.9217400000000002,-0.019554,0.99225,-0.122708,0.016194,0.006537,-0.038045999999999996,-0.017906000000000002,0.007567,-0.002841
8422,-0.166026,-1.445626,-1.92975,-0.020632,0.9921760000000001,-0.123127,0.022528,-0.004155,-0.033716,-0.014707,0.005809,-0.001918
8423,-0.172871,-1.444959,-1.936451,-0.021588,0.992093,-0.123635,0.020340999999999998,-0.008438,-0.02625,-0.008745999999999999,0.005328,-0.001411
8424,-0.179319,-1.44445,-1.942518,-0.022475,0.992029,-0.12398900000000002,0.012754000000000001,-0.025495,-0.016668000000000002,-0.011567000000000001,0.015936000000000002,-0.002247
8425,-0.183544,-1.44412,-1.946013,-0.023059,0.9919870000000001,-0.12421600000000001,0.01372,-0.039381,-0.008099,-0.012173999999999999,0.013857,-0.0021420000000000002
8426,-0.188306,-1.443236,-1.949888,-0.023814,0.991875,-0.12496600000000001,0.027523000000000002,-0.045855,0.00055,-0.011387999999999999,-0.032692,-0.005481000000000001
8427,-0.18976800000000002,-1.4423190000000001,-1.950552,-0.024168000000000002,0.991758,-0.125824,0.034016000000000005,-0.035186,-0.009033,0.002501,-0.00926,-0.004242
8428,-0.189622,-1.441434,-1.9493,-0.024315,0.9916440000000001,-0.12669,0.045536,-0.072554,0.001778,0.005989,-0.0005549999999999999,-0.000538
8429,-0.190745,-1.4406139999999998,-1.9486880000000002,-0.024612000000000002,0.9915379999999999,-0.12746,0.039015,-0.083248,0.017769,-0.011384,0.017373,-0.0008210000000000001
8430,-0.191367,-1.4398090000000001,-1.947701,-0.024843,0.991433,-0.128229,0.031562,-0.071538,0.026246,-0.011458,0.008078,-0.003928
8431,-0.18993,-1.4391909999999999,-1.9447299999999998,-0.024774,0.991353,-0.128866,0.032624,-0.07579,0.023053,-0.008887,-0.002827,-5.6000000000000006e-05
8432,-0.188961,-1.43854,-1.942118,-0.024771,0.991267,-0.129524,0.038982,-0.0854,0.023109,-0.004893,0.005483,0.000404
8433,-0.188385,-1.4378440000000001,-1.9394049999999998,-0.024825,0.991175,-0.130216,0.038843,-0.115231,0.024214,-0.011933,0.008825,0.000424
8434,-0.190747,-1.436977,-1.939113,-0.025296000000000003,0.991059,-0.131001,0.043024,-0.13335999999999998,0.025332,-0.013706,0.013166999999999998,-0.002758
8435,-0.191268,-1.43605,-1.9368759999999998,-0.025537999999999998,0.990935,-0.131889,0.043005,-0.134438,0.028537,-0.008672,0.012666,-0.003303
8436,-0.18901300000000001,-1.435318,-1.9317650000000002,-0.025377,0.9908370000000001,-0.132659,0.039718,-0.14511300000000002,0.037073,-0.0021190000000000002,0.006417,-0.001771
8437,-0.18591300000000002,-1.434754,-1.9252790000000002,-0.025069,0.990761,-0.133286,0.037420999999999996,-0.179203,0.039237,0.00064,0.004631000000000001,0.000962
8438,-0.180534,-1.4342290000000002,-1.916151,-0.024444999999999998,0.9906889999999999,-0.13393,0.042722,-0.184556,0.041418,0.007935,0.005939,0.0005690000000000001
8439,-0.171754,-1.433657,-1.903948,-0.023365,0.990611,-0.134699,0.037517,-0.158958,0.038147,0.019856,0.002248,-0.0018219999999999998
8440,-0.165331,-1.433207,-1.894754,-0.022573,0.99055,-0.135286,0.028064,-0.130145,0.033773000000000004,0.019704,0.008169,0.004182
8441,-0.158022,-1.433165,-1.884866,-0.02159,0.9905440000000001,-0.135488,0.030197,-0.12803,0.035923000000000004,0.010726000000000001,0.013622,0.004842
8442,-0.153523,-1.432728,-1.8778650000000001,-0.021046000000000002,0.990484,-0.136011,0.031354,-0.118404,0.025238,0.0022170000000000002,0.007044,-0.001517
8443,-0.152347,-1.432218,-1.8745189999999998,-0.020963,0.9904129999999999,-0.136536,0.024011,-0.10553399999999999,0.010215,0.007703,0.005954999999999999,-0.00415
8444,-0.147706,-1.4317090000000001,-1.86773,-0.020403,0.9903430000000001,-0.13713,0.025074000000000003,-0.111908,0.0048920000000000005,0.018068999999999998,0.0038740000000000003,-0.002702
8445,-0.143291,-1.4314559999999998,-1.8612650000000002,-0.019834,0.990308,-0.137466,0.028331,-0.10019700000000001,0.003834,0.009458,0.031588,-0.00029
8446,-0.142179,-1.431329,-1.8583580000000002,-0.019699,0.99029,-0.137613,-0.006665000000000001,-0.064873,-0.008205,0.017791,0.031056999999999998,-0.002386
8447,-0.141112,-1.4318389999999999,-1.8567200000000001,-0.019481000000000002,0.990361,-0.13713399999999998,-0.011812999999999999,-0.026491000000000004,-0.011493000000000001,0.006541,0.001567,0.009769
8448,-0.137871,-1.4325649999999999,-1.853287,-0.018937,0.990461,-0.136485,-0.008431999999999999,-0.004059,-0.029654000000000003,0.016130000000000002,-0.0024850000000000002,0.004801
8449,-0.140485,-1.4326139999999998,-1.855834,-0.019287000000000002,0.990468,-0.13638599999999998,2.6000000000000002e-05,-0.015828000000000002,-0.024238,0.009613,0.005092,0.0019260000000000002
8450,-0.14486500000000002,-1.432336,-1.8595560000000002,-0.019924,0.9904299999999999,-0.136573,0.003089,-0.043549000000000004,-0.020977000000000003,-0.004582,0.001865,-0.006645999999999999
8451,-0.150755,-1.431293,-1.864326,-0.020883000000000002,0.9902850000000001,-0.137474,0.012583,-0.06383899999999999,-0.016613,-0.0058200000000000005,0.006236,-0.016975
8452,-0.153044,-1.430591,-1.865261,-0.021304,0.990187,-0.138113,0.019994,-0.067099,-0.006943,-0.00221,0.014024000000000002,-0.016932
8453,-0.151613,-1.4299540000000002,-1.8627470000000002,-0.021202000000000002,0.9900979999999999,-0.138767,0.020043000000000002,-0.05008,-0.000554,0.011618999999999999,0.008162,-0.006161
8454,-0.145007,-1.429763,-1.8551810000000002,-0.020312,0.9900709999999999,-0.13909100000000002,0.022143,-0.054361,0.0026739999999999997,0.015031999999999998,0.008676999999999999,0.0035159999999999996
8455,-0.14349,-1.429473,-1.8526189999999998,-0.020142,0.99003,-0.139406,0.018956999999999998,-0.049032,0.004782,0.010941,0.012136,0.002291
8456,-0.14216099999999998,-1.4294879999999999,-1.85057,-0.019954,0.9900329999999999,-0.13941800000000001,0.008402,-0.02555,0.002543,0.0015220000000000001,0.007328,0.0016920000000000001
8457,-0.142485,-1.429453,-1.850907,-0.020003999999999997,0.990028,-0.13944600000000001,6.9e-05,0.014977,-0.001841,-0.0025629999999999997,0.009576000000000001,0.000667
8458,-0.143028,-1.429537,-1.8520159999999999,-0.020068,0.9900399999999999,-0.139352,-0.006256,0.026739,-0.007241,-0.00253,0.014491999999999998,-0.002967
8459,-0.146926,-1.429414,-1.8559700000000001,-0.020628999999999998,0.990022,-0.13939400000000002,-0.0021079999999999996,-0.01264,-0.019981,-0.012237999999999999,0.0034170000000000003,-0.006664
8460,-0.154579,-1.428755,-1.863176,-0.021796,0.9899290000000001,-0.139877,0.008586,-0.022205000000000003,-0.034851,-0.012201,0.000733,-0.008790000000000001
8461,-0.160421,-1.428247,-1.8687650000000002,-0.022693,0.989857,-0.140243,0.011821,-0.009454,-0.029505,0.00043,0.002208,-0.0033729999999999997
8462,-0.159707,-1.428078,-1.867936,-0.022619,0.989833,-0.140425,0.005324000000000001,-0.010578,-0.009251,0.013281,0.008229,-0.001101
8463,-0.15723299999999998,-1.4279709999999999,-1.865154,-0.022289,0.989818,-0.140585,0.007319,-0.014952000000000002,0.017475,0.009134999999999999,0.005222999999999999,-0.003168
8464,-0.153106,-1.4271479999999999,-1.8607069999999999,-0.021832,0.9897,-0.14148,0.016841,-0.015058000000000002,0.035701,-0.009616,0.012604,-0.019881
8465,-0.149061,-1.426532,-1.8562419999999997,-0.02135,0.989612,-0.14217,0.022133,-0.016176,0.044284,-0.01347,0.00375,-0.009762
8466,-0.147014,-1.4262709999999998,-1.8538430000000001,-0.021097,0.989574,-0.142469,0.025362,-0.009796,0.044297,-0.012731999999999999,-0.004604,0.008879000000000001
8467,-0.143103,-1.426024,-1.8494529999999998,-0.020575,0.989539,-0.142792,0.029552,-0.028977,0.042213,-0.011895999999999999,0.00032900000000000003,0.010879999999999999
8468,-0.140505,-1.425614,-1.8458759999999999,-0.02026,0.9894799999999999,-0.143247,0.029432,-0.050304,0.047579,-0.012164,0.014793,-0.003909
8469,-0.13908099999999998,-1.425039,-1.843391,-0.020135,0.9893959999999999,-0.14384,0.013491999999999999,-0.039583,0.044247,-0.016089,0.020247,-0.009373999999999999
8470,-0.13669,-1.42496,-1.840454,-0.019802,0.9893850000000001,-0.143964,-0.005563,-0.016041999999999997,0.034469,-0.01746,0.019648,-0.008792
8471,-0.13871,-1.425011,-1.842026,-0.020086,0.989392,-0.143874,-0.002338,-0.022397999999999998,0.022746000000000002,-0.017252,0.0035740000000000004,0.000533
8472,-0.141075,-1.424858,-1.8435700000000002,-0.020447,0.9893700000000001,-0.143976,0.002821,-0.048309,0.018528,-0.013838999999999999,0.015482,-0.006186
8473,-0.140684,-1.424715,-1.841998,-0.020411000000000002,0.9893489999999999,-0.144124,0.000587,-0.05794,0.031342,-0.013890999999999999,0.019333000000000003,-0.009623999999999999
8474,-0.142284,-1.4244860000000001,-1.8421290000000001,-0.020674,0.989316,-0.144316,-0.0047409999999999996,-0.075954,0.012098000000000001,-0.010058,9.499999999999999e-05,-0.003481
8475,-0.142227,-1.424568,-1.840352,-0.020654,0.9893280000000001,-0.14423699999999998,0.008042,-0.09829600000000001,-0.005943,0.010019,0.022025,0.001491
8476,-0.14269300000000001,-1.424668,-1.838643,-0.020707,0.989342,-0.144129,0.002601,-0.110042,0.005786,0.010041,0.023124000000000002,0.005686
8477,-0.14110899999999998,-1.4254069999999999,-1.8352509999999997,-0.020376,0.98945,-0.14343699999999998,-0.015397999999999998,-0.073781,0.010956,0.007741,0.007682,0.010533
8478,-0.13859200000000002,-1.426342,-1.831696,-0.019887000000000002,0.989585,-0.142572,-0.019538,-0.043943,0.011958,0.009236,0.004678,0.010202
8479,-0.136883,-1.427087,-1.8291110000000002,-0.019543,0.989692,-0.141876,-0.022759,-0.043949,0.016209,0.007427,0.009408,0.009567
8480,-0.136423,-1.427802,-1.827798,-0.019381,0.9897940000000001,-0.141183,-0.027075,-0.041908,0.010829,-0.005888,0.008253,-0.0017
8481,-0.14234000000000002,-1.427938,-1.8326959999999999,-0.020197,0.9898129999999999,-0.140933,-0.025998,-0.052513,-0.001971,-0.010641,0.012979,-0.006314
8482,-0.144928,-1.428452,-1.8342610000000001,-0.020488,0.989886,-0.140377,-0.027007,-0.048214,-0.010529,-0.01035,0.012906,-0.0068709999999999995
8483,-0.147688,-1.429047,-1.836043,-0.020789,0.9899700000000001,-0.139738,-0.017454,-0.052534000000000004,-0.0040479999999999995,0.007712,0.0030559999999999997,0.007825
8484,-0.1447,-1.429893,-1.831993,-0.02025,0.9900899999999999,-0.13897,-0.015378999999999999,-0.054714,0.006654,0.016176,0.010277,0.009178
8485,-0.140189,-1.430847,-1.826302,-0.019491,0.990223,-0.138124,-0.023997,-0.066428,0.013021000000000001,0.017233000000000002,0.004757,0.008104
8486,-0.13605699999999998,-1.431655,-1.8208099999999998,-0.018812,0.9903350000000001,-0.13741099999999998,-0.01974,-0.067512,0.014122,0.012419,0.004675,0.002432
8487,-0.13234400000000002,-1.432099,-1.8159610000000002,-0.018244,0.990397,-0.137044,-0.014334,-0.053673,0.012006999999999999,0.010919,0.005514,-0.000254
8488,-0.129215,-1.4324780000000001,-1.81178,-0.017766,0.990449,-0.136728,-0.006954000000000001,-0.049522000000000004,0.015257,0.0070090000000000005,0.004531,0.0035340000000000002
8489,-0.126776,-1.433085,-1.8086060000000002,-0.017357,0.990533,-0.136175,-0.014332,-0.028194999999999998,0.016247,0.0034100000000000003,0.016654,0.008383
8490,-0.125602,-1.434315,-1.80686,-0.017044,0.990701,-0.134986,-0.02818,-0.030247000000000003,0.008676,0.0008699999999999999,0.019797,0.007408
8491,-0.126684,-1.434991,-1.8073560000000002,-0.017106,0.990793,-0.134304,-0.029195,-0.027013,0.00011899999999999999,-0.0026089999999999998,0.013205000000000001,0.002895
8492,-0.130076,-1.435566,-1.8102880000000001,-0.017487,0.99087,-0.13368,-0.026969999999999997,-0.022696,-0.015895,-0.003326,0.003713,0.00028700000000000004
8493,-0.133793,-1.436434,-1.813477,-0.017869,0.9909870000000001,-0.132761,-0.031233999999999998,-0.034347,-0.028727999999999997,0.007203,0.011439,0.008707
8494,-0.139032,-1.437281,-1.8179599999999998,-0.018448,0.9911,-0.13183399999999998,-0.033359,-0.041757999999999997,-0.038346,0.011109,0.006581,0.012358
8495,-0.14261400000000002,-1.4385649999999999,-1.8211650000000001,-0.01874,0.9912700000000001,-0.13050799999999999,-0.034265,-0.009779000000000001,-0.042664,0.018633,0.002916,0.015013999999999998
8496,-0.14019600000000002,-1.4396,-1.819164,-0.018281,0.9914059999999999,-0.12953699999999999,-0.0033490000000000004,0.013513999999999998,-0.040333999999999995,0.007781999999999999,0.062229,-0.005076
8497,-0.14416099999999998,-1.439989,-1.8228330000000001,-0.018738,0.9914569999999999,-0.129081,-0.053769000000000004,-0.018387999999999998,-0.010735,0.0054329999999999995,0.039274,-0.018471
8498,-0.147627,-1.440752,-1.825923,-0.019075,0.991556,-0.128268,-0.047356999999999996,-0.018402,-0.012827000000000002,-0.006499,-0.023203,0.000933
8499,-0.151924,-1.441341,-1.830379,-0.019537,0.991632,-0.127607,-0.008676999999999999,0.017781,-0.037172000000000004,0.0082,0.0030269999999999997,0.001737
8500,-0.157609,-1.441259,-1.836209,-0.020275,0.9916219999999999,-0.127575,0.002919,-0.017397,-0.041319,-0.002247,0.008394,0.005229999999999999
8501,-0.164678,-1.441185,-1.842369,-0.021188,0.991612,-0.1275,-0.002607,-0.05574400000000001,-0.037035000000000005,-0.001791,0.012248,5.9e-05
8502,-0.170506,-1.4412129999999999,-1.84725,-0.021925999999999998,0.9916159999999999,-0.127348,-0.009009,-0.047234,-0.028544999999999997,-0.0,0.010475,-0.001376
8503,-0.174617,-1.4413280000000002,-1.850638,-0.022430000000000002,0.9916309999999999,-0.127144,-0.00576,-0.028104,-0.020000999999999998,0.007537,0.001335,-0.0014269999999999999
8504,-0.171329,-1.4416360000000001,-1.847098,-0.02196,0.99167,-0.126916,0.000552,-0.01429,-0.0125,0.011843000000000001,0.006193,0.004113
8505,-0.17152,-1.441686,-1.846818,-0.021975,0.991677,-0.126863,0.0036369999999999996,-0.030318,-0.002843,0.007968000000000001,0.004722,0.003022
8506,-0.172948,-1.4415120000000001,-1.847662,-0.022186,0.991654,-0.127001,0.0058,-0.027117000000000002,-0.006037,-0.005249,0.011611,-0.005415
8507,-0.17561400000000002,-1.441424,-1.849832,-0.02254,0.991643,-0.127027,0.002628,-0.021775,-0.007135,-0.002591,-0.0017289999999999999,0.002043
8508,-0.17740899999999998,-1.441395,-1.851247,-0.022772999999999998,0.9916389999999999,-0.12701500000000002,0.006929,-0.018577,-0.011382,-0.0005269999999999999,0.00447,0.004425999999999999
8509,-0.179641,-1.441295,-1.8530810000000002,-0.023074,0.991626,-0.12706099999999998,0.009052,-0.023898,-0.014565,0.001086,0.005108,0.003694
8510,-0.183897,-1.44118,-1.856701,-0.023636,0.991612,-0.127074,0.007932,-0.035612,-0.014558000000000001,-0.006913,0.005703,0.00045700000000000005
8511,-0.189058,-1.440799,-1.8611509999999998,-0.024362,0.991562,-0.127322,0.009023,-0.033472,-0.017759,-0.006979000000000001,0.005951,-0.0014470000000000002
8512,-0.19329100000000002,-1.4405139999999999,-1.864766,-0.024955,0.991525,-0.127495,0.008896,-0.033391000000000004,-0.018846,-0.006111999999999999,0.004263,-0.000221
8513,-0.198577,-1.4402760000000001,-1.869313,-0.025675,0.9914940000000001,-0.127593,0.012062,-0.037676,-0.015615,-0.006658,0.003074,0.000518
8514,-0.20292000000000002,-1.43983,-1.8728779999999998,-0.026318,0.9914360000000001,-0.127913,0.016311000000000003,-0.038769,-0.01238,-0.0059689999999999995,-0.000393,-0.002092
8515,-0.204705,-1.439218,-1.873919,-0.02667,0.9913559999999999,-0.128459,0.025907999999999997,-0.036685,-0.009111,-0.002154,0.003639,-0.005681
8516,-0.20514899999999997,-1.4384430000000001,-1.873605,-0.026883999999999998,0.9912540000000001,-0.1292,0.027985000000000003,-0.039925999999999996,0.000522,-0.002169,0.006625,-0.006695
8517,-0.205668,-1.437822,-1.8731200000000001,-0.027076,0.9911719999999999,-0.12978900000000002,0.023622,-0.049546,0.012253,-0.0062640000000000005,0.009454,-0.003939
8518,-0.20392000000000002,-1.437294,-1.8705630000000002,-0.026955,0.991102,-0.130348,0.029029000000000003,-0.027219,0.018671,-0.005973,0.009081,-0.00312
8519,-0.20034200000000002,-1.436592,-1.866693,-0.026626999999999998,0.991008,-0.131125,0.025886000000000003,-0.011242,0.021833,-0.000625,0.004994,-0.007333
8520,-0.198443,-1.4359549999999999,-1.864243,-0.026503,0.990923,-0.131795,0.025639,-0.035621,0.02504,-0.008867,0.0014939999999999999,-0.004222
8521,-0.196574,-1.4354850000000001,-1.8614810000000002,-0.026347000000000002,0.990859,-0.1323,0.017051,-0.039883,0.032462,-0.019185,-0.004013,-0.001031
8522,-0.19964500000000002,-1.434939,-1.863804,-0.026861000000000003,0.9907860000000001,-0.13275,0.019348,-0.025952,0.010025,-0.016307,0.029782999999999997,-0.0036340000000000005
8523,-0.200343,-1.434428,-1.863882,-0.027054,0.9907159999999999,-0.13322699999999998,0.029963999999999998,-0.043012,0.004779,-0.010803,0.015844999999999998,0.0006889999999999999
8524,-0.203523,-1.4341030000000001,-1.8658139999999999,-0.027543,0.9906719999999999,-0.133455,0.028794999999999998,-0.061135,0.009065,-0.011673000000000001,0.0045060000000000005,0.00783
8525,-0.206222,-1.434036,-1.867478,-0.027916000000000003,0.990663,-0.133445,0.024617,-0.043002,0.006875,-0.008674,0.006484,0.013281999999999999
8526,-0.208288,-1.4341899999999999,-1.868555,-0.02816,0.990684,-0.13323800000000002,0.019209,-0.053658000000000004,0.012191,-0.006492,0.002053,0.014769
8527,-0.208051,-1.4341700000000002,-1.8669930000000001,-0.028133,0.9906809999999999,-0.13326400000000002,0.018045,-0.068593,0.018611000000000003,-0.006809999999999999,0.0059310000000000005,0.010828
8528,-0.20879,-1.4339950000000001,-1.8662040000000002,-0.028267,0.990657,-0.133413,0.023254,-0.074838,0.018627,-0.006416,0.008153,0.002752
8529,-0.207048,-1.433441,-1.8631,-0.028148000000000003,0.990582,-0.133999,0.029713,-0.05889400000000001,0.021856,-0.0019579999999999997,0.007572,-0.005176
8530,-0.202872,-1.432891,-1.857939,-0.027698,0.990506,-0.13465,0.031895,-0.041883,0.028258999999999996,0.003711,0.004733,-0.000681
8531,-0.194906,-1.432682,-1.8491540000000002,-0.026664,0.990477,-0.135069,0.036147000000000006,-0.039788,0.033629,0.012626,0.004106,0.0057810000000000005
8532,-0.184567,-1.4323350000000001,-1.8379880000000002,-0.025329,0.9904299999999999,-0.135675,0.045739,-0.038769,0.036902,0.018019999999999998,-0.000958,0.003732
8533,-0.175817,-1.431704,-1.828587,-0.024250999999999998,0.9903420000000001,-0.136507,0.041524,-0.024914,0.038993,0.017262,0.011428,0.001268
8534,-0.165116,-1.4314959999999999,-1.817494,-0.022822,0.9903129999999999,-0.136962,0.02553,-0.016361,0.045281,0.011897,0.020978,-0.0008710000000000001
8535,-0.159877,-1.431057,-1.811969,-0.022174,0.990252,-0.137508,0.014915000000000001,-0.00885,0.040924,-0.007474,0.009793000000000001,-0.008334999999999999
8536,-0.156174,-1.430695,-1.80803,-0.02172,0.990202,-0.137944,0.014987,-0.007725,0.025968,-0.00747,0.012392,-0.008723999999999999
8537,-0.155094,-1.430013,-1.80677,-0.021675,0.9901059999999999,-0.13863499999999998,0.012835,-0.009538,0.007779,-0.004295,0.009817,-0.01261
8538,-0.153277,-1.429424,-1.8046,-0.021513,0.990023,-0.13925,0.016013,-0.022302000000000002,0.000341,0.005888,0.0038880000000000004,-0.007921
8539,-0.152907,-1.429003,-1.8036159999999999,-0.021524,0.989964,-0.13967000000000002,0.013861000000000002,-0.036105,-0.00927,0.009424,0.008067,-0.008173
8540,-0.14970999999999998,-1.428489,-1.7998349999999999,-0.021154,0.989891,-0.140241,0.008561,-0.025446,-0.006114,0.015325,0.007026,-0.009554
8541,-0.142992,-1.427815,-1.793052,-0.020306,0.9897959999999999,-0.141041,0.010754000000000001,6.2e-05,0.006690000000000001,0.0030489999999999996,0.007885,-0.010342
8542,-0.14085899999999998,-1.427293,-1.7905950000000002,-0.020078,0.989721,-0.141595,1.4999999999999999e-05,-0.011635,0.010904,0.005002,0.012293,-0.020362
8543,-0.136213,-1.426479,-1.785913,-0.019528999999999998,0.989604,-0.142485,0.015021000000000001,-0.0042,0.0035229999999999997,0.008756,0.0073739999999999995,-0.015383
8544,-0.130375,-1.426025,-1.7798740000000002,-0.018755,0.989539,-0.143041,0.022455000000000003,-0.01989,-0.018841999999999998,0.019411,0.001443,0.0021420000000000002
8545,-0.13056900000000002,-1.425643,-1.7797619999999998,-0.018831999999999998,0.989484,-0.143413,0.025679,-0.015635,-0.019892,0.019488,0.003909,0.005519
8546,-0.127,-1.425374,-1.7764060000000002,-0.018354,0.989445,-0.143743,0.026918,0.026955,-0.015662,0.020246,-0.001026,0.0038810000000000003
8547,-0.120469,-1.424965,-1.7708080000000002,-0.017464,0.9893850000000001,-0.144262,0.02698,0.038682,-0.017809000000000002,0.015541,0.014475,-0.00088
8548,-0.120604,-1.42445,-1.7714279999999998,-0.017544,0.989311,-0.144765,0.017249,0.014197999999999999,-0.013572999999999998,-0.00275,0.018928999999999998,-0.007838
8549,-0.124649,-1.4238950000000001,-1.7757180000000001,-0.018198,0.9892290000000001,-0.14523699999999998,0.009829000000000001,0.013205000000000001,-0.025375,-0.006109000000000001,0.01312,-0.008098000000000001
8550,-0.128381,-1.423386,-1.779902,-0.018805000000000002,0.9891549999999999,-0.14566800000000002,0.013136000000000002,0.023898,-0.038183999999999996,-1e-05,0.01025,-0.010368
8551,-0.130089,-1.422801,-1.782246,-0.019128,0.9890690000000001,-0.14620999999999998,0.014237,0.027107999999999997,-0.042452,0.014612,0.004156,-0.003052
8552,-0.131609,-1.422492,-1.7842810000000002,-0.019391,0.989023,-0.146484,0.018357,0.01775,-0.033864,0.023099,0.0006320000000000001,0.004196
8553,-0.12466600000000001,-1.4223059999999998,-1.7779369999999999,-0.018396,0.9889950000000001,-0.146797,0.024724,0.032552,-0.011401,0.031809,-0.0019809999999999997,0.002098
8554,-0.11682200000000001,-1.421892,-1.771467,-0.017292,0.988934,-0.147343,0.029101,0.088869,0.020606,0.032764,-0.002301,-0.002116
8555,-0.10232000000000001,-1.421297,-1.759184,-0.015212999999999999,0.9888459999999999,-0.14816400000000002,0.037641,0.113247,0.044139,0.009583,0.005768,0.000123
8556,-0.09274,-1.4206450000000002,-1.751516,-0.013853,0.988748,-0.148945,0.04819,0.09188400000000001,0.049582,0.003355,0.007483,0.004353
8557,-0.08429199999999999,-1.419951,-1.744948,-0.012652,0.9886440000000001,-0.14974,0.049323,0.104672,0.047437,-0.0034920000000000003,0.00278,0.009359000000000001
8558,-0.074789,-1.41909,-1.7375669999999999,-0.011292,0.9885149999999999,-0.150703,0.051485,0.11105599999999999,0.047444,0.004044,0.010234,0.00035800000000000003
8559,-0.064294,-1.4182190000000001,-1.7291490000000003,-0.009765000000000001,0.988383,-0.151672,0.049299,0.106773,0.054912,0.00238,0.008703,0.0012050000000000001
8560,-0.056,-1.417606,-1.7231599999999998,-0.008541,0.988289,-0.152353,0.044072,0.13586700000000002,0.045224,-0.006428,0.01551,0.009943
8561,-0.053416,-1.417332,-1.723958,-0.008161,0.988247,-0.152645,0.040172,0.19880899999999999,0.025885000000000002,-0.017733000000000002,0.013294,0.009258
8562,-0.052624000000000004,-1.416933,-1.727552,-0.008061,0.988186,-0.15304500000000001,0.026550999999999998,0.23196999999999998,0.0033130000000000004,-0.018352,0.014408,0.005981
8563,-0.052618,-1.416788,-1.732276,-0.008068,0.9881639999999999,-0.15318800000000002,0.008582,0.23961,-0.026733999999999997,-0.01984,0.020106,0.007268000000000001
8564,-0.06313200000000001,-1.417751,-1.7475610000000001,-0.009618000000000002,0.988311,-0.152145,-0.011548000000000001,0.237686,-0.06106,-0.030619,0.018799,0.019637
8565,-0.080867,-1.41857,-1.769907,-0.012249,0.9884360000000001,-0.151143,-0.023171,0.231463,-0.093185,-0.039997000000000005,0.024809,0.009587
8566,-0.097775,-1.419342,-1.791551,-0.014728,0.988553,-0.15015499999999998,-0.043318,0.229523,-0.12323599999999998,-0.041134,0.025913,0.011362
8567,-0.124018,-1.4205649999999999,-1.822413,-0.018514,0.9887360000000001,-0.148518,-0.056051,0.226448,-0.142554,-0.035044,0.020114,0.009159
8568,-0.146531,-1.421867,-1.849796,-0.021664,0.988931,-0.146789,-0.064568,0.24492600000000003,-0.146923,-0.017246,0.014274,0.011993
8569,-0.162948,-1.423114,-1.8713540000000002,-0.023871,0.989115,-0.145197,-0.07324299999999999,0.24164899999999997,-0.119207,-0.012521,0.010336,0.011545
8570,-0.180061,-1.424491,-1.8927049999999999,-0.026108,0.989316,-0.143427,-0.07257999999999999,0.186115,-0.084951,-0.02658,0.0034969999999999997,0.005854
8571,-0.20861,-1.424755,-1.924453,-0.030137999999999998,0.9893549999999999,-0.142368,-0.063151,0.158342,-0.07417699999999999,-0.049803,-0.002752,-0.007428
8572,-0.217454,-1.42545,-1.936651,-0.031247000000000004,0.989456,-0.141424,-0.044952,0.162578,-0.08366900000000001,-0.048694,-0.002853,-0.008372
8573,-0.23887600000000003,-1.42503,-1.9610459999999998,-0.034368,0.989395,-0.141126,-0.019443000000000002,0.131634,-0.09307,-0.021403,-0.0038450000000000003,0.004423
8574,-0.252249,-1.424952,-1.976507,-0.036271,0.989384,-0.140728,-0.009073999999999999,0.08279199999999999,-0.087602,-0.016509,0.007168000000000001,0.010128
8575,-0.265961,-1.4252559999999999,-1.9916900000000002,-0.038119,0.9894280000000001,-0.139929,-0.016674,0.067849,-0.07375,-0.009962,0.017912,0.010748
8576,-0.275089,-1.425665,-2.002595,-0.039284,0.9894870000000001,-0.139185,-0.033658,0.09663200000000001,-0.064292,0.000344,0.012787,0.003229
8577,-0.281476,-1.426189,-2.0114080000000003,-0.040027999999999994,0.989563,-0.138433,-0.049569999999999996,0.122233,-0.05909400000000001,0.0021260000000000003,0.011353,-0.005259000000000001
8578,-0.29075100000000004,-1.426574,-2.023127,-0.041201,0.989618,-0.137691,-0.056066,0.111561,-0.048445,-0.015912,0.00015900000000000002,-0.007314
8579,-0.307603,-1.42632,-2.041884,-0.043592,0.9895809999999999,-0.137217,-0.063566,0.087154,-0.065562,-0.03937,0.010434,-0.017691
8580,-0.33319,-1.4252639999999999,-2.068752,-0.04743,0.9894290000000001,-0.137043,-0.054024,0.045686000000000004,-0.093224,-0.031076999999999997,0.0037049999999999995,-0.014812
8581,-0.349186,-1.4250690000000001,-2.085276,-0.049682,0.989401,-0.136448,-0.04247,0.009409,-0.088825,-0.021638,0.004007999999999999,-0.016184999999999998
8582,-0.362345,-1.424635,-2.098645,-0.051625,0.9893370000000001,-0.136185,-0.039397,0.0029170000000000003,-0.066365,-0.009562000000000001,0.008648000000000001,-0.012206999999999999
8583,-0.37046999999999997,-1.424855,-2.106614,-0.052650999999999996,0.989369,-0.13555799999999998,-0.044937,-0.024833,-0.048208,0.005608,-0.008428,-0.00374
8584,-0.377581,-1.425335,-2.112834,-0.053439,0.989439,-0.13473800000000002,-0.041985,-0.063262,-0.031045999999999997,0.005372999999999999,-0.0060409999999999995,-0.005582
8585,-0.38034,-1.425395,-2.1142090000000002,-0.053788,0.989448,-0.134536,-0.030392000000000002,-0.076162,-0.01172,0.006074,-0.000938,-0.01764
8586,-0.378762,-1.424916,-2.11103,-0.053751,0.9893780000000001,-0.13505999999999999,-0.020935,-0.085876,0.011859999999999999,0.002421,-0.002303,-0.014415
8587,-0.376828,-1.425042,-2.107195,-0.053444000000000005,0.989397,-0.135049,-0.003994,-0.099843,0.026951999999999997,0.005028,-0.007905,-0.013267
8588,-0.3717,-1.425092,-2.100168,-0.052733,0.9894040000000001,-0.135275,-0.000749,-0.08708400000000001,0.030164,0.0128,0.009299,-0.005549
8589,-0.36285,-1.426041,-2.089841,-0.0512,0.989541,-0.134858,-0.009231999999999999,-0.065786,0.039695,0.017967,0.014228,0.0038759999999999997
8590,-0.357935,-1.426894,-2.0839380000000003,-0.050241,0.989664,-0.134318,-0.025115000000000002,-0.042281,0.036351,0.016962,0.018683,0.002482
8591,-0.352877,-1.427965,-2.078087,-0.049194999999999996,0.9898170000000001,-0.133575,-0.035755,-0.039035,0.033069,0.008316,0.014272,-0.002975
8592,-0.354475,-1.42865,-2.0789009999999997,-0.049173,0.989914,-0.13286099999999998,-0.044213,-0.036815,0.018050999999999998,-0.011038,0.009811,-0.004728
8593,-0.357837,-1.429366,-2.081353,-0.049371,0.990015,-0.13203,-0.050614,-0.055890999999999996,-0.001198,-0.010138,0.007055,-0.008198
8594,-0.364589,-1.430161,-2.08677,-0.049981,0.9901270000000001,-0.130959,-0.057057000000000004,-0.076066,-0.0119,-0.003303,0.006714,-0.00251
8595,-0.37152399999999997,-1.431135,-2.092082,-0.050537,0.9902629999999999,-0.12971,-0.0528,-0.088821,-0.022536,0.001984,0.008196,0.002971
8596,-0.376553,-1.432475,-2.09534,-0.050700999999999996,0.990449,-0.128221,-0.029317000000000003,-0.08782899999999999,-0.024508000000000002,0.021847,-0.023286,0.025789
8597,-0.379498,-1.433095,-2.0967700000000002,-0.050851,0.990534,-0.1275,-0.011239,-0.09006499999999999,-0.013694999999999999,0.00895,0.021902,0.003172
8598,-0.382623,-1.434115,-2.097961,-0.050872,0.9906739999999999,-0.126403,-0.07428,-0.095235,0.0018960000000000001,0.014053,0.00629,-0.007828
8599,-0.384102,-1.435944,-2.097824,-0.05038,0.9909209999999999,-0.124648,-0.037903,-0.068743,0.0053219999999999995,0.014003,-0.010025,0.023421
8600,-0.381184,-1.437432,-2.094204,-0.049467000000000004,0.9911200000000001,-0.123426,-0.015171,-0.027148000000000002,-0.026614,0.039106999999999996,0.0121,0.018628
8601,-0.381921,-1.43832,-2.0942790000000002,-0.04923,0.991238,-0.122572,-0.024875,-0.050545,-0.027717000000000002,0.036306,0.020388999999999997,0.020796000000000002
8602,-0.38977,-1.438752,-2.101076,-0.050027999999999996,0.991295,-0.12178599999999999,-0.042977999999999995,-0.053635,-0.038522,0.018351,0.037453,0.009741
8603,-0.399746,-1.439514,-2.1100060000000003,-0.050946,0.991395,-0.120584,-0.058885,-0.057738,-0.064264,0.013043,0.03279,-0.000128
8604,-0.414621,-1.440132,-2.124517,-0.052487,0.991476,-0.119253,-0.071352,0.004144,-0.077249,0.013608000000000002,0.021876,-0.009775
8605,-0.42108599999999996,-1.440542,-2.131745,-0.053091,0.9915290000000001,-0.11854,-0.088448,0.025398,-0.04962,0.011664,-0.003156,-0.020376
8606,-0.42973199999999995,-1.441999,-2.139691,-0.053512,0.991717,-0.116763,-0.081713,-0.08350199999999999,0.005046,0.0035549999999999996,-0.019885,-0.034131
8607,-0.428275,-1.442261,-2.1357630000000003,-0.053234000000000004,0.991751,-0.116604,-0.038404,-0.130727,0.055615,-0.007084,-0.019461000000000003,-0.041767
8608,-0.41988500000000006,-1.442987,-2.1251189999999998,-0.05196,0.991843,-0.11639000000000001,0.012834,-0.091623,0.089038,-0.0012779999999999998,-0.010001000000000001,-0.036458
8609,-0.404632,-1.443263,-2.108129,-0.050071,0.9918790000000001,-0.11691700000000001,0.039452999999999995,-0.07903099999999999,0.113777,0.028663,-0.006619,-0.010708
8610,-0.377909,-1.4436129999999998,-2.079708,-0.046801999999999996,0.991923,-0.11789100000000001,0.055402999999999994,-0.07382799999999999,0.130976,0.044986,-0.008876,0.010332
8611,-0.35486,-1.443565,-2.0554650000000003,-0.044088999999999996,0.991917,-0.11898299999999999,0.055499,-0.035546,0.148019,0.049109,0.01025,0.0198
8612,-0.321728,-1.444157,-2.021815,-0.039937,0.991992,-0.119821,0.053388,-0.007931,0.170405,0.03478,0.012906,0.006372
8613,-0.292285,-1.444267,-1.992313,-0.036361000000000004,0.9920059999999999,-0.12084,0.049222,0.024003999999999998,0.179949,0.006591,0.001875,-0.0028940000000000003
8614,-0.26322399999999996,-1.4443629999999998,-1.964017,-0.032809,0.9920180000000001,-0.121753,0.040907,0.062426,0.16915999999999998,-0.006177,0.011675,0.008197
8615,-0.23960700000000001,-1.444652,-1.941483,-0.029856999999999998,0.9920540000000001,-0.122216,0.044169,0.061409000000000005,0.154228,-0.018894,0.005092,0.014991999999999998
8616,-0.213152,-1.4442139999999999,-1.915457,-0.026706,0.991999,-0.12338800000000001,0.066324,0.00912,0.157654,-0.035794,0.001485,0.007391
8617,-0.196184,-1.443354,-1.8975919999999997,-0.024775,0.9918899999999999,-0.12465999999999999,0.077823,-0.05266799999999999,0.148196,-0.039297000000000006,0.010338,0.001964
8618,-0.172334,-1.442399,-1.871962,-0.021957,0.991768,-0.126148,0.07446,-0.087815,0.149286,-0.034134,0.003746,0.007220999999999999
8619,-0.15678,-1.441712,-1.854284,-0.020099000000000002,0.9916799999999999,-0.127147,0.07020499999999999,-0.099458,0.13431400000000002,-0.018613,0.0018039999999999998,0.020412
8620,-0.137192,-1.440715,-1.8318709999999998,-0.017740000000000002,0.9915510000000001,-0.128496,0.070891,-0.15659,0.138658,-0.017537999999999998,0.002254,0.029664999999999997
8621,-0.12884,-1.4408809999999999,-1.8193259999999998,-0.016645,0.9915729999999999,-0.128476,0.078163,-0.21938600000000003,0.11849000000000001,-0.017580000000000002,-0.0059770000000000005,0.026593000000000002
8622,-0.12471199999999999,-1.440871,-1.8106389999999999,-0.016116,0.9915719999999999,-0.128553,0.082732,-0.207458,0.061889,-0.004499,0.010931,0.025785000000000002
8623,-0.118394,-1.440433,-1.800909,-0.015355,0.9915149999999999,-0.12908499999999998,0.071362,-0.141306,0.045702,0.014728999999999999,0.024812,0.033687
8624,-0.10949300000000001,-1.440633,-1.789665,-0.014183000000000001,0.991541,-0.129019,0.038406,-0.10713199999999999,0.052907,0.014214,0.022452,0.033773000000000004
8625,-0.102752,-1.440145,-1.7804689999999999,-0.013363,0.991477,-0.129593,0.029741000000000004,-0.13055899999999998,0.05821799999999999,0.003689,0.018304,0.027145
8626,-0.098483,-1.4400709999999999,-1.773121,-0.012816999999999999,0.991468,-0.129722,0.038174,-0.15826400000000002,0.052971000000000004,-0.018403,0.00133,0.007133
8627,-0.09574400000000001,-1.439201,-1.767155,-0.012544,0.9913540000000001,-0.130615,0.055392,-0.15500899999999998,0.023177,-0.025481,-0.00881,-0.009034
8628,-0.099979,-1.43754,-1.76816,-0.013261000000000002,0.991134,-0.132199,0.065044,-0.167497,-0.007693000000000001,0.000337,0.022338999999999998,-0.011173
8629,-0.102896,-1.436388,-1.767481,-0.013763999999999998,0.990981,-0.133295,0.049964,-0.18561,0.006111999999999999,0.015931,0.046861,-0.012015000000000001
8630,-0.09109500000000001,-1.435846,-1.7523490000000002,-0.012239,0.990908,-0.133983,0.032889999999999996,-0.148419,0.044406,0.045824000000000004,0.018919,-0.002751
8631,-0.083766,-1.435176,-1.7429599999999998,-0.011312000000000001,0.990818,-0.13473,0.048065,-0.07080399999999999,0.068981,0.051503999999999994,-0.016102,0.021769
8632,-0.067733,-1.434368,-1.725871,-0.009205,0.990708,-0.135694,0.071655,-0.052743,0.060580999999999996,0.031788,0.017103999999999998,0.011457
8633,-0.06111799999999999,-1.4333879999999999,-1.7178240000000002,-0.008366,0.990574,-0.136721,0.033214,-0.07385800000000001,0.046452,0.007909000000000001,0.032772,-0.007551
8634,-0.054795,-1.4333129999999998,-1.709948,-0.0075060000000000005,0.9905639999999999,-0.136845,-0.0072829999999999995,-0.077922,0.032289,0.016142,0.017752,-0.004711
8635,-0.054137,-1.4335280000000001,-1.707222,-0.007404000000000001,0.9905930000000001,-0.13663699999999998,-0.00847,-0.12364800000000001,0.013111000000000001,0.018253,0.016562999999999998,-0.011861
8636,-0.054962000000000004,-1.432699,-1.7044599999999999,-0.007562,0.9904799999999999,-0.13745,0.012529,-0.20996599999999999,0.002687,0.007515999999999999,-0.002092,-0.024308
8637,-0.059181,-1.432157,-1.7042540000000002,-0.008173999999999999,0.990405,-0.137954,0.03601,-0.2111,-0.000352,0.003764,-0.014131999999999999,-0.044587
8638,-0.057449,-1.429769,-1.6994740000000002,-0.008071,0.990072,-0.140328,0.054545,-0.11956800000000001,0.003935,0.031539,-0.011907,-0.03913
8639,-0.05701799999999999,-1.428609,-1.697079,-0.008076,0.989908,-0.141478,0.063113,-0.095164,0.021055,0.055393,0.001898,-0.022813
8640,-0.054927,-1.427263,-1.6927900000000002,-0.007853,0.989717,-0.142825,0.070485,-0.11012999999999999,0.027535000000000004,0.05926,0.0073230000000000005,-0.018109
8641,-0.041423,-1.4255719999999998,-1.677525,-0.005993,0.9894729999999999,-0.14459,0.055786,-0.07061100000000001,0.014569,0.042033999999999995,0.028303,-0.010209999999999999
8642,-0.041787,-1.424821,-1.6776849999999999,-0.006076,0.9893639999999999,-0.145331,0.026465,0.024413,-0.013531,0.035511,0.028504,0.0019440000000000002
8643,-0.036083,-1.425147,-1.673517,-0.005236,0.9894120000000001,-0.14504,0.005557,0.090654,-0.043668,0.037569,0.01573,0.014669
8644,-0.041759,-1.425196,-1.6815200000000001,-0.006057,0.989419,-0.14495999999999998,-0.012345,0.12275599999999999,-0.06412999999999999,0.035308,0.009391,0.011826999999999999
8645,-0.048885000000000005,-1.425611,-1.691484,-0.00707,0.9894790000000001,-0.144503,-0.030343000000000002,0.14416400000000001,-0.073898,0.017247,0.011238,-0.002439
8646,-0.054371,-1.425935,-1.700232,-0.007845,0.989526,-0.14414200000000002,-0.034532,0.16228399999999998,-0.072881,-0.005354,0.013602000000000001,-0.014854
8647,-0.061594,-1.426459,-1.7107569999999999,-0.008854,0.9896010000000001,-0.143564,-0.02816,0.153748,-0.074962,-0.013241,0.013022999999999998,-0.018103
8648,-0.072657,-1.426424,-1.7245419999999998,-0.010444,0.9895959999999999,-0.143492,-0.02292,0.120753,-0.086635,-0.0030600000000000002,0.005383,-0.008669
8649,-0.082255,-1.426695,-1.736702,-0.011798999999999999,0.989635,-0.143118,-0.018638,0.126056,-0.084475,0.002048,0.000874,-0.0008029999999999999
8650,-0.090671,-1.4269180000000001,-1.7476450000000001,-0.012983000000000001,0.989667,-0.142794,-0.016624,0.112149,-0.071625,0.005704,-0.000883,0.005602
8651,-0.09272799999999999,-1.427489,-1.7517470000000002,-0.013224000000000001,0.989749,-0.142204,-0.008273,0.08967699999999999,-0.053375,0.01768,-0.001987,0.010109
8652,-0.091613,-1.427738,-1.752882,-0.013043,0.989785,-0.141973,-0.002843,0.122635,-0.041627,0.021344,-0.000634,0.004217
8653,-0.08872200000000001,-1.4279549999999999,-1.7531619999999999,-0.012614,0.989815,-0.141797,0.001586,0.166267,-0.034171,0.020762,0.0015480000000000001,0.005429
8654,-0.089244,-1.428328,-1.757121,-0.012655,0.989869,-0.141421,0.009048,0.167298,-0.031984,-0.004298,0.0019219999999999999,0.007892
8655,-0.098054,-1.42854,-1.769031,-0.013880000000000002,0.989899,-0.141096,0.014346000000000001,0.151334,-0.040475,-0.016638,0.00499,0.008512
8656,-0.104746,-1.428373,-1.778804,-0.014841,0.989875,-0.141164,0.015436000000000002,0.154534,-0.04261,-0.016745,0.009301,0.007543000000000001
8657,-0.11106300000000001,-1.428129,-1.788111,-0.015759,0.9898399999999999,-0.141308,0.016402,0.141709,-0.032975,-0.008548,0.0043,0.0007440000000000001
8658,-0.11678699999999999,-1.4273069999999999,-1.796227,-0.016662,0.9897229999999999,-0.142023,0.030061,0.108582,-0.018953,-0.013413,-0.001823,-0.003042
8659,-0.12003399999999999,-1.426452,-1.8014459999999999,-0.017225,0.9896,-0.142809,0.041734,0.097875,-0.015655000000000002,-0.020495,0.0025109999999999998,-0.0016309999999999999
8660,-0.12704400000000002,-1.425367,-1.810412,-0.018361000000000002,0.9894440000000001,-0.143749,0.041748,0.102132,-0.014596000000000001,-0.018626,0.003858,-0.0023539999999999998
8661,-0.129721,-1.424333,-1.814934,-0.018878,0.989293,-0.144714,0.045935000000000004,0.08719099999999999,-0.011344,-0.016659,0.003031,-0.0022129999999999997
8662,-0.131991,-1.423434,-1.818628,-0.019324,0.9891620000000001,-0.145552,0.047958,0.066926,-0.007033,-0.014993000000000001,0.009038,0.006529999999999999
8663,-0.137517,-1.4229690000000002,-1.825305,-0.020191,0.989093,-0.145899,0.051094,0.058371000000000006,-0.001662,-0.017193,0.01315,0.011271
8664,-0.138764,-1.422181,-1.827518,-0.020481,0.988977,-0.146645,0.052049,0.044476,0.009043,-0.021847,0.011649,0.005074
8665,-0.139298,-1.421261,-1.82877,-0.020685,0.9888399999999999,-0.147535,0.054139,0.041247000000000006,0.015469,-0.019277000000000002,0.006795999999999999,0.003172
8666,-0.14061400000000002,-1.4203219999999999,-1.8310520000000001,-0.02101,0.9887,-0.148428,0.056349,0.059345,0.016527,-0.013109,-0.002173,0.004889
8667,-0.13961300000000001,-1.419223,-1.831004,-0.021012,0.988535,-0.149525,0.058362,0.042255,0.026175,-0.009748999999999999,0.003668,-0.00053
8668,-0.13687,-1.417964,-1.8285580000000001,-0.020772,0.988344,-0.150815,0.064591,0.009188,0.031601,-0.015178,0.007932999999999999,-0.002048
8669,-0.137782,-1.4164700000000001,-1.829425,-0.021112,0.988115,-0.152258,0.06566799999999999,0.0038880000000000004,0.024135,-0.016775,0.010115,-0.005075
8670,-0.141508,-1.414938,-1.8330849999999999,-0.021893,0.9878790000000001,-0.153677,0.059287,0.001805,0.017679,-0.014347,0.011191,-0.002909
8671,-0.140921,-1.413818,-1.8322650000000003,-0.021958000000000002,0.9877040000000001,-0.154784,0.05389,-0.018391,0.011257,-0.012251999999999999,0.010754999999999999,-0.001939
8672,-0.142719,-1.412715,-1.8331549999999999,-0.022391,0.9875309999999999,-0.155823,0.05800399999999999,-0.051433000000000006,0.012395,-0.00979,0.0105,-0.001495
8673,-0.141493,-1.410903,-1.830962,-0.022452,0.987244,-0.157621,0.064441,-0.038694,0.017764,-0.001214,0.000213,-0.01137
8674,-0.138491,-1.4094010000000001,-1.8272080000000002,-0.022184,0.9870040000000001,-0.159157,0.062289,-0.038702999999999994,0.022022,-0.000308,0.003871,-0.012214000000000001
8675,-0.135508,-1.407995,-1.823174,-0.021896000000000002,0.986777,-0.160597,0.055798,-0.057859,0.023069,-0.002991,0.009622,-0.006181
8676,-0.13356500000000002,-1.406507,-1.819971,-0.02178,0.986535,-0.16209400000000002,0.051505999999999996,-0.057566,0.023091999999999998,-0.000132,0.009574,-0.009247
8677,-0.13015,-1.405327,-1.815593,-0.021377,0.986341,-0.163323,0.048378,-0.042636,0.021984,0.004425,0.007937,-0.012596
8678,-0.126539,-1.4040059999999999,-1.811086,-0.020952000000000002,0.986123,-0.164691,0.040907,-0.045797000000000004,0.0198,0.003145,0.005561,-0.012388
8679,-0.12556199999999998,-1.402859,-1.8091529999999998,-0.020932,0.9859319999999999,-0.16583299999999998,0.030258999999999998,-0.045743,0.015452,-0.004809000000000001,0.011413,-0.009445
8680,-0.12523399999999998,-1.4021549999999998,-1.8078919999999998,-0.020965,0.985814,-0.166528,0.026011000000000003,-0.046771,0.010081999999999999,-0.006028,0.011394,-0.009207
8681,-0.125172,-1.401109,-1.806819,-0.021083,0.9856379999999999,-0.167553,0.029209,-0.04997,0.007970999999999999,0.001827,0.002537,-0.019244999999999998
8682,-0.123779,-1.39984,-1.8042610000000001,-0.021004,0.9854229999999999,-0.168823,0.026996,-0.064888,0.011179999999999999,0.0017170000000000002,0.005376,-0.017121
8683,-0.12300599999999999,-1.399047,-1.8018490000000003,-0.02097,0.9852870000000001,-0.16961400000000001,0.026862999999999998,-0.09047100000000001,0.015484999999999999,0.001423,0.005725,-0.015673
8684,-0.12093800000000002,-1.39798,-1.7978580000000002,-0.020745,0.9851040000000001,-0.170702,0.026791000000000002,-0.094567,0.019781,0.011056,0.005161,-0.014875999999999999
8685,-0.115275,-1.396893,-1.790489,-0.019902,0.984917,-0.17188,0.027880000000000002,-0.08288200000000001,0.027254,0.015903999999999998,0.0009689999999999999,-0.017146
8686,-0.11000399999999999,-1.396209,-1.783536,-0.019069,0.984798,-0.172651,0.024608,-0.08505599999999999,0.041122000000000006,0.018627,0.002186,-0.014177
8687,-0.102154,-1.3952930000000001,-1.774018,-0.017805,0.9846389999999999,-0.17369400000000002,0.023538,-0.07869,0.048586000000000004,0.014006000000000001,0.005123,-0.015163999999999999
8688,-0.093511,-1.394118,-1.7638200000000002,-0.016412,0.984433,-0.174993,0.024594,-0.076583,0.053934,0.011147,0.000202,-0.016474000000000003
8689,-0.08661100000000001,-1.393307,-1.7552470000000002,-0.015272999999999998,0.98429,-0.175897,0.036239,-0.08094900000000001,0.07004500000000001,0.007932999999999999,-0.00373,-0.015372
8690,-0.076538,-1.391745,-1.743306,-0.013618,0.9840129999999999,-0.177575,0.058488,-0.089656,0.09691799999999999,0.0045850000000000005,-0.006901000000000001,-0.015113
8691,-0.064462,-1.390111,-1.7291450000000002,-0.011576000000000001,0.983721,-0.17933,0.085012,-0.095186,0.124885,-0.000723,-0.004961,0.0019010000000000001
8692,-0.051562000000000004,-1.388503,-1.7139659999999999,-0.009343,0.9834309999999999,-0.181044,0.099837,-0.103824,0.141022,-0.004115,-0.00316,0.008879000000000001
8693,-0.039135,-1.387178,-1.6991630000000002,-0.007144,0.98319,-0.182448,0.099845,-0.10593699999999999,0.13675199999999998,-0.005933,0.008342,0.01805
8694,-0.027719,-1.3869360000000002,-1.6853060000000002,-0.005067,0.983145,-0.182756,0.08494600000000001,-0.10690799999999999,0.125966,0.0006730000000000001,0.024393,0.024247
8695,-0.016827,-1.3860700000000001,-1.6725299999999999,-0.003091,0.982986,-0.183652,0.064961,-0.067324,0.101207,0.004357,0.024719,0.025373
8696,-0.00703,-1.386168,-1.6615939999999998,-0.001291,0.9830049999999999,-0.183577,0.042783,-0.043699,0.073249,0.0073939999999999995,0.022061,0.023451
8697,-0.002177,-1.3866450000000001,-1.655793,-0.000399,0.983092,-0.183112,0.025838999999999997,-0.040341,0.047488999999999996,-0.010115,0.01764,0.013022
8698,-0.000947,-1.386624,-1.65382,-0.000173,0.983088,-0.183133,0.005731,-0.028455,0.022763,-0.015040000000000001,0.020498,0.009228
8699,-0.003941,-1.387052,-1.656073,-0.00072,0.983166,-0.18271099999999998,-0.005963,-0.041107,0.000263,-0.014462000000000001,0.026552999999999997,0.004855
8700,-0.008795,-1.387049,-1.6597060000000001,-0.001607,0.983166,-0.18270799999999998,-0.006039,-0.07194500000000001,-0.013587,-0.0056560000000000004,0.016132,-0.00937
8701,-0.013015,-1.387131,-1.662398,-0.0023769999999999998,0.983181,-0.182619,-0.012421,-0.07721,-0.023239,-0.004703,0.017674000000000002,-0.010496
8702,-0.015731000000000002,-1.387504,-1.6638549999999999,-0.002867,0.9832489999999999,-0.18224500000000002,-0.022979,-0.060099,-0.030811,0.014998,0.008908,-0.000891
8703,-0.018313999999999997,-1.388179,-1.6654470000000001,-0.003326,0.9833719999999999,-0.181573,-0.032533,-0.051534,-0.033024,0.018829,0.012279,0.001962
8704,-0.021908,-1.388681,-1.668121,-0.003967,0.9834629999999999,-0.181067,-0.032508999999999996,-0.050452,-0.037297000000000004,0.011704,0.007504,-0.008798
8705,-0.026411,-1.388699,-1.671847,-0.004782,0.983466,-0.18103,-0.038801999999999996,-0.037603,-0.048039,0.000998,0.007592,-0.018036
8706,-0.032671,-1.389253,-1.6777259999999998,-0.005898,0.9835659999999999,-0.180451,-0.046154,-0.018377,-0.054524,0.001137,0.006821,-0.015884
8707,-0.038911,-1.3898760000000001,-1.683409,-0.007,0.983678,-0.17979900000000001,-0.040973,-0.047178,-0.04911,0.003093,0.001643,-0.011439
8708,-0.044746,-1.3896030000000001,-1.6879220000000001,-0.008061,0.9836290000000001,-0.18002200000000002,-0.027297000000000002,-0.07923200000000001,-0.037223,-0.001888,-0.0042439999999999995,-0.01468
8709,-0.050364,-1.389729,-1.692025,-0.009066,0.9836520000000001,-0.179851,-0.021976,-0.07608,-0.030780000000000002,-0.002348,0.0033469999999999997,-0.013646
8710,-0.056159,-1.3897680000000001,-1.696218,-0.010106,0.9836590000000001,-0.179757,-0.021013,-0.092092,-0.023275999999999998,-0.006038,0.008116,-0.009544
8711,-0.063085,-1.39006,-1.7007619999999999,-0.011332,0.983712,-0.179396,-0.021248,-0.138985,-0.017878,-0.013631,0.008522,0.001662
8712,-0.07001399999999999,-1.3906040000000002,-1.704651,-0.012537999999999999,0.983809,-0.17878,-0.025602,-0.153901,-0.013618,-0.015035,0.011644,0.002358
8713,-0.075784,-1.391224,-1.7075759999999998,-0.013522999999999999,0.9839200000000001,-0.178096,-0.023407,-0.134756,-0.008287000000000001,-0.012204000000000001,0.012906,0.004756
8714,-0.080739,-1.39188,-1.710031,-0.014353,0.984037,-0.17738299999999999,-0.022297,-0.12411099999999999,-0.007225,-0.004339,0.0064719999999999995,0.005797999999999999
8715,-0.085937,-1.392798,-1.712606,-0.015197,0.9842,-0.17640699999999998,-0.029814999999999998,-0.13685999999999998,-0.009399,-0.006501000000000001,0.009590000000000001,0.0077670000000000005
8716,-0.091958,-1.393717,-1.715495,-0.016176,0.9843620000000001,-0.17541099999999998,-0.043824,-0.169826,-0.011590999999999999,-0.009198999999999999,0.013181,0.005733
8717,-0.103279,-1.394795,-1.723063,-0.018050999999999998,0.9845520000000001,-0.17415999999999998,-0.04493,-0.19001600000000002,-0.023327,-0.0186,0.014440999999999999,0.004376
8718,-0.114318,-1.3959110000000001,-1.730588,-0.019847,0.9847469999999999,-0.17285899999999998,-0.040505,-0.161243,-0.029744,-0.011189,0.005427,0.009163
8719,-0.121648,-1.396817,-1.735121,-0.021006,0.9849040000000001,-0.171824,-0.041491,-0.13888599999999998,-0.025507,-0.004507,0.000616,0.006983
8720,-0.126278,-1.397792,-1.7366259999999998,-0.02168,0.985072,-0.170772,-0.03425,-0.174125,-0.010456,0.0043159999999999995,-0.001185,0.003901
8721,-0.1319,-1.398376,-1.7383790000000001,-0.022563999999999997,0.9851719999999999,-0.170077,-0.028016000000000003,-0.199761,0.00137,-0.006702,0.003704,-0.001936
8722,-0.13683399999999998,-1.398875,-1.7393189999999998,-0.023336000000000003,0.985258,-0.169477,-0.024815,-0.196589,0.004593,-0.007456,0.007555,-0.0031149999999999997
8723,-0.141594,-1.399445,-1.739986,-0.024063,0.985355,-0.16880699999999998,-0.021711,-0.20941700000000002,0.013175999999999998,-0.0053100000000000005,0.015026,0.002151
8724,-0.14569000000000001,-1.400491,-1.73963,-0.024605000000000002,0.985533,-0.167687,-0.023933000000000003,-0.222219,0.019586000000000003,-0.002983,0.014268000000000001,0.006036
8725,-0.147095,-1.401137,-1.736805,-0.024746999999999998,0.985642,-0.167023,-0.033506,-0.202001,0.03338,-0.002841,0.014159,0.005371
8726,-0.146301,-1.4020620000000001,-1.7321830000000003,-0.024482,0.985798,-0.166141,-0.030239,-0.180732,0.039785,0.009436,0.0014,0.005375
8727,-0.145421,-1.403122,-1.7277150000000001,-0.024184,0.9859760000000001,-0.165129,-0.024975999999999998,-0.177309,0.046255000000000004,-0.003404,0.010622,0.00688
8728,-0.144095,-1.403646,-1.722719,-0.023891,0.9860629999999999,-0.164649,-0.014297,-0.17945999999999998,0.04206,-0.0036969999999999998,0.010535,0.0064010000000000004
8729,-0.147867,-1.403995,-1.7228439999999998,-0.024461,0.9861209999999999,-0.164217,-0.013134999999999999,-0.177256,0.022835,-0.013212999999999999,0.020334,-0.000562
8730,-0.152428,-1.4044530000000002,-1.723701,-0.025141,0.9861969999999999,-0.163657,-0.025914,-0.19098299999999999,0.003535,-0.012655,0.020059,-0.0011220000000000002
8731,-0.160939,-1.4053950000000002,-1.728203,-0.026383999999999998,0.986352,-0.162521,-0.041865,-0.196186,-0.013663,-0.008695999999999999,0.01055,0.0060880000000000005
8732,-0.169408,-1.406709,-1.733312,-0.027541000000000003,0.986568,-0.16101400000000002,-0.045860000000000005,-0.14924400000000002,-0.027638999999999997,-0.000138,0.009221,0.009738
8733,-0.170985,-1.408193,-1.7325270000000002,-0.027545999999999998,0.986809,-0.159527,-0.043594,-0.117153,-0.031924,0.019367,-0.002144,0.007045
8734,-0.175899,-1.409154,-1.735268,-0.028163,0.986964,-0.15845599999999999,-0.045699000000000004,-0.10650899999999999,-0.027679000000000002,0.014583,0.003743,0.00425
8735,-0.179095,-1.410173,-1.7369880000000002,-0.028491000000000002,0.9871280000000001,-0.157376,-0.05191799999999999,-0.05751900000000001,-0.019237999999999998,0.003985,0.0033350000000000003,0.002865
8736,-0.184328,-1.411612,-1.741539,-0.029053,0.9873569999999999,-0.155828,-0.069936,-0.027641000000000002,-0.016198,-0.0035700000000000003,0.008172,0.001271
8737,-0.188691,-1.4129450000000001,-1.745218,-0.029486000000000002,0.987567,-0.154406,-0.071113,-0.044711,-0.008707,-0.004099,0.008725,-0.003782
8738,-0.193153,-1.413925,-1.748475,-0.029989,0.987721,-0.153324,-0.052048000000000004,-0.06930499999999999,-0.002134,-0.005549,0.003017,-0.004986
8739,-0.19752999999999998,-1.414061,-1.751391,-0.030632999999999997,0.987742,-0.153059,-0.032871,-0.06833600000000001,0.005475,-0.0065829999999999994,-0.001307,-0.009325
8740,-0.19830699999999998,-1.4144139999999998,-1.750807,-0.030683,0.9877969999999999,-0.152693,-0.014801,-0.07058099999999999,0.018422,-0.0050219999999999996,0.0010789999999999999,-0.005235
8741,-0.19631600000000002,-1.414531,-1.7471729999999999,-0.030357,0.987815,-0.152641,0.008526,-0.083523,0.03783,0.0033179999999999998,-0.002281,-0.00011499999999999999
8742,-0.183928,-1.413973,-1.7333310000000002,-0.028564,0.987728,-0.153547,0.028803,-0.061308,0.059311,0.020462,0.0020329999999999997,-0.014849000000000001
8743,-0.17161400000000002,-1.413414,-1.720105,-0.026766,0.987641,-0.15443099999999998,0.030937,-0.031606999999999996,0.089199,0.017153,0.002868,-0.013385
8744,-0.156194,-1.412978,-1.7037799999999999,-0.024447999999999998,0.9875719999999999,-0.155251,0.029723000000000003,-0.048711000000000004,0.10523800000000001,0.006428,-0.006173,-0.00196
8745,-0.144496,-1.412795,-1.690536,-0.022657,0.9875440000000001,-0.155704,0.040275,-0.073253,0.10641099999999999,-0.006076,0.0014550000000000001,0.007984
8746,-0.13315,-1.412418,-1.6778110000000002,-0.020938,0.987484,-0.15632100000000002,0.037189,-0.048737,0.10528900000000001,-0.011105,0.005664,0.007761
8747,-0.12313699999999998,-1.412217,-1.666622,-0.019396,0.987453,-0.15672,0.020095,-0.054003999999999996,0.105175,-0.018537,0.017766,0.00224
8748,-0.11444000000000001,-1.41224,-1.656361,-0.01803,0.987456,-0.15686,0.006154,-0.077361,0.097629,-0.020026,0.024095,-0.001343
8749,-0.110473,-1.412172,-1.650395,-0.017415,0.9874450000000001,-0.156997,0.010426000000000001,-0.09540900000000001,0.07845099999999999,-0.018581,0.015438,-0.002381
8750,-0.10709,-1.411999,-1.6448919999999998,-0.016902,0.987418,-0.157225,0.010489,-0.097476,0.062429,-0.011159,0.017693,-0.002794
8751,-0.101258,-1.412102,-1.636958,-0.015974000000000002,0.9874350000000001,-0.157219,-0.006624,-0.10488199999999999,0.064455,-0.012086,0.017677000000000002,-0.002799
8752,-0.094773,-1.412503,-1.6280350000000001,-0.014916999999999998,0.987498,-0.156926,-0.014212,-0.122999,0.07297100000000001,0.002298,0.0027670000000000004,-0.000743
8753,-0.08546000000000001,-1.412955,-1.616114,-0.013416999999999998,0.987569,-0.156614,-0.018518,-0.12514,0.079355,0.009373000000000001,7.2e-05,-0.002826
8754,-0.074661,-1.413422,-1.602682,-0.01169,0.987642,-0.156289,-0.017508000000000003,-0.128377,0.08898099999999999,0.008059,0.01158,-0.0016239999999999998
8755,-0.063985,-1.413909,-1.589532,-0.00999,0.987718,-0.155925,-0.013183000000000002,-0.10712100000000001,0.09753099999999999,0.007808,0.014830000000000001,-0.001439
8756,-0.051342,-1.413934,-1.5750620000000002,-0.008017,0.987722,-0.156014,-0.007719,-0.07095,0.105001,0.0032719999999999997,0.000162,-0.008903
8757,-0.037179000000000004,-1.4136360000000001,-1.5594,-0.005818,0.987676,-0.156406,-0.0013779999999999999,-0.068905,0.12106700000000001,0.003346,-0.0034990000000000004,-0.010739
8758,-0.02106,-1.413398,-1.541507,-0.0033009999999999997,0.9876379999999999,-0.15671400000000002,0.005899000000000001,-0.0882,0.144643,0.0026449999999999998,-0.0043159999999999995,-0.009835
8759,-0.003418,-1.4127,-1.521517,-0.000538,0.9875290000000001,-0.15743800000000002,0.013196000000000001,-0.11490399999999999,0.156479,0.001347,0.0047350000000000005,-0.011034
8760,0.014047,-1.412066,-1.501562,0.0022199999999999998,0.9874290000000001,-0.158049,0.020703,-0.10640799999999999,0.156521,0.00045,0.006758,-0.011339
8761,0.031654,-1.41129,-1.4818959999999999,0.005027,0.9873059999999999,-0.158752,0.019733,-0.08616,0.15542,-0.000785,0.0066359999999999995,-0.012162000000000001
8762,0.049149,-1.410651,-1.462516,0.007834,0.9872040000000001,-0.159268,0.006951000000000001,-0.07761,0.159593,-0.0018219999999999998,-0.007331,-0.002734
8763,0.067551,-1.4103860000000001,-1.442568,0.010781,0.9871620000000001,-0.15936,0.0006219999999999999,-0.047814999999999996,0.173397,-0.0049369999999999995,-0.009806,0.0030789999999999997
8764,0.089462,-1.410218,-1.4198620000000002,0.014284999999999999,0.987135,-0.159249,-0.015352000000000001,-0.013781999999999999,0.201015,-0.010882,-0.008619,0.000466
8765,0.114501,-1.409484,-1.394668,0.01835,0.987017,-0.15956099999999998,-0.04193,0.022466999999999997,0.21680500000000003,-0.0011539999999999999,0.022640999999999998,-0.030075
8766,0.141059,-1.407849,-1.368268,0.022808000000000002,0.9867530000000001,-0.160616,-0.037637000000000004,0.015041999999999998,0.20509499999999997,0.002461,0.007998,-0.048338
8767,0.15896,-1.4054879999999998,-1.349936,0.026048,0.986368,-0.162482,0.004992,-0.015923,0.186203,-0.019487,0.002905,-0.050363
8768,0.171762,-1.403376,-1.336095,0.028482,0.9860180000000001,-0.164187,0.044446,-0.045791000000000005,0.161945,-0.049218,-0.00413,-0.048702999999999996
8769,0.185696,-1.401764,-1.32053,0.03106,0.985748,-0.16533699999999998,0.059306,-0.09365599999999999,0.131132,-0.04194,-0.007888,-0.032692
8770,0.190943,-1.399785,-1.312389,0.032297,0.9854129999999999,-0.16708599999999998,0.068717,-0.158582,0.108846,-0.006357,-0.004731,0.005099
8771,0.19861199999999998,-1.3980700000000001,-1.300532,0.033911000000000004,0.9851200000000001,-0.16849,0.05555499999999999,-0.221456,0.125927,0.018106,0.021106,0.031268000000000004
8772,0.21302,-1.397804,-1.2818120000000002,0.036391,0.985074,-0.16824,0.001228,-0.186175,0.141527,0.02141,0.05318,0.030926
8773,0.22649499999999997,-1.397836,-1.265209,0.038647,0.98508,-0.167703,-0.048603,-0.121002,0.136822,0.016559,0.034101,0.024973
8774,0.243154,-1.398778,-1.246406,0.041212,0.985241,-0.16613599999999998,-0.05588099999999999,-0.088975,0.126049,0.009981,0.001667,0.013853
8775,0.258589,-1.398803,-1.2288219999999999,0.043765,0.985246,-0.165456,-0.031448000000000004,-0.108252,0.130519,0.012967,-0.013535,-0.00149
8776,0.27169299999999996,-1.3982459999999999,-1.2130290000000001,0.046077,0.98515,-0.16539700000000002,0.003619,-0.12759600000000001,0.142539,0.016378,-0.014325,-0.005868
8777,0.285425,-1.397286,-1.196498,0.04861,0.984985,-0.165657,0.000375,-0.125502,0.154264,0.026448000000000003,0.007568999999999999,-0.01574
8778,0.305168,-1.396506,-1.174377,0.052101999999999996,0.98485,-0.165398,-0.047593,-0.089942,0.162424,0.040794,0.04225,-0.0014269999999999999
8779,0.32347,-1.396717,-1.1545459999999999,0.055053,0.984886,-0.164219,-0.066571,-0.047234,0.15475899999999998,0.037461,0.014334999999999999,0.007725
8780,0.345275,-1.396914,-1.1318549999999998,0.058554999999999996,0.9849209999999999,-0.162797,-0.040743,-0.032268,0.119672,0.035332,-0.017162,0.019959
8781,0.363536,-1.397162,-1.113154,0.06143099999999999,0.9849629999999999,-0.161472,-0.030899,-0.00662,0.090869,0.035065,0.0032869999999999996,0.026142000000000002
8782,0.374906,-1.397375,-1.1021040000000002,0.063186,0.985,-0.16056800000000002,-0.053073,0.040348,0.086381,0.033431999999999996,0.009705,0.029464999999999998
8783,0.3888,-1.3977950000000001,-1.089164,0.06525399999999999,0.985073,-0.15929200000000002,-0.062627,0.065888,0.101237,0.027533999999999996,0.015355,0.027456
8784,0.408725,-1.398385,-1.07075,0.06818400000000001,0.985174,-0.157426,-0.053975,0.093551,0.102332,0.021126,0.006525,0.003221
8785,0.424216,-1.398507,-1.057185,0.070565,0.985195,-0.156243,-0.050688,0.113776,0.103398,0.018836000000000002,0.00594,-0.004158
8786,0.443587,-1.3982629999999998,-1.039949,0.073681,0.9851530000000001,-0.155063,-0.06140399999999999,0.107405,0.107606,0.024723,0.008392,-0.007229000000000001
8787,0.46533199999999997,-1.397994,-1.019844,0.077155,0.985107,-0.153662,-0.065801,0.072293,0.101215,0.019647,0.005936,0.00144
8788,0.48052,-1.398225,-1.005491,0.079374,0.985146,-0.15227000000000002,-0.059501,0.037168,0.088487,0.00992,0.016181,-0.001142
8789,0.49591599999999997,-1.398375,-0.990848,0.081638,0.9851719999999999,-0.1509,-0.031760000000000004,0.041319999999999996,0.09188099999999999,0.0017809999999999998,0.000759,0.007436
8790,0.507007,-1.3980059999999999,-0.9806030000000001,0.083484,0.985109,-0.150303,-0.024177,0.058373,0.083366,0.007398,0.011321,0.007587999999999999
8791,0.528325,-1.3977870000000001,-0.960508,0.086778,0.9850709999999999,-0.148676,-0.03913,0.062657,0.090739,0.026733,0.012304,0.017328
8792,0.548449,-1.397808,-0.941617,0.089741,0.985075,-0.14688199999999998,-0.039081,0.07968099999999999,0.09606100000000001,0.031643,0.007693000000000001,0.02945
8793,0.567271,-1.397805,-0.924959,0.09249099999999999,0.985074,-0.145169,-0.042054,0.126582,0.09171,0.020333,0.0013,0.026791000000000002
8794,0.5870890000000001,-1.398586,-0.908033,0.09492300000000001,0.985209,-0.14266700000000002,-0.040762,0.160736,0.074585,0.003206,0.0053159999999999995,0.023908000000000002
8795,0.600151,-1.399019,-0.898201,0.096538,0.985282,-0.14106300000000002,-0.03961,0.165053,0.059632000000000004,-0.003703,0.010231,0.015834
8796,0.611084,-1.399473,-0.890283,0.097817,0.98536,-0.13963299999999998,-0.036435,0.152289,0.052191999999999995,-0.008294,0.01319,0.012771
8797,0.621221,-1.40022,-0.883014,0.0988,0.9854870000000001,-0.138036,-0.034294,0.148046,0.045801999999999995,-0.005736,0.01256,0.00916
8798,0.631676,-1.401003,-0.8755200000000001,0.09978200000000001,0.98562,-0.136373,-0.037444,0.14810399999999999,0.034027999999999996,-0.001454,0.011115,0.011678000000000001
8799,0.641785,-1.4017700000000002,-0.8681760000000001,0.100702,0.985749,-0.134751,-0.028916000000000004,0.138521,0.025554,0.0022789999999999998,0.010558,0.01204
8800,0.6502100000000001,-1.402005,-0.862585,0.101694,0.9857879999999999,-0.133714,-0.016072,0.152308,0.0299,0.004248,0.010565,0.011201000000000001
8801,0.661732,-1.401831,-0.854459,0.103333,0.985759,-0.132668,-0.011796,0.176705,0.052332000000000004,0.0074,0.011052,0.005181
8802,0.6733939999999999,-1.401231,-0.846399,0.105242,0.985658,-0.131916,-0.011729999999999999,0.187375,0.048047,0.015531,0.010237000000000001,0.003971
8803,0.6871229999999999,-1.400654,-0.836224,0.107404,0.985561,-0.130899,-0.028829,0.173617,0.040471,0.019488,0.012028,0.001611
8804,0.700214,-1.40042,-0.82657,0.10925699999999999,0.9855209999999999,-0.129658,-0.027696,0.173673,0.025526,0.016857,0.015334,0.0068709999999999995
8805,0.709648,-1.400708,-0.820823,0.11029000000000001,0.9855700000000001,-0.128406,-0.031811,0.192923,0.010518000000000001,0.01207,0.015895,0.007389
8806,0.718775,-1.4012879999999999,-0.81594,0.111081,0.985668,-0.12696400000000002,-0.036920999999999995,0.22709400000000002,-0.005584,0.010820999999999999,0.016636,0.008464
8807,0.730282,-1.402499,-0.809279,0.111738,0.9858709999999999,-0.12478800000000001,-0.065594,0.24853499999999998,-0.014356,0.0075239999999999994,0.020659,0.008928
8808,0.7433,-1.404349,-0.801636,0.11211900000000001,0.98618,-0.12197999999999999,-0.078188,0.284842,-0.025172,0.002978,0.00034700000000000003,0.014375
8809,0.754191,-1.406353,-0.796782,0.11208800000000001,0.98651,-0.11931099999999999,-0.088613,0.313744,-0.05092,-0.002407,0.031404,0.004626
8810,0.763524,-1.408592,-0.794239,0.111668,0.986874,-0.11666300000000002,-0.09260299999999999,0.34265300000000004,-0.084098,0.008631999999999999,0.018512999999999998,-0.00469
8811,0.7723909999999999,-1.411269,-0.792216,0.110854,0.987303,-0.113776,-0.10318499999999999,0.353377,-0.092731,0.008836,0.008517,0.002082
8812,0.78142,-1.414245,-0.790633,0.10980799999999999,0.987771,-0.11068499999999999,-0.107348,0.38956,-0.079989,-0.006017,0.004905,0.002942
8813,0.791734,-1.417503,-0.7883789999999999,0.108652,0.988274,-0.10728399999999999,-0.110473,0.42040900000000003,-0.066165,-0.012735,-0.0064930000000000005,0.007842
8814,0.804035,-1.420379,-0.784546,0.10791700000000001,0.9887090000000001,-0.103967,-0.107254,0.427842,-0.062949,-0.0082,-0.01564,0.004526
8815,0.8156180000000001,-1.4226860000000001,-0.781359,0.10745299999999999,0.989052,-0.101147,-0.09021799999999999,0.42244799999999993,-0.060687,-0.003113,-0.005806,-0.001621
8816,0.8251639999999999,-1.424413,-0.779698,0.10715799999999999,0.9893049999999999,-0.098957,-0.07443,0.384004,-0.050913,0.001744,0.003889,-0.008327
8817,0.832787,-1.425729,-0.779209,0.106946,0.9894959999999999,-0.097262,-0.070381,0.347719,-0.03802,-0.00282,0.010121999999999999,-0.013394999999999999
8818,0.8409059999999999,-1.427037,-0.777671,0.106768,0.989684,-0.095527,-0.065175,0.327426,-0.029412999999999998,-0.0072959999999999995,0.013627,-0.013009
8819,0.8467450000000001,-1.428097,-0.778064,0.10653800000000001,0.989836,-0.094207,-0.055701,0.304996,-0.02291,-0.007814,0.007372,-0.013642
8820,0.85193,-1.428723,-0.77857,0.10655799999999999,0.989925,-0.09324500000000001,-0.039812,0.281496,-0.020633000000000002,0.002222,-0.005611,-0.004091
8821,0.8583299999999999,-1.429297,-0.7776609999999999,0.106723,0.9900059999999999,-0.09219,-0.025966000000000003,0.271877,-0.024797,0.004497999999999999,-0.002075,-0.007709000000000001
8822,0.8646530000000001,-1.42941,-0.776836,0.10721800000000001,0.990022,-0.091441,-0.014172,0.280375,-0.028995999999999997,0.01592,0.006698000000000001,-0.0031940000000000002
8823,0.875699,-1.429201,-0.771411,0.10838099999999999,0.989992,-0.090383,-0.020559,0.280411,-0.032241000000000006,0.023485,0.013701,0.004232
8824,0.8836649999999999,-1.4297959999999998,-0.769258,0.108643,0.9900760000000001,-0.089144,-0.032232,0.29324,-0.033406,0.018906,0.012457,0.000796
8825,0.895151,-1.430475,-0.764083,0.109134,0.9901709999999999,-0.087469,-0.036313,0.325251,-0.043087,0.020047,0.0073420000000000004,0.005529
8826,0.9104629999999999,-1.431257,-0.755642,0.109849,0.9902799999999999,-0.085313,-0.044692,0.350887,-0.052788,0.019301,0.007858,0.007890000000000001
8827,0.920626,-1.432613,-0.75274,0.109642,0.990468,-0.08338,-0.049906,0.37011,-0.060325,0.017784,0.008601000000000001,0.006109000000000001
8828,0.932399,-1.4341,-0.748779,0.10943299999999999,0.9906719999999999,-0.081206,-0.054041,0.398892,-0.061458000000000006,0.0077540000000000005,0.010839,0.004836
8829,0.942104,-1.436009,-0.7471979999999999,0.10868599999999999,0.99093,-0.079027,-0.063678,0.409783,-0.057277999999999996,-0.006573999999999999,0.009101,-0.000822
8830,0.951923,-1.437894,-0.745466,0.10793499999999999,0.991181,-0.076872,-0.06690700000000001,0.39915900000000004,-0.061560000000000004,-0.009470000000000001,0.005370000000000001,-0.0032359999999999997
8831,0.958559,-1.440177,-0.746344,0.106591,0.991481,-0.07485399999999999,-0.053158000000000004,0.361869,-0.0721,-0.013817,-0.001247,-2.1e-05
8832,0.9610920000000001,-1.44307,-0.750434,0.10442799999999999,0.9918540000000001,-0.07293999999999999,-0.04695,0.311809,-0.079474,-0.021297999999999997,0.010938,0.0021550000000000002
8833,0.9635040000000001,-1.4451969999999998,-0.75397,0.102871,0.992123,-0.071485,-0.036358999999999995,0.29578899999999997,-0.078313,-0.020397,0.015368999999999999,-0.0005059999999999999
8834,0.958608,-1.4476639999999998,-0.7645390000000001,0.100516,0.9924290000000001,-0.07057999999999999,-0.028938,0.2745,-0.08892,-0.014197,0.006456999999999999,-0.0050420000000000005
8835,0.957292,-1.4495069999999999,-0.770898,0.098928,0.9926530000000001,-0.06966,-0.017337,0.23189899999999997,-0.101603,-0.009084,0.003181,-0.0027129999999999997
8836,0.9538780000000001,-1.45141,-0.778628,0.097148,0.9928819999999999,-0.06890399999999999,-0.007831,0.206317,-0.105777,0.00385,0.007529999999999999,0.002375
8837,0.950092,-1.453135,-0.786533,0.095493,0.993086,-0.068275,-0.010003,0.200985,-0.10257999999999999,0.0061,0.007677,0.003257
8838,0.949383,-1.454921,-0.791504,0.094003,0.993294,-0.06731000000000001,-0.028155,0.21801199999999998,-0.082432,-0.000589,-0.0006490000000000001,0.002827
8839,0.951356,-1.456813,-0.794351,0.09260499999999999,0.993511,-0.06603300000000001,-0.043942,0.254334,-0.09434,0.010223999999999999,0.013981,0.002068
8840,0.9568190000000001,-1.45818,-0.794433,0.09185399999999999,0.9936649999999999,-0.06474400000000001,-0.028834,0.277777,-0.10921600000000001,0.021077000000000002,0.004397,0.0016640000000000001
8841,0.95415,-1.4598659999999999,-0.802828,0.090314,0.9938540000000001,-0.06402000000000001,3.4e-05,0.287281,-0.113298,0.017627,0.009717,-0.0009220000000000001
8842,0.9482079999999999,-1.461409,-0.814805,0.088686,0.994023,-0.063661,-0.002075,0.306408,-0.09945,0.0070480000000000004,0.013666999999999999,-0.00772
8843,0.942658,-1.463314,-0.826736,0.086799,0.9942290000000001,-0.063039,-0.021230000000000002,0.321372,-0.095332,-0.0067209999999999995,0.001315,-0.0028940000000000003
8844,0.942566,-1.4652,-0.833334,0.085276,0.9944299999999999,-0.06194500000000001,-0.024431,0.325627,-0.091087,-0.0016120000000000002,-0.008223999999999999,0.002634
8845,0.942,-1.466836,-0.840348,0.083925,0.9946010000000001,-0.061036,-0.013834,0.317038,-0.083525,-0.000414,-0.00632,-0.000182
8846,0.934516,-1.4679659999999999,-0.853994,0.082562,0.994718,-0.06099500000000001,-0.005427,0.299917,-0.07169400000000001,-0.004268999999999999,0.009753,-0.018122
8847,0.9234209999999999,-1.468482,-0.870699,0.081471,0.99477,-0.061598,0.000771,0.267881,-0.057724,-0.0023539999999999998,0.011196,-0.027879
8848,0.914991,-1.4689709999999998,-0.883864,0.080563,0.99482,-0.061985000000000005,0.011198,0.215637,-0.055449,-0.0024530000000000003,0.008459999999999999,-0.028957
8849,0.89812,-1.469064,-0.9043610000000001,0.079433,0.9948299999999999,-0.063278,0.028051,0.163392,-0.05847,-0.003994,0.000516,-0.024307
8850,0.8823049999999999,-1.469057,-0.923208,0.078429,0.9948290000000001,-0.06453099999999999,0.038616000000000004,0.14840699999999998,-0.049832,-0.00067,7.5e-05,-0.014218999999999999
8851,0.8730469999999999,-1.468983,-0.935609,0.07788400000000001,0.994821,-0.065302,0.026862999999999998,0.162224,-0.031772,0.002118,0.004965,-0.015646
8852,0.869375,-1.4684540000000001,-0.9426629999999999,0.078045,0.994768,-0.065927,0.005484,0.168626,-0.015905000000000002,0.00777,0.00244,-0.01493
8853,0.8651040000000001,-1.467934,-0.950068,0.078157,0.994714,-0.066595,0.010716,0.150477,-0.010504000000000001,0.001189,-0.00065,-0.019312
8854,0.857915,-1.467493,-0.960025,0.07800800000000001,0.994669,-0.067442,0.037327,0.130169,-0.016702,-0.001623,0.003912,-0.023607
8855,0.841642,-1.4665059999999999,-0.9783959999999999,0.07763300000000001,0.994567,-0.069357,0.054199000000000004,0.084307,-0.017595,-0.00436,0.0036630000000000005,-0.0227
8856,0.825895,-1.465616,-0.995175,0.077181,0.994474,-0.07117000000000001,0.048589,0.036333,-0.0036869999999999997,-0.009036,0.002414,-0.018078
8857,0.817322,-1.464747,-1.00452,0.077199,0.994382,-0.072421,0.055986,0.033059,0.009187,-0.007863,-0.027738,-0.007123
8858,0.804631,-1.463994,-1.017801,0.076812,0.994302,-0.073913,0.051807000000000006,0.039517000000000004,-0.0036710000000000002,-0.001998,0.014899,-0.017792
8859,0.793199,-1.463013,-1.029633,0.076658,0.9941969999999999,-0.07547100000000001,0.05167000000000001,0.020295,0.008102,-0.00662,-0.002009,-0.00894
8860,0.783199,-1.461794,-1.040198,0.076754,0.994065,-0.077093,0.066607,0.029792000000000003,0.017807,-0.005084,-0.012269,-0.005549
8861,0.77446,-1.460816,-1.0492569999999999,0.076758,0.993958,-0.078455,0.063263,0.004211,0.024224000000000002,-0.012625,0.00151,-0.00024900000000000004
8862,0.767599,-1.460035,-1.0559690000000002,0.076757,0.993872,-0.079539,0.056789,-0.012806999999999999,0.023131,-0.01151,-0.005179,0.004817
8863,0.762223,-1.45904,-1.06108,0.077011,0.993762,-0.080665,0.063176,-0.012842,0.02638,-0.011489,0.007428,-0.0017629999999999998
8864,0.753302,-1.457506,-1.069684,0.077331,0.99359,-0.082461,0.082298,-0.02147,0.036137,-0.00595,0.011995,-0.008161
8865,0.740425,-1.4555850000000001,-1.082013,0.07755,0.9933700000000001,-0.084859,0.08758200000000001,-0.030024000000000002,0.039388,-0.008427,0.000648,-0.010005
8866,0.732164,-1.453832,-1.089421,0.07801,0.993167,-0.086792,0.075708,-0.05451,0.045745,-0.015312000000000001,0.0061,-0.012237999999999999
8867,0.724262,-1.452476,-1.095898,0.07821399999999999,0.993008,-0.08841399999999999,0.053176,-0.076828,0.052022000000000006,-0.016721,0.008457,-0.0060079999999999995
8868,0.719821,-1.451674,-1.098602,0.078346,0.9929129999999999,-0.08936000000000001,0.048908,-0.08848400000000001,0.040255,-0.007866,-0.001626,0.006566
8869,0.71536,-1.450325,-1.101307,0.078825,0.9927520000000001,-0.09071900000000001,0.079861,-0.08645800000000001,0.0394,-0.00662,0.002258,0.005605
8870,0.706486,-1.448431,-1.108538,0.079237,0.9925229999999999,-0.09284500000000001,0.10972799999999999,-0.082322,0.044943000000000004,-0.007155,0.0067599999999999995,-0.00033999999999999997
8871,0.694045,-1.446393,-1.1190959999999999,0.07937000000000001,0.9922719999999999,-0.09537799999999999,0.120301,-0.10790899999999999,0.040775,-0.009895999999999999,0.016868,0.002605
8872,0.6848,-1.4443780000000002,-1.126031,0.079749,0.9920200000000001,-0.09765700000000001,0.110679,-0.11532,0.037512000000000004,-0.006995,0.021179,0.010056
8873,0.680516,-1.4431530000000001,-1.1285049999999999,0.080094,0.991865,-0.098941,0.08632100000000001,-0.08112,0.030889,-0.001832,0.008578,0.02132
8874,0.678304,-1.442041,-1.1295030000000001,0.080568,0.9917219999999999,-0.099977,0.080046,-0.059762,0.02334,0.004927,0.011177,0.032717
8875,0.674914,-1.441065,-1.13185,0.080833,0.991597,-0.101005,0.079025,-0.05335,0.019052,-0.00041900000000000005,0.008525,0.031654
8876,0.672376,-1.441026,-1.133643,0.080601,0.991592,-0.101241,0.056761,-0.030862999999999998,0.009252,-0.012745000000000001,0.015885,0.025144999999999997
8877,0.669169,-1.44197,-1.136715,0.079694,0.991713,-0.10076399999999999,0.035692,0.00659,-0.014446,-0.006788,0.022065,0.019541
8878,0.665101,-1.4424139999999999,-1.141353,0.079012,0.99177,-0.100741,0.020984,0.034433,-0.038086,-0.004809000000000001,0.022451,0.02106
8879,0.660669,-1.444395,-1.14693,0.077359,0.992022,-0.099539,0.006278,0.064402,-0.060662,-0.015744,0.02783,0.01885
8880,0.654848,-1.445546,-1.154571,0.076083,0.992166,-0.099082,-0.029751,0.099759,-0.080187,-0.019625,0.037741000000000004,0.016074
8881,0.646621,-1.448903,-1.165038,0.073258,0.9925799999999999,-0.097045,-0.058472,0.117155,-0.09537799999999999,-0.027252999999999996,0.022862,0.017852
8882,0.640047,-1.451657,-1.173974,0.07098600000000001,0.9929110000000001,-0.095332,-0.055277,0.109713,-0.101757,-0.02083,-0.001029,0.016261
8883,0.6302399999999999,-1.453983,-1.185682,0.068686,0.993185,-0.094157,-0.039347,0.079885,-0.115495,-0.011954000000000001,-0.007864,0.009470999999999999
8884,0.6145520000000001,-1.455766,-1.2027370000000002,0.066179,0.993391,-0.093776,-0.037298000000000005,0.059641999999999994,-0.116524,-0.002215,0.002336,-0.010411
8885,0.6034,-1.457655,-1.214833,0.064065,0.993606,-0.092964,-0.052372,0.033045,-0.112322,0.004508,-0.0034630000000000004,-0.007958
8886,0.5931930000000001,-1.459924,-1.225355,0.061852,0.9938600000000001,-0.09174199999999999,-0.056794000000000004,0.0032159999999999997,-0.10804200000000001,-0.004296,0.001456,0.005072
8887,0.581129,-1.462194,-1.237622,0.059502,0.994109,-0.09059600000000001,-0.049297,0.010642,-0.106932,-0.014397,0.009996,0.005177
8888,0.563291,-1.46449,-1.255867,0.056657000000000006,0.9943549999999999,-0.089713,-0.03539,0.019116,-0.106848,-0.014787,0.011474,-0.001306
8889,0.5448729999999999,-1.466383,-1.274359,0.054020000000000006,0.994554,-0.089132,-0.036576,-0.016,-0.11535799999999999,-0.015995,0.009581000000000001,-0.006312
8890,0.521233,-1.4682110000000002,-1.297175,0.050993000000000004,0.994743,-0.088806,-0.03781,-0.055402,-0.11745499999999999,-0.009077,0.004311,-0.006531
8891,0.49926400000000004,-1.47004,-1.31794,0.048159,0.994928,-0.088308,-0.048520999999999995,-0.06283,-0.11538499999999999,-0.005587,0.010351,-0.006235
8892,0.48503599999999997,-1.472276,-1.331084,0.045860000000000005,0.995151,-0.087015,-0.06983500000000001,-0.060612,-0.11874100000000001,0.006326,0.007367,0.0034579999999999997
8893,0.474813,-1.475092,-1.3398860000000001,0.043687000000000004,0.995424,-0.08498700000000001,-0.070966,-0.086128,-0.130465,0.009628,0.009154,0.012966
8894,0.45740600000000003,-1.4777799999999999,-1.355464,0.041019,0.995677,-0.083334,-0.065604,-0.099914,-0.150705,0.006039,0.007481,-0.000604
8895,0.431781,-1.480302,-1.379082,0.03782,0.995908,-0.082078,-0.076239,-0.10727300000000001,-0.165724,0.009452,0.005557,-0.003951
8896,0.40518000000000004,-1.482752,-1.403958,0.034661000000000004,0.9961270000000001,-0.08081,-0.070799,-0.079612,-0.161448,0.012672,0.002027,-0.00734
8897,0.385646,-1.484334,-1.422493,0.032483,0.9962639999999999,-0.080013,-0.05577000000000001,-0.045631,-0.147497,0.02315,0.0010960000000000002,-0.00716
8898,0.37323,-1.485617,-1.434605,0.031020999999999996,0.996374,-0.07921900000000001,-0.021616,-0.021334,-0.125921,0.024002000000000002,0.008249,0.002102
8899,0.352555,-1.487152,-1.454503,0.028848000000000002,0.9965040000000001,-0.078408,-0.060148,-0.045714,-0.12295299999999999,0.017813,0.036074,-0.007254999999999999
8900,0.33974499999999996,-1.4888139999999999,-1.4661600000000001,0.02729,0.996641,-0.07721,-0.073151,-0.073434,-0.10591400000000001,0.011696,0.002779,-0.001464
8901,0.319488,-1.490276,-1.484967,0.025262,0.9967600000000001,-0.076363,-0.0294,-0.072517,-0.106677,0.003165,-0.008296,-0.0025399999999999997
8902,0.29467600000000005,-1.490766,-1.50868,0.023219,0.996799,-0.076499,0.008023,-0.054537999999999996,-0.106438,0.009283,-0.012516,-0.008751
8903,0.274702,-1.4901790000000001,-1.527477,0.021845,0.9967520000000001,-0.077511,0.043072000000000006,-0.072838,-0.089076,0.015478,-0.029664999999999997,-0.0037119999999999996
8904,0.262401,-1.489371,-1.5380989999999999,0.021099,0.9966870000000001,-0.078552,0.061007000000000006,-0.099605,-0.070754,0.013798,-0.002729,0.005797999999999999
8905,0.24259699999999998,-1.4885110000000001,-1.555712,0.019744,0.996616,-0.07978500000000001,0.057638999999999996,-0.118841,-0.052592999999999994,0.015152,-0.002659,0.007031
8906,0.23344600000000001,-1.487869,-1.562674,0.019162000000000002,0.9965629999999999,-0.080586,0.05658,-0.10503499999999999,-0.040866,0.01128,0.021442,0.003987
8907,0.226673,-1.4870219999999998,-1.5678159999999999,0.018805000000000002,0.9964930000000001,-0.081536,0.05241799999999999,-0.07309600000000001,-0.032389,0.01127,0.015012000000000001,0.002816
8908,0.215903,-1.4861280000000001,-1.577386,0.018116999999999998,0.996418,-0.082604,0.053537,-0.057138,-0.028127999999999997,0.011958,0.015087,0.0038840000000000003
8909,0.209081,-1.485384,-1.5832700000000002,0.017707,0.9963549999999999,-0.08345,0.056755999999999994,-0.047583,-0.022775999999999998,0.002374,-0.0007030000000000001,0.006226
8910,0.20011500000000002,-1.484369,-1.591069,0.017159,0.996267,-0.084598,0.06625199999999999,-0.071052,-0.022680000000000002,-0.002037,-0.004828,0.004123
8911,0.18532200000000001,-1.4831530000000002,-1.603844,0.016128999999999998,0.9961620000000001,-0.08603200000000001,0.072476,-0.120038,-0.032188999999999995,-0.007095000000000001,0.014244999999999999,-0.00279
8912,0.16544,-1.481739,-1.620938,0.014647,0.9960370000000001,-0.087726,0.066004,-0.150849,-0.047151,-0.010863,0.021205,-0.009473
8913,0.14232999999999998,-1.480485,-1.641044,0.012793,0.995925,-0.089276,0.05968,-0.149697,-0.063221,0.00032900000000000003,0.006104999999999999,-0.003101
8914,0.12283699999999999,-1.479333,-1.657791,0.011191,0.99582,-0.090647,0.059801,-0.135798,-0.076057,0.005319,-0.002275,-0.005712
8915,0.10557000000000001,-1.4782110000000002,-1.672623,0.009742,0.995717,-0.091938,0.052439,-0.120824,-0.084672,0.014107,-0.00414,-0.0007740000000000001
8916,0.098541,-1.478082,-1.677395,0.009108,0.995705,-0.092132,0.046025,-0.12080899999999999,-0.082576,0.021623,0.004188,0.016968
8917,0.081701,-1.477623,-1.691974,0.007593000000000001,0.995663,-0.09272799999999999,0.043933,-0.11757999999999999,-0.089002,0.019827,0.004215,0.015137000000000001
8918,0.063076,-1.477362,-1.708143,0.005881,0.9956379999999999,-0.093113,0.049237,-0.138844,-0.10389100000000001,0.010858,0.013715,0.011997
8919,0.048583999999999995,-1.4769219999999998,-1.720143,0.0045520000000000005,0.995597,-0.093626,0.061037,-0.11548299999999999,-0.09529,0.023234,0.019006,0.008085
8920,0.035681,-1.475856,-1.7321099999999998,0.003382,0.995497,-0.094737,0.049666,-0.0122,-0.073067,0.027884,0.009156999999999998,0.0010789999999999999
8921,0.036794,-1.474906,-1.731681,0.003522,0.9954059999999999,-0.095679,0.028454000000000004,0.033608,-0.05511,0.031145999999999997,-0.013778,-0.0039
8922,0.036075,-1.4744549999999998,-1.732731,0.003469,0.9953629999999999,-0.09613,0.04093,-0.003861,-0.019721000000000002,0.0018859999999999999,0.010161,0.00296
8923,0.032223,-1.47328,-1.735961,0.003137,0.9952489999999999,-0.097311,0.071639,-0.032820999999999996,0.002963,-0.009545,0.00205,0.003317
8924,0.024232,-1.471471,-1.743944,0.002403,0.9950709999999999,-0.099133,0.06655499999999999,0.022591999999999998,0.002853,-0.009086,0.003082,-0.004947
8925,0.023991,-1.470083,-1.744977,0.002412,0.994933,-0.10051399999999999,0.065594,0.046031,0.002816,-0.005235,0.003068,-0.005214
8926,0.024858,-1.468504,-1.745167,0.002538,0.9947729999999999,-0.102082,0.075264,0.060911,0.0028640000000000002,-0.00147,0.008813,-0.0067280000000000005
8927,0.026929,-1.467159,-1.7445529999999998,0.002785,0.994634,-0.103414,0.0625,0.073722,0.007031999999999999,0.000938,0.021555,-0.001505
8928,0.028835000000000003,-1.466013,-1.744157,0.003015,0.9945149999999999,-0.104548,0.054002999999999995,0.081213,0.005894,-0.002649,0.019096000000000002,-0.002477
8929,0.026383999999999998,-1.464338,-1.74815,0.002803,0.994339,-0.10622000000000001,0.062602,0.075934,-0.013268,-0.004954999999999999,0.007201999999999999,-0.013378
8930,0.025194,-1.462593,-1.751353,0.0027199999999999998,0.994152,-0.10795899999999999,0.056476,0.11651700000000001,-0.033658,0.008617,0.006520000000000001,-0.009916
8931,0.023947,-1.461731,-1.755507,0.002606,0.994058,-0.10881800000000001,0.03324,0.152883,-0.049888,0.021044999999999998,0.009512,-0.00399
8932,0.026644,-1.4609290000000001,-1.756372,0.002921,0.9939709999999999,-0.109608,0.029067000000000003,0.182884,-0.051031,0.022912000000000002,0.002779,-0.005718
8933,0.029388,-1.459322,-1.75763,0.0032689999999999998,0.993793,-0.111195,0.046130000000000004,0.19767,-0.033837,0.015835,-0.011401999999999999,-0.02264
8934,0.031651,-1.456928,-1.759305,0.0035960000000000002,0.993524,-0.11356500000000001,0.090797,0.19526400000000002,-0.003611,0.008489,-0.01951,-0.038885
8935,0.03568,-1.4524860000000002,-1.759232,0.004211,0.9930100000000001,-0.117959,0.124786,0.19606400000000002,0.032944,-0.011031000000000001,-0.005751,-0.046133999999999994
8936,0.047126999999999995,-1.449658,-1.751091,0.005693,0.9926719999999999,-0.120708,0.147902,0.151104,0.067346,-0.029985,0.00066,-0.043476999999999995
8937,0.06159,-1.446335,-1.738782,0.007640999999999999,0.992265,-0.123904,0.169923,0.09020800000000001,0.092147,-0.039562,0.004226,-0.049374
8938,0.06991900000000001,-1.441308,-1.731782,0.009021,0.9916280000000001,-0.12881099999999998,0.17516099999999998,0.06675700000000001,0.091144,-0.026599,-0.008320999999999999,-0.056553
8939,0.081317,-1.437655,-1.721568,0.010783,0.99115,-0.13230899999999998,0.17946199999999998,0.058284,0.075161,-0.007411,-0.022674,-0.036071
8940,0.091303,-1.433886,-1.7120220000000002,0.012444,0.990642,-0.135915,0.168396,-0.019485,0.085866,-0.004525,-0.007091,-0.022044
8941,0.099594,-1.431258,-1.702535,0.013829,0.9902799999999999,-0.138396,0.09780499999999999,-0.067142,0.076888,-0.040944,0.036041000000000004,-0.012894999999999998
8942,0.096859,-1.429786,-1.703324,0.013591999999999998,0.990074,-0.13988599999999998,0.068851,-0.08733300000000001,0.089525,-0.059872,0.01844,-0.00109
8943,0.10504100000000001,-1.428294,-1.6932900000000002,0.014891,0.989864,-0.141238,0.067866,-0.089379,0.069225,-0.050169,0.0022170000000000002,-0.011106
8944,0.10933599999999999,-1.426621,-1.687388,0.015678,0.989625,-0.142819,0.08197,-0.067999,0.038317000000000004,-0.041007,0.004608,0.007901
8945,0.10364200000000001,-1.42518,-1.6921560000000002,0.015012000000000001,0.989417,-0.144324,0.081176,-0.031678,0.013693,-0.030300999999999998,-0.006095000000000001,0.005438
8946,0.10279,-1.423505,-1.6920810000000002,0.015059000000000001,0.9891719999999999,-0.145985,0.08530900000000001,-0.064703,0.01056,-0.021452000000000002,-0.0050869999999999995,-0.007869
8947,0.10276800000000001,-1.4218389999999999,-1.690131,0.015225,0.988926,-0.147624,0.076477,-0.1095,0.03192,-0.029858,0.007701,-0.019322
8948,0.099104,-1.4199389999999998,-1.691672,0.01487,0.988643,-0.14954800000000001,0.057261,-0.089287,0.055258,-0.031258,0.003087,-0.020923
8949,0.097759,-1.418312,-1.690857,0.014825,0.988397,-0.151169,0.052827,-0.111703,0.070208,-0.030542000000000003,-0.004281,-0.015137000000000001
8950,0.09700800000000001,-1.416667,-1.6886709999999998,0.014869,0.9881459999999999,-0.15279700000000002,0.065482,-0.149015,0.066068,-0.028022000000000002,5.9e-05,-0.011372
8951,0.093938,-1.415354,-1.688653,0.014522,0.987943,-0.154135,0.06775,-0.141477,0.043639,-0.010829,0.029772000000000003,0.000296
8952,0.092305,-1.4147020000000001,-1.687509,0.01433,0.987842,-0.1548,0.046555,-0.139152,0.013577,-0.002412,0.028881999999999998,0.0051719999999999995
8953,0.088811,-1.41458,-1.688203,0.013799,0.987823,-0.154969,0.013615,-0.136795,-0.014430000000000002,0.000437,0.028488999999999997,0.009278
8954,0.084858,-1.416408,-1.6901830000000002,0.013034,0.9881059999999999,-0.153223,-0.014835,-0.074837,-0.032868,0.003141,0.033012,0.02456
8955,0.082375,-1.4186370000000001,-1.692102,0.012472,0.9884459999999999,-0.151059,-0.042181,-0.0011769999999999999,-0.048107,0.009531999999999999,0.009601,0.025998
8956,0.077137,-1.419797,-1.697825,0.011592,0.9886209999999999,-0.149979,-0.056977999999999994,0.031889999999999995,-0.046116000000000004,0.005361,0.0014609999999999998,0.019928
8957,0.07105700000000001,-1.421168,-1.704753,0.010584,0.988827,-0.148695,-0.050568,0.040364,-0.039674,-0.00892,0.0089,0.005964
8958,0.053709,-1.421593,-1.7224720000000002,0.00798,0.9888899999999999,-0.14843599999999998,-0.040108,0.00937,-0.023544,-0.034973000000000004,0.004335,-0.017915
8959,0.043747,-1.421826,-1.731795,0.006490999999999999,0.988924,-0.148278,-0.031921,-0.052509,-0.007388,-0.042395,0.004957,-0.021217
8960,0.041195999999999997,-1.422287,-1.732537,0.006094,0.988993,-0.147839,-0.015106,-0.11115,-0.009332,-0.058645,0.003256,-0.020145
8961,0.027373,-1.422384,-1.743569,0.004047,0.989007,-0.147813,-0.00238,-0.15052000000000001,-0.031629000000000004,-0.040882,6.8e-05,-0.003264
8962,0.018576,-1.422397,-1.749178,0.002746,0.989009,-0.14783,-0.000251,-0.16538599999999998,-0.045482,-0.02333,0.005635,0.00873
8963,0.01048,-1.4224709999999998,-1.7542830000000003,0.001549,0.9890200000000001,-0.14777300000000002,-0.005536999999999999,-0.140922,-0.031663,0.010353,0.004556,0.018516
8964,0.010916,-1.423282,-1.75144,0.001604,0.9891399999999999,-0.146971,-0.013026,-0.11757000000000001,-0.0039700000000000004,0.03462,-0.001698,0.012327
8965,0.010928,-1.423589,-1.7490860000000001,0.001603,0.989185,-0.14666700000000002,-0.016361,-0.114495,0.029118,0.027632999999999998,0.001187,0.004837
8966,0.014130000000000002,-1.42388,-1.743738,0.002068,0.9892270000000001,-0.146374,-0.013146000000000001,-0.09751699999999999,0.043006,0.011481,0.00798,-0.013522999999999999
8967,0.017843,-1.424049,-1.738277,0.0026089999999999998,0.989252,-0.146198,-0.006640000000000001,-0.07940900000000001,0.037687,0.006836,0.003393,-0.021221
8968,0.020406,-1.424083,-1.734173,0.002983,0.9892569999999999,-0.14615699999999998,0.001986,-0.071931,0.024919,0.010856999999999999,0.00583,-0.023643
8969,0.022313999999999997,-1.4237819999999999,-1.7309450000000002,0.003268,0.9892129999999999,-0.146449,0.024447999999999998,-0.059226,0.025059,0.021344,-0.00038199999999999996,-0.016622
8970,0.025751,-1.4230530000000001,-1.7262939999999998,0.00379,0.9891059999999999,-0.14715699999999998,0.042494,-0.061492,0.043348000000000005,0.027551,-0.003922,-0.004118
8971,0.037933,-1.4220540000000002,-1.7123979999999999,0.00562,0.988958,-0.148088,0.044316,-0.098911,0.075458,0.024577,0.002833,-0.001158
8972,0.055259,-1.42125,-1.692893,0.008229,0.9888389999999999,-0.14876199999999998,0.036718,-0.10642599999999999,0.09678300000000001,0.015834,0.016562999999999998,-8.7e-05
8973,0.07505099999999999,-1.4196309999999999,-1.671142,0.011290999999999999,0.9885959999999999,-0.15016600000000002,0.033582,-0.0862,0.10315,0.015946000000000002,0.0030269999999999997,-0.011852
8974,0.088482,-1.418476,-1.6561150000000002,0.013408000000000002,0.9884219999999999,-0.15113900000000002,0.029407,-0.071249,0.097761,0.011585999999999999,0.0035060000000000004,-0.011978
8975,0.101247,-1.417085,-1.641704,0.015475,0.98821,-0.15232300000000001,0.029394,-0.082933,0.089232,0.006085,0.011104000000000001,-0.011648
8976,0.110574,-1.415865,-1.6308200000000002,0.017028,0.988022,-0.15337,0.025291,-0.060492,0.075289,-0.000701,0.011947,-0.006298
8977,0.11788299999999999,-1.415352,-1.6226180000000001,0.018208000000000002,0.987943,-0.153745,0.006309,-0.03052,0.055889999999999995,0.0009720000000000001,0.013003,-0.005618
8978,0.127613,-1.414878,-1.612619,0.019763,0.987869,-0.154025,-0.011635,-0.0027,0.040776,0.021297999999999997,0.011124,-0.013059000000000001
8979,0.13660899999999998,-1.4147020000000001,-1.603888,0.021171000000000002,0.987842,-0.154013,-0.01791,0.023959,0.039632,0.022926,0.005246,-0.013818
8980,0.146671,-1.414512,-1.594582,0.022747,0.9878120000000001,-0.153978,-0.018914,0.045238,0.047077999999999995,0.023014,-0.0043219999999999995,-0.013944999999999999
8981,0.155866,-1.4142270000000001,-1.586076,0.024206000000000002,0.987768,-0.15404,-0.008383,0.031285,0.064261,0.0077150000000000005,-0.012365000000000001,-0.010114
8982,0.165634,-1.413697,-1.576582,0.025796,0.987685,-0.154313,0.006324000000000001,0.012087,0.08788,-0.003213,-0.008208,-0.008422
8983,0.1754,-1.412868,-1.566743,0.027444,0.987555,-0.15486,0.022193,0.002363,0.108298,-0.014734,0.006340999999999999,-0.008623
8984,0.181364,-1.411485,-1.56056,0.028613999999999997,0.9873370000000001,-0.15603599999999998,0.031758999999999996,0.003356,0.117974,-0.012851,0.007628,-0.008286
8985,0.193143,-1.409984,-1.5486229999999999,0.030733999999999997,0.9870979999999999,-0.157142,0.045576,0.002199,0.128754,-0.012865999999999999,-0.003928,-0.010308
8986,0.20547100000000001,-1.407913,-1.536242,0.033086000000000004,0.986764,-0.158753,0.056255999999999994,0.013841,0.138426,-0.00504,-0.000985,-0.010437
8987,0.222268,-1.405651,-1.519596,0.036239999999999994,0.9863940000000001,-0.160352,0.061525,0.013763,0.153419,0.004837,0.000941,-0.007159
8988,0.241637,-1.403528,-1.500063,0.03984,0.986043,-0.161652,0.06563,-0.006555,0.169498,0.01381,-0.003698,-0.000824
8989,0.264611,-1.4009719999999999,-1.476923,0.044202,0.985615,-0.163127,0.08806699999999999,0.013556,0.182451,0.01662,-0.0028870000000000002,0.003703
8990,0.289989,-1.39812,-1.4524299999999999,0.04913,0.9851280000000001,-0.16464600000000001,0.113857,0.077294,0.204985,0.018222,0.0013369999999999999,0.012972999999999998
8991,0.31664699999999996,-1.394573,-1.427608,0.054589,0.984513,-0.166597,0.14267,0.11115499999999999,0.23719200000000001,0.025626,-0.007370000000000001,0.022951
8992,0.340532,-1.389858,-1.405154,0.060101999999999996,0.983675,-0.169619,0.164691,0.071478,0.28333,0.006594,-0.023821000000000002,0.027239
8993,0.364462,-1.384932,-1.381394,0.06587,0.982777,-0.172658,0.173812,0.003114,0.321936,-0.019025999999999998,-0.009373000000000001,0.014425
8994,0.383728,-1.379805,-1.360645,0.07106900000000001,0.981817,-0.176026,0.175581,-0.076793,0.323115,-0.041451999999999996,0.008876,0.005815
8995,0.392507,-1.3755899999999999,-1.3489870000000002,0.07419400000000001,0.981008,-0.17921800000000002,0.171241,-0.133076,0.282557,-0.048681999999999996,0.011363,0.006626000000000001
8996,0.395983,-1.372082,-1.341806,0.076144,0.9803209999999999,-0.182133,0.16279000000000002,-0.170106,0.22592199999999998,-0.045825,0.020945,0.012089
8997,0.40426,-1.3677540000000001,-1.329625,0.079317,0.9794579999999999,-0.185396,0.144773,-0.187973,0.180953,-0.04326,0.036549,0.021103999999999998
8998,0.409575,-1.3642450000000002,-1.320562,0.081669,0.9787440000000001,-0.188124,0.108759,-0.171701,0.13902,-0.030003,0.044327,0.033491
8999,0.41293900000000006,-1.363204,-1.314042,0.082711,0.9785299999999999,-0.188781,0.063206,-0.133055,0.104467,-0.016426,0.058427,0.046111
9000,0.417261,-1.361895,-1.307736,0.08404500000000001,0.978259,-0.189592,0.015595,-0.070995,0.077349,0.0016640000000000001,0.06060499999999999,0.047151
9001,0.42411800000000005,-1.362842,-1.29987,0.084961,0.978455,-0.188167,-0.031077999999999998,-0.036637,0.050273000000000005,-0.00038199999999999996,0.04602,0.038722
9002,0.428171,-1.363442,-1.2949979999999999,0.085479,0.9785790000000001,-0.18728699999999998,-0.054434,-0.037513,0.023406,-0.014953,0.021223,0.024598
9003,0.42843000000000003,-1.364652,-1.293887,0.085036,0.978827,-0.18618800000000002,-0.056491,-0.037438,0.006298,-0.019271,0.0033049999999999998,-0.01001
9004,0.429932,-1.365541,-1.291152,0.084953,0.979009,-0.18526800000000002,-0.048152999999999994,-0.080082,0.007479,-0.018455000000000003,-0.001485,-0.016071000000000002
9005,0.427939,-1.365633,-1.29043,0.08454600000000001,0.9790280000000001,-0.185356,-0.031498000000000005,-0.160088,0.020516,-0.008054,-0.005334,-0.021263999999999998
9006,0.42732299999999995,-1.365692,-1.2869709999999999,0.08440800000000001,0.9790399999999999,-0.185355,-0.010501,-0.21882,0.037829,-0.00201,-0.005940999999999999,-0.021921
9007,0.42553599999999997,-1.3648200000000001,-1.283962,0.08442899999999999,0.9788620000000001,-0.186284,-0.006404000000000001,-0.24233000000000002,0.052842999999999994,-0.000918,-0.009089,-0.021343
9008,0.42612799999999995,-1.364472,-1.278115,0.08467999999999999,0.978791,-0.18654300000000001,-0.009801,-0.269019,0.06994500000000001,0.005912,-0.008637,-0.016308
9009,0.427304,-1.36372,-1.2708030000000001,0.085204,0.9786360000000001,-0.187113,-0.002649,-0.31601,0.093556,-0.001281,0.001726,-0.005621
9010,0.42998100000000006,-1.362714,-1.261334,0.086115,0.9784290000000001,-0.187779,0.008884999999999999,-0.335328,0.119299,-0.014322999999999999,0.000865,-0.008311
9011,0.427993,-1.3613389999999999,-1.255995,0.0863,0.978144,-0.189174,0.004481000000000001,-0.357718,0.127839,-0.033749,0.004369,-0.022069
9012,0.415562,-1.360287,-1.260273,0.084357,0.977925,-0.191173,-0.014844999999999999,-0.390658,0.12346300000000002,-0.031089,0.02975,-0.020436000000000003
9013,0.41477299999999995,-1.359847,-1.252512,0.08438,0.977833,-0.191634,-0.024485,-0.42142799999999997,0.101001,-0.020308,0.028424,-0.012178
9014,0.41308500000000004,-1.3597549999999998,-1.245784,0.084092,0.9778129999999999,-0.191859,-0.025317,-0.396813,0.073188,-0.0013289999999999999,0.011307,-0.002325
9015,0.419562,-1.358929,-1.232007,0.085662,0.97764,-0.192047,-0.022890999999999998,-0.34775300000000003,0.057125999999999996,0.035035000000000004,0.001623,-0.0027010000000000003
9016,0.41907,-1.358842,-1.225941,0.085602,0.9776219999999999,-0.192167,-0.019532,-0.306244,0.06350499999999999,0.046234,0.0049380000000000005,0.002576
9017,0.419994,-1.358585,-1.219492,0.085882,0.977568,-0.19231700000000002,-0.016087,-0.245561,0.069861,0.06264700000000001,0.003496,0.011821
9018,0.43073,-1.358023,-1.204901,0.088171,0.977449,-0.191883,-0.017806,-0.160301,0.062269000000000005,0.07750900000000001,0.01245,0.01485
9019,0.434213,-1.357923,-1.199192,0.08888,0.9774280000000001,-0.191663,-0.021661,-0.07716100000000001,0.053589,0.076846,0.009816,0.016523
9020,0.43850900000000004,-1.357893,-1.194199,0.089715,0.9774219999999999,-0.191307,-0.023406,0.0017059999999999998,0.045999,0.06005,0.0006519999999999999,0.020256
9021,0.44396499999999994,-1.358044,-1.189754,0.09069400000000001,0.977453,-0.190681,-0.027238,0.086989,0.034112,0.033694999999999996,0.005167000000000001,0.020912
9022,0.44949799999999995,-1.3583020000000001,-1.186795,0.091638,0.977508,-0.189949,-0.02363,0.157366,0.013751,0.028752999999999997,0.010392,0.016121
9023,0.455309,-1.358761,-1.1845620000000001,0.092543,0.977605,-0.18900999999999998,-0.01489,0.187228,-0.0022489999999999997,0.008119,0.029597000000000002,0.003326
9024,0.458556,-1.359256,-1.185176,0.092942,0.977709,-0.188275,-0.024367,0.19373800000000002,-0.023688,-0.002503,0.026091000000000003,0.004056000000000001
9025,0.460879,-1.360134,-1.186798,0.092998,0.977893,-0.18729,-0.036011,0.199166,-0.038731,-0.013973,0.022900999999999998,0.012959
9026,0.461963,-1.362044,-1.189716,0.09236799999999999,0.97829,-0.18551700000000002,-0.049906,0.197071,-0.035624,-0.01792,0.012707,0.014908000000000001
9027,0.465888,-1.363257,-1.1894209999999998,0.092562,0.978541,-0.184092,-0.059704999999999994,0.171465,-0.017499,-0.023500999999999998,0.008794,0.015132
9028,0.47072299999999995,-1.364458,-1.1876149999999999,0.092918,0.9787879999999999,-0.182595,-0.063097,0.140537,-0.005733,-0.033058,0.007968000000000001,0.00361
9029,0.47475500000000004,-1.365486,-1.1855719999999998,0.093194,0.9789979999999999,-0.181324,-0.048463,0.074434,-0.004478,-0.046883,0.0008150000000000001,0.004292
9030,0.476282,-1.366099,-1.1844649999999999,0.093195,0.979123,-0.180648,-0.024285,-0.005546,-0.0042060000000000005,-0.049799,0.0017120000000000002,0.0035240000000000002
9031,0.469326,-1.367731,-1.190532,0.091214,0.979453,-0.179866,-0.015967,-0.053514,-0.004093,-0.035762999999999996,0.010125,0.01556
9032,0.467491,-1.368894,-1.190844,0.09037,0.9796870000000001,-0.179016,-0.017218,-0.086563,0.0034159999999999998,-0.014763,0.010181,0.016632
9033,0.468983,-1.3697469999999998,-1.1873280000000002,0.090259,0.979858,-0.178136,-0.021685,-0.107826,0.019428,-0.000858,0.0018780000000000001,0.017353999999999998
9034,0.47159399999999996,-1.370391,-1.182285,0.090438,0.979986,-0.17733800000000002,-0.025031,-0.12598,0.033315,0.002,0.00329,0.010117000000000001
9035,0.477418,-1.3708879999999999,-1.1738790000000001,0.091245,0.980085,-0.176376,-0.020838,-0.12818,0.047235,0.0073420000000000004,0.006518,0.010055
9036,0.483368,-1.3707559999999999,-1.1651,0.09235299999999999,0.980058,-0.17594400000000002,-0.012448,-0.144253,0.06333899999999999,0.013146000000000001,0.0058119999999999995,0.009073999999999999
9037,0.489566,-1.370534,-1.155732,0.093544,0.980015,-0.17556,-0.014641,-0.15915,0.061208000000000005,0.019631,0.016568,0.011329
9038,0.49153,-1.370309,-1.150796,0.093993,0.9799700000000001,-0.175571,-0.010129,-0.126056,0.039832,0.043976999999999995,0.006313,0.012225
9039,0.5018640000000001,-1.369592,-1.139202,0.09614,0.979827,-0.175205,0.006428,-0.032249,0.009923999999999999,0.056204,0.003206,0.012821
9040,0.501206,-1.36943,-1.140407,0.096101,0.979794,-0.17540799999999998,0.015465999999999999,0.056232000000000004,-0.013627,0.074523,0.0025510000000000003,0.010872
9041,0.5013,-1.3692950000000002,-1.142551,0.09618099999999999,0.979767,-0.175515,0.014821,0.149979,-0.013752,0.11898299999999999,-0.0054020000000000006,0.026223000000000003
9042,0.505011,-1.3690790000000002,-1.143628,0.096934,0.9797239999999999,-0.175342,0.013258,0.292669,0.002078,0.088994,-0.007205,0.01511
9043,0.512195,-1.368732,-1.14351,0.098358,0.9796540000000001,-0.17493699999999998,0.016799,0.37996199999999997,0.013741,0.071061,-0.000925,0.012294
9044,0.520111,-1.368244,-1.1434959999999998,0.099977,0.979556,-0.174568,0.024382,0.400198,0.008427,0.0092,0.019726,0.014702000000000002
9045,0.526483,-1.36775,-1.1453209999999998,0.10132999999999999,0.979457,-0.174346,0.035209,0.41409399999999996,-0.01288,-0.024838,0.013265,0.011931
9046,0.5304270000000001,-1.367412,-1.1501370000000002,0.102185,0.979389,-0.174231,0.042960000000000005,0.445089,-0.044912,-0.029324,0.014416,0.014959
9047,0.532188,-1.367298,-1.157805,0.102548,0.979366,-0.174147,0.045347000000000005,0.472893,-0.073773,-0.018533,0.020024,0.015104
9048,0.532502,-1.36744,-1.167066,0.102532,0.9793940000000001,-0.173995,0.038965,0.463384,-0.08769199999999999,-0.013680000000000001,0.028098,0.018538
9049,0.5322520000000001,-1.367844,-1.176502,0.102288,0.979476,-0.17368,0.026091000000000003,0.44214499999999995,-0.093096,-0.013009,0.033235,0.021336
9050,0.532389,-1.368478,-1.18545,0.101996,0.9796030000000001,-0.17313,0.01226,0.450715,-0.093204,-0.025565,0.030269,0.013859
9051,0.534129,-1.3694540000000002,-1.1931370000000001,0.10181,0.979799,-0.172129,-0.013262999999999999,0.47315799999999997,-0.089138,-0.0443,0.017363,-0.001791
9052,0.538246,-1.370852,-1.198827,0.101816,0.9800780000000001,-0.170533,-0.040968,0.48813900000000005,-0.081873,-0.051599,0.01211,-0.015548
9053,0.528522,-1.372167,-1.217753,0.099503,0.9803379999999999,-0.170401,-0.042236,0.454006,-0.070096,-0.055938999999999996,-0.007529000000000001,-0.041742
9054,0.533351,-1.373298,-1.221148,0.099761,0.980561,-0.168964,-0.023464,0.375042,-0.052772,-0.047851,-0.021881,-0.04356
9055,0.523733,-1.37316,-1.2367270000000001,0.098199,0.980533,-0.170033,0.005872,0.259866,-0.047084,-0.038095,-0.020313,-0.037883
9056,0.523602,-1.373269,-1.240828,0.098123,0.980555,-0.169953,0.020291,0.15962,-0.0319,-0.021738,0.001425,-0.024749
9057,0.52094,-1.372874,-1.2459040000000001,0.097863,0.980477,-0.17055,0.024238,0.105208,-0.014712000000000001,-0.005746,0.0025859999999999998,-0.009031
9058,0.521473,-1.372535,-1.2475209999999999,0.09812,0.980411,-0.170785,0.019932,0.111555,0.000205,-0.00234,0.0026219999999999998,-0.003394
9059,0.523742,-1.372187,-1.247581,0.098678,0.980342,-0.17085799999999998,0.013498,0.115792,0.011904999999999999,0.022767,0.013158000000000001,0.013616
9060,0.531783,-1.371949,-1.241919,0.10016699999999999,0.980295,-0.17026,0.01241,0.117901,0.018307,0.018425,0.010092,0.011935
9061,0.535388,-1.371599,-1.240756,0.10095499999999999,0.980226,-0.170193,0.004975,0.124323,0.017179,-0.007464,0.003631,0.0023309999999999997
9062,0.534289,-1.371734,-1.2438209999999998,0.1007,0.980253,-0.17019,-0.006899,0.083922,0.007531,-0.018684,0.009509,-0.008154999999999999
9063,0.5355449999999999,-1.371834,-1.243542,0.100864,0.9802719999999999,-0.169979,-0.0038799999999999998,0.031760000000000004,-0.004132,-0.02219,0.010267,-0.0030399999999999997
9064,0.533512,-1.372471,-1.2460639999999998,0.100201,0.980398,-0.169646,0.001463,0.025384,-0.012634000000000001,-0.011608,0.015269,0.004027
9065,0.5341779999999999,-1.373918,-1.245687,0.099591,0.9806819999999999,-0.16835799999999998,-0.008239,-0.004376,-0.02121,0.000537,0.016358,0.013375
9066,0.537708,-1.376803,-1.241252,0.098735,0.9812420000000001,-0.165575,-0.017128,-0.081045,-0.021174000000000002,-0.00465,0.0136,0.022997
9067,0.536204,-1.378491,-1.240508,0.09764,0.9815659999999999,-0.164299,-0.028035,-0.128961,-0.016916999999999998,-0.008345,0.01468,0.026299
9068,0.535732,-1.380875,-1.2383680000000001,0.096367,0.9820190000000001,-0.162332,-0.041929,-0.134235,-0.018077,-0.005852,0.009909000000000001,0.018456999999999998
9069,0.533512,-1.382818,-1.237524,0.095036,0.982384,-0.160903,-0.045291000000000005,-0.170438,-0.019124000000000002,-0.0040479999999999995,-0.004845,0.005187
9070,0.529101,-1.383808,-1.2376559999999999,0.093834,0.982569,-0.16047999999999998,-0.034963,-0.238682,-0.011487,-0.00689,-0.004693999999999999,0.0027199999999999998
9071,0.519964,-1.385,-1.241209,0.091782,0.9827899999999999,-0.160315,-0.032032,-0.291982,-0.004993,-0.020066,-0.0012980000000000001,0.000754
9072,0.507683,-1.385917,-1.247001,0.089369,0.982958,-0.160642,-0.034318,-0.33243,-0.011371,-0.009626000000000001,0.009794,-0.006686
9073,0.499777,-1.386433,-1.247783,0.087853,0.9830530000000001,-0.16089900000000001,-0.021678,-0.367632,-0.01017,-0.004097,0.014505,-0.00826
9074,0.492141,-1.38588,-1.247649,0.086878,0.982952,-0.162044,-0.021833,-0.39960300000000004,-0.006924,0.027714999999999997,0.008564,-0.016652
9075,0.488155,-1.385473,-1.243658,0.08642000000000001,0.982877,-0.162743,-0.022912000000000002,-0.396428,-0.000523,0.034979,-0.000851,-0.017723
9076,0.48525100000000004,-1.384727,-1.23895,0.086288,0.9827389999999999,-0.163641,-0.014303,-0.373052,0.006989,0.040237,-0.00433,-0.023233
9077,0.483234,-1.383866,-1.233865,0.086351,0.9825790000000001,-0.16456300000000001,-0.014152000000000001,-0.346394,0.00055,0.055098,0.003779,-0.011812999999999999
9078,0.47669700000000004,-1.38418,-1.233962,0.085132,0.9826379999999999,-0.164851,-0.013897999999999999,-0.304789,-0.014456,0.060878999999999996,0.002668,-0.0065969999999999996
9079,0.477422,-1.384125,-1.228117,0.08527699999999999,0.982627,-0.16483699999999998,-0.024184,-0.23438299999999998,-0.029568,0.054479,0.0017929999999999999,0.002209
9080,0.472163,-1.384955,-1.22974,0.084037,0.9827809999999999,-0.164556,-0.03555,-0.1555,-0.032952999999999996,0.051704999999999994,0.016242,0.001943
9081,0.46854799999999996,-1.386077,-1.230802,0.082944,0.982988,-0.163875,-0.05243300000000001,-0.117078,-0.036325,0.045489,0.02101,0.001797
9082,0.469714,-1.387159,-1.227696,0.08265399999999999,0.983186,-0.16283,-0.063996,-0.09247999999999999,-0.050321,0.006122,0.027282,-0.012661
9083,0.46548500000000004,-1.389052,-1.230529,0.08112899999999999,0.9835299999999999,-0.16151500000000002,-0.079735,-0.058237,-0.075044,-0.009046,0.01821,-0.006225
9084,0.458084,-1.391514,-1.237307,0.07886,0.983972,-0.159939,-0.086892,-0.016555,-0.102922,-0.010226,0.000601,0.0017510000000000002
9085,0.45097,-1.394105,-1.24458,0.076609,0.984431,-0.158201,-0.08782100000000001,0.00381,-0.11791700000000001,-0.003886,0.007513,0.009748
9086,0.442091,-1.3970989999999999,-1.253053,0.07393999999999999,0.9849530000000001,-0.15621,-0.081617,-0.050498,-0.128487,-0.0015220000000000001,0.018115,0.00942
9087,0.43023599999999995,-1.399619,-1.263407,0.071047,0.9853850000000001,-0.154819,-0.074317,-0.09841799999999999,-0.139057,-0.005953,0.003675,0.003696
9088,0.416392,-1.402253,-1.275442,0.067847,0.9858299999999999,-0.15341300000000002,-0.08169900000000001,-0.090888,-0.150868,-0.001395,-0.001394,-0.007398999999999999
9089,0.40245,-1.404766,-1.288359,0.06473200000000001,0.9862479999999999,-0.152065,-0.091079,-0.038669,-0.147796,0.003201,0.001819,-0.012211
9090,0.391285,-1.407519,-1.2994649999999999,0.06199400000000001,0.9867,-0.150267,-0.089911,0.0017350000000000002,-0.12968,0.011279,-0.00041799999999999997,-0.012666
9091,0.384542,-1.409024,-1.3062610000000001,0.060422000000000003,0.986943,-0.149305,-0.06982100000000001,-0.019718,-0.11028099999999999,0.008502,-0.007909000000000001,-0.008898
9092,0.373763,-1.410497,-1.315864,0.058277999999999996,0.98718,-0.148594,-0.049928,-0.09439600000000001,-0.10043200000000001,0.000605,0.002444,-0.011593000000000001
9093,0.360003,-1.41077,-1.327218,0.056133,0.987223,-0.14912899999999998,-0.035194,-0.132827,-0.092802,0.0054659999999999995,0.010015000000000001,-0.023478
9094,0.34964,-1.411141,-1.335512,0.054459,0.987282,-0.149359,-0.031871,-0.090292,-0.076809,0.017806,-0.005806,-0.026558999999999996
9095,0.350727,-1.4105299999999998,-1.333017,0.054828999999999996,0.9871850000000001,-0.149866,-0.024467,-0.082949,-0.054327999999999994,0.031154,-0.024676,-0.009222
9096,0.350379,-1.410327,-1.331473,0.054846000000000006,0.987152,-0.150074,-0.0033590000000000004,-0.109753,-0.029573000000000002,0.031320999999999995,-0.017243,0.00011100000000000001
9097,0.354588,-1.409355,-1.325221,0.055810000000000005,0.9869969999999999,-0.150741,0.024299,-0.10461600000000001,-0.00588,0.024283000000000002,-0.008725,-0.003998
9098,0.356571,-1.4080629999999998,-1.321707,0.05655399999999999,0.9867879999999999,-0.151825,0.039327,-0.064269,0.014472,0.0042369999999999994,0.006451999999999999,-0.007065000000000001
9099,0.35583899999999996,-1.4071049999999998,-1.321473,0.056772,0.986632,-0.152753,0.039385,-0.041936,0.024058,-0.0009550000000000001,0.014176,-0.005817
9100,0.354875,-1.406393,-1.3216,0.056869,0.986516,-0.15346600000000002,0.036222000000000004,-0.041891000000000005,0.01549,-0.0051719999999999995,0.023951,0.000878
9101,0.350655,-1.406444,-1.324842,0.056202999999999996,0.986525,-0.153657,0.01176,-0.052347000000000005,-0.012443000000000001,-0.015340000000000001,0.033983,0.00615
9102,0.345706,-1.406815,-1.3286440000000002,0.05531799999999999,0.986585,-0.153589,-0.019078,-0.06488200000000001,-0.047894,-0.007802,0.020953,-0.0020350000000000004
9103,0.337568,-1.4078549999999999,-1.335611,0.053725999999999996,0.9867540000000001,-0.153066,-0.038138,-0.054077,-0.069406,-0.0033880000000000004,0.019975,-0.005427
9104,0.330085,-1.409218,-1.342773,0.052144,0.986975,-0.15219100000000002,-0.050633,0.003535,-0.080249,0.003535,0.00040599999999999995,-0.011917
9105,0.324689,-1.410575,-1.349235,0.050894,0.987192,-0.151201,-0.058846,0.069633,-0.08573099999999999,0.010217,0.007162000000000001,-0.007781000000000001
9106,0.320708,-1.412,-1.355127,0.049849,0.987418,-0.150068,-0.054483000000000004,0.102595,-0.073992,0.009752,0.01188,-0.005495
9107,0.317623,-1.412569,-1.360706,0.049210000000000004,0.9875079999999999,-0.149687,-0.046945,0.130214,-0.061154999999999994,0.004715,-0.004125,-0.015688
9108,0.313039,-1.412416,-1.367945,0.04857,0.987484,-0.150055,-0.043807,0.128021,-0.048311,-0.000566,-0.001934,-0.027207
9109,0.310129,-1.412764,-1.373069,0.048027999999999994,0.987539,-0.149868,-0.038681,0.100228,-0.029012,-0.004907,0.00033,-0.027438999999999998
9110,0.306318,-1.412882,-1.378583,0.047421,0.987557,-0.14993900000000002,-0.018533,0.079887,-0.021369,-0.006528,0.002357,-0.003915999999999999
9111,0.305046,-1.413376,-1.381322,0.047084,0.987635,-0.149534,-0.000459,0.067036,-0.020159,-0.001491,-0.003153,0.002927
9112,0.30432,-1.413407,-1.383122,0.046966,0.98764,-0.149538,0.009013,0.039302,-0.018989,0.005737,0.003251,0.008943000000000001
9113,0.306398,-1.414049,-1.381641,0.047086,0.98774,-0.148836,0.012086,0.022203999999999998,-0.008262,0.005511,0.009925,0.016954
9114,0.308012,-1.414455,-1.380846,0.047204,0.9878040000000001,-0.148377,0.015413,0.0552,-0.004007999999999999,0.002845,-0.002605,0.012253
9115,0.309408,-1.4143729999999999,-1.381251,0.047436,0.987791,-0.14838900000000002,0.008184,0.105307,-0.007326999999999999,0.001407,0.0017870000000000002,-0.000537
9116,0.31126,-1.414424,-1.381702,0.047695,0.987799,-0.148253,0.001807,0.11596,-0.0020440000000000002,0.000599,0.009394,0.000715
9117,0.309934,-1.414521,-1.384962,0.047469,0.987814,-0.148224,0.013368999999999999,0.089241,0.009819,-0.013778,-0.002111,0.001633
9118,0.308821,-1.41414,-1.387602,0.047419,0.9877549999999999,-0.148636,0.026076,0.068951,0.011,-0.02096,0.008232,-0.001816
9119,0.30325100000000005,-1.414258,-1.394067,0.046555,0.9877729999999999,-0.148786,0.019525,0.031706,0.006725,-0.024583,0.024953,0.0052770000000000004
9120,0.29923,-1.414415,-1.397826,0.045911,0.9877969999999999,-0.148824,0.01816,-0.036459,0.004664,-0.029339999999999998,0.016033000000000002,0.012136
9121,0.294249,-1.414657,-1.401636,0.0451,0.987835,-0.148822,0.014843,-0.064136,0.002537,-0.027598,0.008487999999999999,0.015171
9122,0.29093600000000003,-1.415573,-1.403567,0.044347000000000004,0.987977,-0.14810299999999998,0.010570999999999999,-0.06730499999999999,-0.000695,-0.005681,0.011245,0.020586
9123,0.293432,-1.4162569999999999,-1.400033,0.044521,0.988083,-0.147346,0.009606,-0.044926,-0.0017980000000000001,0.006962,0.006287,0.017325999999999998
9124,0.293515,-1.4164370000000002,-1.3993959999999999,0.044482,0.98811,-0.147171,0.012934999999999999,-0.017235,-0.002878,0.003889,0.003696,0.017547999999999998
9125,0.29443,-1.416981,-1.3985290000000001,0.044461,0.988194,-0.146617,0.001341,0.012642,-0.0051329999999999995,0.0008119999999999999,0.007458,0.011759
9126,0.294089,-1.4176,-1.3993389999999999,0.044233,0.9882879999999999,-0.146047,-0.013500999999999999,0.026572000000000002,-0.012733,-0.001509,0.011254,0.000814
9127,0.292644,-1.418109,-1.40131,0.043877,0.988366,-0.145628,-0.017740000000000002,0.02343,-0.022372,-0.002144,0.009772,0.000425
9128,0.289641,-1.418647,-1.404736,0.043288,0.988448,-0.14525,-0.014544,0.01811,-0.026617000000000002,-0.001936,0.029252999999999998,-0.0030039999999999997
9129,0.282499,-1.418931,-1.412305,0.042171,0.988491,-0.145286,-0.025138999999999998,0.027760000000000003,-0.033115,-0.009883,0.005055,-0.012948
9130,0.277658,-1.419583,-1.417941,0.041291,0.9885889999999999,-0.144869,-0.044246,0.045949000000000004,-0.036476999999999996,-0.013947,0.004987,-0.016645
9131,0.27017800000000003,-1.420259,-1.426587,0.040027,0.988691,-0.14453,-0.052644,0.068379,-0.044045,-0.013630000000000001,0.003436,-0.018022
9132,0.264646,-1.420526,-1.433769,0.039158,0.9887309999999999,-0.144494,-0.036503,0.089662,-0.052504999999999996,0.004924,0.003075,-0.013541999999999998
9133,0.26175,-1.421014,-1.438648,0.038615,0.9888040000000001,-0.14414000000000002,-0.020485,0.098108,-0.047063,0.008015999999999999,0.007595,-0.012125
9134,0.260855,-1.421254,-1.441653,0.038424,0.9888389999999999,-0.14394500000000002,-0.021536000000000003,0.107673,-0.040672,0.008573,0.005850999999999999,-0.008277
9135,0.262446,-1.421807,-1.442755,0.038511000000000004,0.988922,-0.14335499999999998,-0.026723,0.146075,-0.038626,0.008364,-0.002471,0.002517
9136,0.26410300000000003,-1.422489,-1.4443700000000002,0.038573,0.989023,-0.14264100000000002,-0.019227,0.166233,-0.024712,0.010331,0.000785,0.00577
9137,0.269084,-1.423029,-1.4424299999999999,0.039141,0.989102,-0.141932,-0.004536999999999999,0.134134,-0.002134,0.007109000000000001,-0.002118,0.00976
9138,0.26937,-1.423442,-1.444317,0.039073000000000004,0.9891629999999999,-0.141527,0.018712,0.098843,0.011958,-0.020503,-0.0053219999999999995,0.008287000000000001
9139,0.268992,-1.423163,-1.446375,0.039093,0.989122,-0.141808,0.028222000000000004,0.078569,0.012048999999999999,-0.031463,0.006056000000000001,0.006905
9140,0.26240399999999997,-1.423129,-1.4540540000000002,0.038166000000000005,0.989117,-0.142095,0.022747999999999997,0.046633999999999995,0.010978,-0.03098,0.029896,-0.001352
9141,0.259831,-1.4231690000000001,-1.4572129999999999,0.03779,0.989123,-0.142154,-0.00292,0.023325,0.001213,-0.027032999999999998,0.026304,0.000125
9142,0.256344,-1.423725,-1.460712,0.037155,0.9892049999999999,-0.141753,-0.024339,-0.011686,-0.015986,-0.021499,0.026664999999999998,-0.000687
9143,0.250802,-1.424562,-1.465676,0.036163,0.9893270000000001,-0.141155,-0.036127,-0.035033999999999996,-0.02779,-0.020156999999999998,0.015312000000000001,-0.0032090000000000005
9144,0.240754,-1.4254440000000002,-1.475025,0.034535,0.989455,-0.140664,-0.042455,-0.030704000000000002,-0.039593,-0.016225,0.003922999999999999,-0.008002
9145,0.233343,-1.42661,-1.48174,0.033225,0.9896229999999999,-0.139793,-0.057396,-0.044449,-0.0525,-0.01052,0.008912,-0.009103
9146,0.22657199999999997,-1.4278879999999998,-1.487213,0.031994,0.989806,-0.138783,-0.071374,-0.075267,-0.058967,0.0037579999999999996,0.012483,-0.012508
9147,0.21833000000000002,-1.4292129999999998,-1.493995,0.030565,0.989994,-0.137761,-0.080951,-0.075212,-0.064375,0.000136,-0.00246,-0.008678
9148,0.209932,-1.43118,-1.500774,0.029001,0.9902690000000001,-0.136107,-0.082085,-0.09436599999999999,-0.068631,0.002066,-0.008275,0.002837
9149,0.199941,-1.433905,-1.508576,0.027103,0.9906450000000001,-0.133746,-0.068363,-0.122128,-0.064228,-0.00742,-0.001586,0.019183000000000002
9150,0.187751,-1.436143,-1.5181799999999999,0.025057,0.9909479999999999,-0.131888,-0.049272,-0.135026,-0.052328999999999994,-0.011172,0.009708,0.015128
9151,0.178239,-1.437443,-1.5251270000000001,0.023573,0.991122,-0.130852,-0.031147,-0.12448800000000002,-0.039398,-0.010634000000000001,0.010633,0.013894
9152,0.17061500000000002,-1.438708,-1.530502,0.022362,0.991289,-0.12979200000000002,-0.017304,-0.110765,-0.020093,-0.004219,0.008803,0.011079
9153,0.17064100000000001,-1.438831,-1.528091,0.022345,0.9913049999999999,-0.129672,0.00488,-0.124832,0.015333000000000001,0.009179999999999999,-0.001208,0.000552
9154,0.175375,-1.438287,-1.521121,0.023052,0.9912340000000001,-0.13009500000000002,0.012339,-0.099402,0.043127,0.014332,-0.0053170000000000005,-0.006409999999999999
9155,0.19173099999999998,-1.436683,-1.5029540000000001,0.025480000000000003,0.9910200000000001,-0.131262,0.022953,-0.095246,0.06029299999999999,0.035204,-0.011359999999999999,-0.015131
9156,0.206458,-1.43497,-1.485942,0.027757999999999998,0.99079,-0.13253399999999999,0.040904,-0.129427,0.067945,0.024213,-0.003439,-0.008366
9157,0.21403699999999998,-1.433514,-1.475419,0.029068,0.990592,-0.133729,0.05363099999999999,-0.14541800000000002,0.066987,0.014282,-0.000296,-0.004958
9158,0.220708,-1.432326,-1.466367,0.030217,0.9904280000000001,-0.13468,0.046465,-0.094195,0.050849,0.006205,0.012974000000000001,0.002493
9159,0.228804,-1.431858,-1.45706,0.031412,0.9903639999999999,-0.134882,0.023280000000000002,-0.041867,0.038870999999999996,0.014806999999999999,0.027275999999999998,0.010081
9160,0.23549099999999998,-1.4318879999999998,-1.4499030000000002,0.032306,0.990368,-0.134641,-0.001092,-0.016168000000000002,0.026919,0.013012000000000001,0.02483,0.017453
9161,0.24058600000000002,-1.4326510000000001,-1.444503,0.032811,0.9904729999999999,-0.13374,-0.018101,-0.016053,0.012913999999999998,0.00027,0.019628,0.007916
9162,0.238999,-1.433172,-1.445742,0.032477,0.9905450000000001,-0.13329100000000002,-0.032964999999999994,-0.016998,-0.004282,-0.014746,0.020182,-0.0076549999999999995
9163,0.232089,-1.433646,-1.452299,0.031447,0.99061,-0.133055,-0.042455,-0.0105,-0.022518,-0.012679000000000001,0.012015000000000001,-0.015886
9164,0.226266,-1.433981,-1.4582700000000002,0.030597000000000003,0.990655,-0.132912,-0.046528,0.01621,-0.038605,-0.0013460000000000002,0.009268,-0.018256
9165,0.22316799999999998,-1.434524,-1.462071,0.030066000000000002,0.9907290000000001,-0.132482,-0.04531,0.039674,-0.044997,0.008767,0.002007,-0.009531999999999999
9166,0.22133000000000003,-1.43527,-1.4650590000000001,0.029661,0.9908299999999999,-0.13181500000000002,-0.032431,0.061979,-0.039593,0.019396,-0.003266,-0.004965
9167,0.22848000000000002,-1.435483,-1.459482,0.030555000000000002,0.990859,-0.131394,-0.020709,0.078902,-0.019232,0.031579,-0.010801999999999999,7.7e-05
9168,0.242558,-1.435077,-1.447224,0.032498,0.9908040000000001,-0.13134200000000001,0.004795000000000001,0.089334,0.014053,0.035464999999999997,-0.012685,-0.003607
9169,0.24897399999999997,-1.434455,-1.4426450000000002,0.033492,0.99072,-0.13172799999999998,0.032399000000000004,0.097606,0.052690999999999995,0.033845,-0.011792,-0.003511
9170,0.262842,-1.432728,-1.430893,0.03576,0.990484,-0.132903,0.06326699999999999,0.115471,0.08706900000000001,0.020194,-0.014287000000000001,-0.007889
9171,0.275672,-1.430265,-1.420283,0.038126,0.990142,-0.13477999999999998,0.088773,0.11210899999999999,0.10647999999999999,0.0016079999999999998,-0.004439,-0.014939
9172,0.285204,-1.427132,-1.4123809999999999,0.040281,0.989698,-0.13738699999999998,0.104572,0.07049,0.11091500000000001,-0.009321,0.009798000000000001,-0.016391
9173,0.289501,-1.424308,-1.408599,0.041669,0.98929,-0.13989100000000002,0.10649700000000001,0.012937,0.106775,-0.023496,0.013899000000000002,-0.007448000000000001
9174,0.285354,-1.422077,-1.412196,0.041710000000000004,0.9889620000000001,-0.14218,0.09571,-0.029574,0.090724,-0.023918000000000002,0.022818,-0.003282
9175,0.291625,-1.420079,-1.40514,0.043169,0.988664,-0.143808,0.072301,-0.034741,0.07134,-0.012758,0.022964,0.002649
9176,0.296503,-1.4186889999999999,-1.3996549999999999,0.044271,0.988454,-0.14490999999999998,0.044702,-0.021788,0.05297,0.009852,0.021083,0.009579
9177,0.302883,-1.4181139999999999,-1.392791,0.045364,0.988367,-0.14516700000000002,0.023416,-0.028033,0.034671,0.007294,0.011572,0.020624
9178,0.304591,-1.417692,-1.390255,0.045737,0.988302,-0.14548599999999998,0.010594,-0.046042,0.020718,-0.005515,0.012109,0.026239
9179,0.301954,-1.419163,-1.39185,0.044920999999999996,0.988526,-0.144219,0.007417,-0.049188,0.011082,-0.024169,0.020156999999999998,0.029930000000000002
9180,0.292416,-1.421449,-1.400102,0.042892,0.9888680000000001,-0.142477,0.0020670000000000003,-0.068277,-0.006029,-0.0242,0.014931,0.023992
9181,0.286625,-1.4223780000000001,-1.404179,0.041807,0.9890059999999999,-0.141842,-0.017225,-0.097995,-0.01681,-0.024549,0.017418,0.020946
9182,0.27724299999999996,-1.424482,-1.4110209999999999,0.039904,0.9893149999999999,-0.140225,-0.048269,-0.145837,-0.028609,-0.021945,0.024845,0.020398
9183,0.2653,-1.4265809999999999,-1.419225,0.037682,0.989619,-0.138688,-0.057026,-0.209664,-0.043547,-0.010094,0.016576,-0.003768
9184,0.25292800000000004,-1.4278170000000001,-1.427035,0.035657999999999995,0.9897959999999999,-0.13796,-0.05172,-0.23305,-0.060573,-0.012875999999999999,0.019344,-0.011058
9185,0.23481100000000002,-1.428967,-1.440708,0.032887,0.989959,-0.137475,-0.057937,-0.218011,-0.086275,-0.004613,0.016937999999999998,-0.0032719999999999997
9186,0.21949200000000002,-1.4307940000000001,-1.451935,0.030383999999999998,0.990216,-0.136198,-0.070616,-0.20830700000000002,-0.10453599999999999,0.002514,0.013981,0.002516
9187,0.206654,-1.433172,-1.460803,0.028149,0.9905450000000001,-0.134271,-0.087672,-0.207173,-0.10679100000000001,0.013125999999999999,0.00619,0.0070739999999999996
9188,0.193218,-1.435444,-1.470244,0.025911,0.9908540000000001,-0.132428,-0.102604,-0.20605500000000002,-0.106896,0.0204,0.008307,-0.001467
9189,0.181651,-1.43736,-1.477981,0.024034,0.9911110000000001,-0.130852,-0.09714500000000001,-0.194376,-0.10675899999999999,0.017088,0.008828,-0.009743
9190,0.16708699999999999,-1.4391530000000001,-1.489011,0.021831,0.991347,-0.129436,-0.08537,-0.18165,-0.10241900000000001,0.012014,0.001374,-0.019353
9191,0.150566,-1.439843,-1.501857,0.019587,0.9914379999999999,-0.129102,-0.073746,-0.194525,-0.089502,0.00031099999999999997,-0.010939,-0.026293
9192,0.13635799999999998,-1.4405860000000001,-1.512294,0.01765,0.991535,-0.128637,-0.059951,-0.188276,-0.065912,0.00298,-0.014697,-0.030680000000000002
9193,0.128394,-1.440332,-1.516737,0.016656999999999998,0.991502,-0.129024,-0.045116,-0.175689,-0.029504000000000002,0.010106,-0.012223000000000001,-0.026524000000000002
9194,0.12659600000000001,-1.439841,-1.514691,0.016487,0.9914379999999999,-0.12953599999999998,-0.021948,-0.20787399999999998,0.00702,0.00103,0.000155,-0.020839
9195,0.124726,-1.4392479999999999,-1.511873,0.016318,0.99136,-0.13015,0.008701,-0.245377,0.035056,-0.003256,-0.0016899999999999999,-0.025154
9196,0.12416600000000001,-1.437929,-1.5074049999999999,0.016406999999999998,0.991186,-0.131457,0.038546,-0.240202,0.047008,-0.006321,-0.003225,-0.029325
9197,0.128225,-1.435217,-1.499244,0.017284,0.990823,-0.134055,0.057016,-0.17743699999999998,0.056795000000000005,0.013234000000000001,-0.013528,-0.028633999999999996
9198,0.14144400000000001,-1.4329,-1.482736,0.019378,0.990507,-0.13608699999999999,0.057009000000000004,-0.16789600000000002,0.068538,0.033112,-0.001158,-0.011923
9199,0.153024,-1.431469,-1.467484,0.021169,0.99031,-0.137255,0.051526,-0.191351,0.07814600000000001,0.035136,0.006532,-0.002699
9200,0.165186,-1.430024,-1.451418,0.023072,0.990108,-0.138398,0.050454,-0.18604500000000002,0.08454400000000001,0.013,0.017384,-0.0032189999999999996
9201,0.17338399999999998,-1.428641,-1.439927,0.024442,0.9899129999999999,-0.139553,0.03683,-0.139095,0.07691100000000001,0.0030239999999999998,0.01732,-0.006184
9202,0.181561,-1.427812,-1.42981,0.025730000000000003,0.9897950000000001,-0.140155,0.02122,-0.066541,0.061755,0.008740000000000001,0.014325,-0.002667
9203,0.192879,-1.427431,-1.4177870000000001,0.027387,0.989741,-0.140226,0.010838,-0.021685,0.042399,0.015550999999999999,0.011236,0.006268999999999999
9204,0.201271,-1.4275799999999998,-1.409011,0.028533,0.989762,-0.139846,0.0066359999999999995,-0.019488,0.02955,0.009598,0.020766,0.011474
9205,0.204281,-1.427759,-1.405866,0.028918,0.9897879999999999,-0.139586,-0.003822,0.008323,0.010214,0.002393,0.02213,0.008437
9206,0.201534,-1.428657,-1.409327,0.028357,0.989915,-0.138795,-0.020544,0.055378,-0.020944,-0.010015999999999999,0.012053,0.010163
9207,0.198798,-1.430232,-1.413867,0.027669,0.990137,-0.137343,-0.038343,0.108794,-0.04357,-0.0022170000000000002,0.009253,0.019499000000000002
9208,0.197606,-1.431738,-1.417826,0.027212,0.990347,-0.135913,-0.045630000000000004,0.146117,-0.046873000000000005,0.006143,0.013987000000000001,0.019199
9209,0.19988499999999998,-1.433297,-1.418584,0.027216000000000004,0.990562,-0.134338,-0.043542000000000004,0.145011,-0.038310000000000004,0.010748,0.019417,0.004714
9210,0.198141,-1.434595,-1.423083,0.026728,0.9907389999999999,-0.133125,-0.043605,0.134346,-0.035092,-0.007594,0.006026,0.004157
9211,0.190262,-1.4359110000000002,-1.434008,0.025432,0.990917,-0.13205,-0.040213,0.170579,-0.041527999999999995,-0.025508000000000003,-0.007061,0.002732
9212,0.180336,-1.43737,-1.447808,0.02386,0.9911120000000001,-0.130874,-0.035774,0.202547,-0.047951,-0.025737,-0.004784,0.00981
9213,0.173122,-1.439001,-1.458775,0.022637,0.9913280000000001,-0.129449,-0.031648,0.171639,-0.047885000000000004,-0.013162,0.012745999999999999,0.014474
9214,0.167138,-1.440172,-1.467681,0.021669,0.991481,-0.12843800000000002,-0.024368,0.133251,-0.044582,-0.010805,0.014562,0.006000999999999999
9215,0.15954400000000002,-1.441081,-1.477871,0.02055,0.991599,-0.127709,-0.017968,0.130046,-0.047739,-0.01292,0.007515999999999999,0.005318
9216,0.150286,-1.4421620000000002,-1.4900129999999998,0.019206,0.9917379999999999,-0.126834,-0.011458,0.15346300000000002,-0.048795,-0.00851,-0.007958,0.012775
9217,0.147233,-1.4428450000000002,-1.496441,0.01872,0.991825,-0.126222,-0.0071730000000000006,0.168319,-0.038102,-0.003186,-0.004231,0.017946
9218,0.14967,-1.443563,-1.497059,0.018921,0.991917,-0.125472,-0.002109,0.135171,-0.011318,0.008209000000000001,0.0033380000000000003,0.013793000000000001
9219,0.15468900000000002,-1.443784,-1.494085,0.019517,0.9919450000000001,-0.125158,0.01248,0.084945,0.015555000000000001,-0.00042800000000000005,-0.000215,0.001318
9220,0.159342,-1.443224,-1.490841,0.020187,0.991874,-0.125615,0.025153000000000002,0.069931,0.02955,-0.002258,-0.000327,-0.003002
9221,0.165056,-1.442391,-1.486602,0.02104,0.991767,-0.12631199999999998,0.030517000000000002,0.08054800000000001,0.033846,0.000704,0.007073,-0.0031739999999999997
9222,0.174822,-1.441978,-1.478872,0.022344,0.991714,-0.126504,0.039237,0.11782000000000001,0.029588,0.009089,0.002441,0.015893
9223,0.182552,-1.441474,-1.473802,0.023412,0.99165,-0.12681900000000002,0.040412000000000003,0.138074,0.025297999999999998,0.01057,0.000813,0.022463999999999998
9224,0.19384200000000001,-1.44126,-1.465436,0.024883000000000002,0.9916219999999999,-0.126755,0.045763,0.15398699999999999,0.037067,0.013615,0.0034340000000000004,0.02327
9225,0.21093299999999998,-1.440547,-1.451861,0.027194,0.9915299999999999,-0.127003,0.045842,0.186951,0.051984,0.015638,3.2e-05,0.0059240000000000004
9226,0.224073,-1.439681,-1.4426430000000001,0.029051,0.991417,-0.127472,0.035211,0.199755,0.056167999999999996,0.012453,0.004921,0.00972
9227,0.237249,-1.4389969999999999,-1.43321,0.030887,0.9913270000000001,-0.127737,0.035148,0.18060199999999998,0.050852,0.004727,0.011053,0.003667
9228,0.24355300000000002,-1.4375790000000002,-1.430291,0.032031,0.9911399999999999,-0.128904,0.051142,0.16780499999999998,0.040297,-0.005877,0.004847,-0.012499
9229,0.24925300000000003,-1.436043,-1.42769,0.033139999999999996,0.990935,-0.130194,0.057482000000000005,0.145446,0.031824,0.0063950000000000005,0.005037,-0.017008000000000002
9230,0.25556999999999996,-1.434108,-1.42374,0.034447000000000005,0.9906729999999999,-0.13183699999999998,0.06797,0.100685,0.027683,0.010368,-0.0020859999999999997,-0.009703
9231,0.26004499999999997,-1.4323350000000001,-1.420808,0.035488,0.9904299999999999,-0.133378,0.06880800000000001,0.066525,0.044825,0.004231,-0.004575,-0.009566
9232,0.26163800000000004,-1.430575,-1.420089,0.036150999999999996,0.990185,-0.135006,0.053624,0.033464,0.067192,-0.020938,0.008762,-0.014133000000000001
9233,0.259899,-1.428711,-1.421553,0.036391,0.989923,-0.136851,0.054329999999999996,-0.028401999999999997,0.086499,-0.041441000000000006,0.01702,-0.025563
9234,0.267998,-1.427142,-1.412092,0.037909,0.989699,-0.13805,0.060529,-0.07953099999999999,0.080198,-0.053412,0.014115,-0.029934
9235,0.272021,-1.425567,-1.406016,0.038883,0.9894729999999999,-0.139398,0.064802,-0.107128,0.051421,-0.049412,0.001036,-0.036108
9236,0.266778,-1.423984,-1.408707,0.038564,0.989242,-0.141111,0.053087,-0.13783900000000002,0.016125999999999998,-0.023718,0.003647,-0.020556
9237,0.261446,-1.42315,-1.410801,0.038025,0.9891200000000001,-0.142111,0.038117000000000005,-0.177074,-0.015975,0.014740000000000001,0.009888,-0.004953
9238,0.254235,-1.422739,-1.414636,0.037101,0.98906,-0.142775,0.022382,-0.15354500000000001,-0.023421,0.033394,0.013472999999999999,0.0071400000000000005
9239,0.25459899999999996,-1.422609,-1.412323,0.037186000000000004,0.9890399999999999,-0.14288599999999999,0.007809,-0.064044,-0.015088999999999998,0.032059,0.03281,0.004703
9240,0.252756,-1.422949,-1.414396,0.036838,0.9890909999999999,-0.142629,-0.026841000000000004,0.052223,-0.022958000000000003,0.037899,0.035033999999999996,-0.011073000000000001
9241,0.258358,-1.423335,-1.4107290000000001,0.037538999999999996,0.9891469999999999,-0.142051,-0.055327999999999995,0.109878,-0.029598000000000003,0.04025,0.017124,-0.020211
9242,0.259496,-1.424634,-1.412193,0.037370999999999995,0.9893370000000001,-0.140766,-0.060532,0.140781,-0.027538,0.020689,0.0031100000000000004,-0.026164999999999997
9243,0.259847,-1.425885,-1.415051,0.037101999999999996,0.989519,-0.139558,-0.051801,0.167452,-0.044601999999999996,0.008154999999999999,-0.001558,-0.026
9244,0.256735,-1.426725,-1.421551,0.036456999999999996,0.98964,-0.13886800000000002,-0.0581,0.16438,-0.070279,0.006131,0.010177,-0.012163
9245,0.250251,-1.428449,-1.431463,0.035133,0.989886,-0.13744800000000001,-0.071806,0.17094,-0.10029400000000001,0.01577,0.012006000000000001,-0.007725
9246,0.24610700000000002,-1.430666,-1.439395,0.034027999999999996,0.9901979999999999,-0.135464,-0.088785,0.188057,-0.10363699999999999,0.016996999999999998,0.014975,0.005734
9247,0.24755500000000003,-1.433537,-1.441953,0.033527999999999995,0.9905950000000001,-0.132658,-0.07935,0.192123,-0.06298200000000001,0.006939,-0.008126999999999999,0.018675
9248,0.249766,-1.434762,-1.443278,0.033520999999999995,0.990762,-0.131407,-0.045579,0.166212,-0.006097,-0.035169,9.8e-05,-0.003878
9249,0.255538,-1.435452,-1.44059,0.034106,0.9908549999999999,-0.13055,-0.039235,0.15123699999999998,0.012237,-0.053027,0.011999,-0.016316
9250,0.24588000000000002,-1.436234,-1.453091,0.032655,0.9909600000000001,-0.13012200000000002,-0.051949,0.153479,-0.004953,-0.067186,0.018455000000000003,-0.025013999999999998
9251,0.24695599999999998,-1.437314,-1.455033,0.032534,0.9911040000000001,-0.129049,-0.043338,0.138664,-0.03692,-0.068819,0.018722,-0.019007
9252,0.24220999999999998,-1.43823,-1.461809,0.031702999999999995,0.991226,-0.12832000000000002,-0.03178,0.072683,-0.06346,-0.042018,-0.005935,-0.0015630000000000002
9253,0.233607,-1.439238,-1.471074,0.030366000000000004,0.991359,-0.127615,-0.035273,-0.000775,-0.071937,-0.022675999999999998,-0.0061600000000000005,0.003439
9254,0.226751,-1.440504,-1.477057,0.029209,0.991524,-0.126598,-0.027123,-0.072233,-0.0579,0.00845,0.005409000000000001,0.013041999999999998
9255,0.219574,-1.441224,-1.482761,0.028144,0.991617,-0.126108,-0.028257,-0.066983,-0.037619,0.017465,0.009588,0.020181
9256,0.220978,-1.442595,-1.480804,0.028023000000000003,0.9917940000000001,-0.124741,-0.042989,-0.007331,-0.023909,0.017265,0.012036,0.018372
9257,0.22071500000000002,-1.443633,-1.481662,0.027763999999999997,0.991926,-0.123744,-0.052313,0.04805,-0.012199,0.008094,0.002184,0.017543
9258,0.222333,-1.444627,-1.48122,0.027747000000000004,0.992051,-0.12273800000000001,-0.045874,0.06079400000000001,-0.007897,-0.001121,-0.0037700000000000003,0.010006000000000001
9259,0.222636,-1.445349,-1.4819790000000002,0.027625999999999998,0.992142,-0.122031,-0.028842000000000003,0.044786,-0.015235,-0.0007099999999999999,-0.004715,-0.002771
9260,0.22173099999999998,-1.445817,-1.483578,0.027413999999999997,0.9922,-0.121603,-0.017183,0.028761000000000002,-0.014065000000000001,-0.003213,0.0017420000000000003,-0.00976
9261,0.22079000000000001,-1.445639,-1.485006,0.027338,0.9921780000000001,-0.1218,-0.006571,0.024429,-0.005439,0.001425,0.004984000000000001,-0.011714
9262,0.222796,-1.445184,-1.483649,0.027682,0.9921209999999999,-0.12218599999999999,0.001999,0.040344,0.003147,0.006375,0.004903,-0.005529999999999999
9263,0.231721,-1.444632,-1.475881,0.028897000000000003,0.992052,-0.122467,0.006363000000000001,0.064818,0.006353,0.017488999999999998,0.011534,-0.0039829999999999996
9264,0.24445,-1.444019,-1.464677,0.030601,0.991974,-0.12268,0.007488,0.074415,0.003149,0.015144999999999999,0.006378,-0.002503
9265,0.24747399999999997,-1.443838,-1.463206,0.031016000000000002,0.9919520000000001,-0.12276,0.006479,0.077653,-0.006475,0.009618000000000002,0.0072239999999999995,-0.000317
9266,0.251092,-1.443765,-1.461247,0.031478,0.991942,-0.12271800000000001,0.0034049999999999996,0.08507100000000001,-0.010684,0.009645,0.0054789999999999995,0.002478
9267,0.254822,-1.4436229999999999,-1.45949,0.031971,0.991924,-0.122735,0.005611,0.101043,-0.010687,0.004315,-0.0006219999999999999,0.002313
9268,0.25606999999999996,-1.4436879999999999,-1.4602190000000002,0.032107,0.991933,-0.12263299999999999,0.007682,0.091431,-0.0063869999999999994,0.003278,0.002361,0.0064670000000000005
9269,0.25645999999999997,-1.444136,-1.461357,0.032043,0.9919889999999999,-0.12219000000000001,0.010740999999999999,0.067955,0.001141,-0.0058130000000000005,0.011932,0.010527
9270,0.255488,-1.444801,-1.463644,0.031757,0.992073,-0.121584,0.011791,0.07006,0.0064849999999999994,-0.009113,0.005379,0.005754
9271,0.255284,-1.444648,-1.4653459999999998,0.031771,0.9920540000000001,-0.12173699999999998,0.013953,0.078566,0.008625,-0.013475,0.005032,0.002199
9272,0.251264,-1.444707,-1.4709299999999998,0.031266,0.9920610000000001,-0.121806,0.01401,0.082861,7.099999999999999e-05,-0.015472999999999999,0.005207,0.002742
9273,0.246352,-1.445503,-1.4773690000000002,0.030475,0.9921610000000001,-0.12119300000000001,0.020418000000000002,0.07436,-0.010558,-0.008426000000000001,0.016368999999999998,0.01548
9274,0.245496,-1.445578,-1.479678,0.030352999999999998,0.9921700000000001,-0.121147,0.023617,0.070105,-0.014803,-0.00043099999999999996,0.017336,0.018653
9275,0.249825,-1.44645,-1.4769709999999998,0.030664,0.9922790000000001,-0.120176,0.011949,0.081881,-0.019171,0.008094,0.005203,0.013928999999999999
9276,0.248125,-1.446453,-1.480341,0.030458999999999996,0.9922790000000001,-0.120225,0.002343,0.08191,-0.01817,0.006268999999999999,0.003616,0.009873999999999999
9277,0.24687699999999999,-1.446785,-1.4832670000000001,0.030227999999999998,0.9923200000000001,-0.11994300000000001,0.0023710000000000003,0.085119,-0.021378,0.000458,0.007679999999999999,0.0021449999999999998
9278,0.24558000000000002,-1.44652,-1.486417,0.030136000000000003,0.992288,-0.12023699999999998,0.006653,0.096788,-0.012816999999999999,0.000595,0.003486,-0.010301000000000001
9279,0.244995,-1.445937,-1.488764,0.030206,0.992215,-0.120816,0.009715999999999999,0.071189,-0.007422,-5.5e-05,0.0020629999999999997,-0.009769
9280,0.24488800000000002,-1.445576,-1.489731,0.03028,0.9921700000000001,-0.12116700000000001,-0.007534999999999999,0.037135,-0.00109,0.002389,0.011720999999999999,-0.017443
9281,0.24698699999999998,-1.445142,-1.488573,0.030639999999999997,0.992116,-0.12152,0.0033079999999999997,0.045739,-0.030933,0.014496,0.0042369999999999994,-0.009278
9282,0.242804,-1.444698,-1.493507,0.030237,0.99206,-0.122076,0.033128,0.032856,-0.031776,0.008581,0.001577,-0.006220000000000001
9283,0.241403,-1.443602,-1.496,0.030326,0.991922,-0.123174,0.051419000000000006,0.065821,-0.032757,0.013330000000000002,0.009909000000000001,-0.00381
9284,0.24156999999999998,-1.4430100000000001,-1.497658,0.030487,0.9918459999999999,-0.12373900000000002,0.014232,0.08943,-0.043726999999999995,0.01593,0.00797,0.0015609999999999999
9285,0.239504,-1.443009,-1.501577,0.030232,0.9918459999999999,-0.123803,-0.000611,0.09360800000000001,-0.042660000000000003,0.015728,0.003774,-0.0033490000000000004
9286,0.23676799999999998,-1.44297,-1.506768,0.029901999999999998,0.991841,-0.123922,-0.005715,0.13839300000000002,-0.049162,0.012990999999999999,0.010218999999999999,-0.01243
9287,0.231487,-1.442382,-1.515279,0.02938,0.991766,-0.124645,0.00398,0.163905,-0.043785000000000004,-0.0005110000000000001,0.004465,-0.014347
9288,0.22381500000000001,-1.442187,-1.526045,0.028466,0.991741,-0.125056,0.00389,0.144726,-0.042695,-0.012262,-0.0036130000000000003,-0.005254
9289,0.217459,-1.44242,-1.534985,0.027620999999999996,0.991771,-0.12500899999999998,0.0016420000000000002,0.11810599999999999,-0.043745,-0.012332,-0.003002,-0.001044
9290,0.210339,-1.442138,-1.544509,0.026789,0.991735,-0.125476,0.009101,0.129742,-0.029823000000000002,-0.006357,0.018961000000000002,-0.012387
9291,0.20469,-1.441461,-1.552821,0.026216000000000003,0.991648,-0.126283,0.012284,0.12440899999999999,-0.030862999999999998,-0.0065780000000000005,0.009512,-0.015090000000000001
9292,0.19989400000000002,-1.4411479999999999,-1.559747,0.025672000000000004,0.991607,-0.126711,0.016461,0.095666,-0.039343,-0.003256,0.002091,-0.009413
9293,0.193162,-1.441234,-1.5684770000000001,0.024802,0.991619,-0.126797,0.016583,0.10408900000000001,-0.043546,-0.003821,0.013112,0.004834000000000001
9294,0.189317,-1.441742,-1.5748149999999999,0.024219,0.991684,-0.126397,0.003914,0.129717,-0.047939999999999997,0.004071,0.015166999999999998,0.01072
9295,0.187325,-1.442232,-1.579721,0.023877000000000002,0.9917469999999999,-0.125968,-0.007751000000000001,0.148921,-0.044841000000000006,0.009967,0.007887,0.010352
9296,0.186764,-1.442491,-1.583487,0.023758,0.9917799999999999,-0.125728,-0.00346,0.161659,-0.037349,0.002395,0.002055,-0.002461
9297,0.18193499999999999,-1.4424549999999998,-1.5918780000000001,0.023157,0.991776,-0.125877,-0.002277,0.1851,-0.039508,-0.009348,0.008209000000000001,-0.0033350000000000003
9298,0.179481,-1.442601,-1.5982459999999998,0.022823,0.9917940000000001,-0.12579100000000001,-6.2e-05,0.197897,-0.04485,-0.009014,0.008191,-0.0034200000000000003
9299,0.170469,-1.442459,-1.6111229999999999,0.021712000000000002,0.991776,-0.12613,0.002049,0.185136,-0.052298000000000004,-0.012221,0.003478,-0.008329999999999999
9300,0.162157,-1.442307,-1.623293,0.020687,0.991757,-0.12645499999999998,-0.00214,0.195829,-0.058752,-0.007458,0.008442,-0.009211
9301,0.156869,-1.442583,-1.632499,0.019975,0.991792,-0.12629200000000002,-0.004298,0.187327,-0.061961,-0.006745999999999999,0.008406,-0.009373999999999999
9302,0.147168,-1.442404,-1.645604,0.018775,0.991769,-0.126656,0.006319,0.15090699999999999,-0.0703,-0.005912,0.004477,-0.009193000000000002
9303,0.13569900000000001,-1.442101,-1.660121,0.017362,0.9917299999999999,-0.127161,0.005239,0.154081,-0.063904,-0.010725,0.0023190000000000003,-0.009466
9304,0.123705,-1.441786,-1.6754069999999999,0.015874,0.99169,-0.12767,0.009474,0.165707,-0.044663999999999995,-0.020222999999999998,0.001978,-0.007783
9305,0.11368900000000001,-1.441223,-1.688726,0.014658000000000001,0.991617,-0.128377,0.011561,0.16883900000000002,-0.030769,-0.020426,0.003607,-0.012477
9306,0.105433,-1.4405059999999998,-1.7003,0.013673,0.991524,-0.1292,0.014677,0.163446,-0.016856,-0.023666999999999997,0.001411,-0.014613999999999999
9307,0.095523,-1.439866,-1.713148,0.012452,0.991441,-0.129962,0.02306,0.145242,-0.0007559999999999999,-0.035447,0.00476,-0.00868
9308,0.082574,-1.4391209999999999,-1.72833,0.010829,0.991343,-0.130848,0.029236,0.09621299999999999,0.000413,-0.047327999999999995,-0.001582,-0.009365
9309,0.061002,-1.43848,-1.7509810000000001,0.008043000000000002,0.991259,-0.131685,0.033333999999999996,0.044938,0.000576,-0.044847000000000005,0.013807,-0.0014320000000000001
9310,0.054792999999999994,-1.438085,-1.7578880000000001,0.007247,0.991207,-0.132124,0.016225999999999997,0.037536,0.001531,-0.044782999999999996,0.017048,-0.0013599999999999999
9311,0.042673,-1.438017,-1.7706330000000001,0.005647999999999999,0.9911979999999999,-0.132269,0.0023510000000000002,0.032275,-0.002837,-0.03821,0.012373,-0.0017640000000000002
9312,0.026354000000000002,-1.438191,-1.7871110000000001,0.0034840000000000006,0.9912209999999999,-0.132171,0.006508,0.003513,-0.00705,-0.030767000000000003,-0.006678,0.004043
9313,0.019872,-1.438005,-1.793332,0.0026309999999999997,0.991196,-0.132375,0.007474,-0.018861000000000003,-0.007017,-0.031653,-0.005295,-0.002009
9314,0.00968,-1.437765,-1.80296,0.001284,0.9911639999999999,-0.132633,0.005259000000000001,-0.029537,0.000455,-0.029497000000000002,0.008637,-0.005474000000000001
9315,0.000895,-1.43751,-1.8107830000000003,0.00011899999999999999,0.991131,-0.132892,0.009378000000000001,-0.050904000000000005,0.012258,-0.014172,0.011082,-0.002225
9316,0.0009789999999999998,-1.437259,-1.809304,0.00013000000000000002,0.9910969999999999,-0.133141,0.012368,-0.077628,0.032609,-0.014443000000000001,0.008520999999999999,-0.0017620000000000001
9317,0.0008289999999999999,-1.4369100000000001,-1.8075459999999999,0.00011100000000000001,0.991051,-0.133487,0.010115,-0.09364199999999999,0.043294,-0.015186000000000002,0.007774,-0.004071
9318,0.000778,-1.436484,-1.8056580000000002,0.00010400000000000001,0.990994,-0.133909,0.008001000000000001,-0.09361799999999999,0.039004000000000004,-0.004163,0.007220999999999999,-0.003237
9319,0.003664,-1.4362620000000001,-1.800599,0.000491,0.990964,-0.134128,0.012215,-0.117021,0.027313999999999998,0.001996,0.004047,-0.00082
9320,0.008756,-1.435941,-1.792977,0.0011769999999999999,0.9909209999999999,-0.134442,0.011144,-0.127631,0.017708,0.012296,0.001206,0.0006219999999999999
9321,0.008526,-1.43565,-1.7907990000000003,0.001149,0.9908819999999999,-0.13473,0.016555,-0.11485,0.013456000000000001,0.013805000000000001,-0.000357,0.004603
9322,0.010397,-1.43555,-1.786933,0.001402,0.9908680000000001,-0.134827,0.018846,-0.08819099999999999,0.004893,0.017077000000000002,0.004157,0.011444
9323,0.017633000000000003,-1.435665,-1.7782810000000002,0.002375,0.990884,-0.134699,0.014672999999999999,-0.071115,0.000573,0.031575,0.009956,0.010813
9324,0.027701999999999997,-1.4358549999999999,-1.7667169999999999,0.0037259999999999997,0.990909,-0.13448,0.013513999999999998,-0.083923,0.008062999999999999,0.036481,0.011196,0.010259
9325,0.034674,-1.435845,-1.7582470000000001,0.004664,0.990908,-0.134462,0.008173999999999999,-0.071177,0.021899000000000002,0.038244,0.020231,0.007951
9326,0.043855,-1.4357229999999999,-1.747754,0.0059039999999999995,0.990891,-0.134534,0.007088,-0.06270099999999999,0.034702,0.035142,0.003493,0.002362
9327,0.057086000000000005,-1.435271,-1.733436,0.007709000000000001,0.9908299999999999,-0.134891,0.007108,-0.051013,0.042168000000000004,0.021497,-0.0028239999999999997,-0.005994
9328,0.064712,-1.434852,-1.7248419999999998,0.008764,0.9907739999999999,-0.135243,0.012462,-0.04677,0.042201,0.014672999999999999,0.004267,-0.006618000000000001
9329,0.073624,-1.434513,-1.714796,0.009994,0.990728,-0.135494,0.023038999999999997,-0.061742,0.047636000000000005,0.011399,0.01005,0.002239
9330,0.08123899999999999,-1.434199,-1.705538,0.01105,0.990685,-0.135724,0.030396,-0.093696,0.040251999999999996,0.006954999999999999,-0.002907,0.010602
9331,0.08494600000000001,-1.4338819999999999,-1.6997369999999998,0.01158,0.990642,-0.135995,0.020803,-0.10426400000000001,0.027381,0.006883,0.002568,0.010934000000000001
9332,0.08493300000000001,-1.433923,-1.697438,0.011575,0.9906469999999999,-0.135955,0.011142,-0.123379,0.020928,-0.004281,0.015685,0.0058130000000000005
9333,0.082985,-1.433898,-1.6964599999999999,0.011312000000000001,0.9906440000000001,-0.136002,0.010979000000000001,-0.155354,0.025240000000000002,-0.008886,0.009951,0.003189
9334,0.08122599999999999,-1.4337879999999998,-1.694809,0.011082,0.9906290000000001,-0.13613,0.010911,-0.173451,0.022057,-0.010731000000000001,0.002123,0.005607
9335,0.074238,-1.433872,-1.698076,0.010124,0.990641,-0.136121,0.008715,-0.190475,0.018857,-0.019645,0.006490999999999999,0.006726
9336,0.062986,-1.434,-1.704995,0.008584,0.990658,-0.1361,0.013904,-0.22139099999999998,0.019996,-0.032754000000000005,0.006229,0.006309
9337,0.055162,-1.433938,-1.7080060000000001,0.007522,0.99065,-0.136223,0.00634,-0.244792,0.017835,-0.035963999999999996,0.0008820000000000001,0.005288
9338,0.04318,-1.434297,-1.714552,0.005874,0.990698,-0.135948,-0.008736,-0.28624299999999997,0.007097,-0.02159,0.012521,0.004936
9339,0.033497000000000006,-1.4348049999999999,-1.717784,0.00454,0.990767,-0.135496,-0.005553,-0.339826,-0.018313999999999997,-0.000741,0.011537,0.003889
9340,0.023368,-1.4349889999999998,-1.721528,0.003164,0.990792,-0.135353,-0.011662,-0.303469,-0.047245,0.025660000000000002,0.019385,-0.008629000000000001
9341,0.021165,-1.43496,-1.718466,0.002866,0.9907879999999999,-0.135389,-0.024175,-0.253301,-0.06127899999999999,0.043261,0.025279,-0.012407
9342,0.008239,-1.43575,-1.727124,0.001109,0.9908950000000001,-0.134631,-0.047387,-0.193572,-0.059380999999999996,0.050053,0.012537999999999999,-0.012631
9343,-0.002362,-1.436954,-1.7348669999999997,-0.000315,0.9910559999999999,-0.133443,-0.06631799999999999,-0.117931,-0.044655,0.05276,0.014986000000000001,-0.017924000000000002
9344,0.000105,-1.4380680000000001,-1.731138,1.4000000000000001e-05,0.9912049999999999,-0.132339,-0.079956,-0.039162999999999996,-0.017074000000000002,0.039307999999999996,0.018836000000000002,-0.019943000000000002
9345,-0.002907,-1.439674,-1.733961,-0.00037999999999999997,0.991416,-0.130746,-0.07761599999999999,-0.000791,-0.024585,0.016844,-0.027472000000000003,-0.021643
9346,-0.005272,-1.440384,-1.736635,-0.000686,0.991508,-0.13004200000000002,-0.066811,0.014145,-0.039481999999999996,0.003783,0.001702,-0.03306
9347,-0.013138,-1.441165,-1.744852,-0.001698,0.99161,-0.12925799999999998,-0.026155,0.01835,-0.060568,0.007665000000000001,0.011518,-0.021942
9348,-0.009687999999999999,-1.441358,-1.7421900000000001,-0.00125,0.991635,-0.129071,-0.028163999999999998,0.034384,-0.072348,0.045959,0.0004,0.001263
9349,-0.0061909999999999995,-1.442264,-1.739802,-0.000793,0.991751,-0.128176,-0.037819,0.07044600000000001,-0.024388,0.045212,-0.00231,0.005786
9350,0.001604,-1.443178,-1.735005,0.000204,0.9918680000000001,-0.127272,-0.033063,0.193942,-0.009555,0.031305,0.006271,0.011565
9351,0.003922999999999999,-1.443756,-1.737471,0.0004969999999999999,0.991941,-0.126698,-0.023169,0.250402,-0.018104,0.026862,0.0058460000000000005,0.014790000000000001
9352,0.009641,-1.444479,-1.736561,0.001215,0.9920329999999999,-0.125975,-0.010493,0.23114899999999997,-0.009444,0.00199,0.003207,0.014678
9353,0.013452,-1.444691,-1.7373630000000002,0.0016920000000000001,0.992059,-0.12575999999999998,-0.009464,0.22792800000000002,-0.004091,-0.024992,0.004065,0.00842
9354,0.010908,-1.444916,-1.743885,0.001369,0.992088,-0.12554,0.0009789999999999998,0.182067,0.00031,-0.03619,0.003625,0.008093000000000001
9355,0.014223,-1.444723,-1.743629,0.0017879999999999999,0.9920629999999999,-0.125727,0.016784999999999998,0.13833499999999999,0.00047699999999999994,-0.035892,0.006121,0.012171
9356,0.010112999999999999,-1.44449,-1.7500790000000002,0.001274,0.992034,-0.12596400000000002,0.042259,0.108423,-0.00037799999999999997,-0.025368,0.005097,0.01926
9357,0.011937999999999999,-1.444105,-1.750102,0.001508,0.991985,-0.126343,0.048582,0.08392899999999999,-0.007779,0.004092,0.009922,0.020249
9358,0.011436,-1.4432209999999999,-1.7521200000000001,0.0014550000000000001,0.991873,-0.127221,0.039044,0.07081699999999999,-0.013047999999999999,0.015131,0.013359999999999999,0.026543
9359,0.010706,-1.442699,-1.7542259999999998,0.001368,0.991807,-0.12773900000000002,0.018759,0.066631,-0.014252,0.022512,0.018675999999999998,0.036614
9360,0.013453,-1.443523,-1.753082,0.0017079999999999999,0.9919120000000001,-0.126918,0.005006,0.082702,-0.025049000000000002,0.007982,0.009172,0.028682
9361,0.00926,-1.444266,-1.7588869999999999,0.001168,0.9920059999999999,-0.126187,-0.007755,0.071114,-0.046488,0.0015019999999999999,0.011336,0.02171
9362,-0.000728,-1.445195,-1.7702229999999999,-9.1e-05,0.992123,-0.125271,-0.013053,0.06161799999999999,-0.06467300000000001,-0.006821,0.020481,0.006298
9363,-0.014214,-1.445359,-1.78508,-0.001778,0.992143,-0.125096,-0.025831,0.06274500000000001,-0.069039,-0.0034549999999999997,0.011412,-0.00967
9364,-0.0231,-1.44571,-1.794807,-0.002882,0.992187,-0.124727,-0.021788,0.014785,-0.066812,0.008787,-0.005889,-0.007215999999999999
9365,-0.031855,-1.445475,-1.802748,-0.003981,0.992158,-0.12493,0.001267,-0.084341,-0.07293200000000001,0.007063,-0.020309999999999998,-0.006722
9366,-0.047541,-1.444983,-1.8157450000000002,-0.005963,0.9920959999999999,-0.12534,0.04045,-0.166693,-0.079963,0.009915,-0.027344,-0.019832
9367,-0.057762,-1.442963,-1.8226919999999998,-0.007359999999999999,0.9918399999999999,-0.127273,0.090431,-0.15746400000000002,-0.033691000000000006,0.005697,-0.012013,-0.015778
9368,-0.059213999999999996,-1.4409370000000001,-1.821895,-0.007663,0.9915799999999999,-0.12926700000000002,0.101214,-0.08525,0.013293000000000001,-0.0060539999999999995,0.029263,-0.015203
9369,-0.049687,-1.438918,-1.8105790000000002,-0.006531,0.991317,-0.13133399999999998,0.089293,-0.10765599999999999,0.03247,0.047043,-0.035155,0.004533
9370,-0.044358,-1.436774,-1.8025060000000002,-0.005925,0.991032,-0.133491,0.126388,-0.13983399999999999,0.055202999999999995,0.054127999999999996,-0.034489,0.011497
9371,-0.026550999999999998,-1.434158,-1.782411,-0.003616,0.9906799999999999,-0.136165,0.151065,-0.095233,0.069209,0.049286,-0.017993000000000002,0.011455
9372,-0.014059,-1.4310889999999998,-1.7686099999999998,-0.0019579999999999997,0.9902569999999999,-0.13924,0.156452,-0.042155,0.11083900000000001,0.027333,0.005272,-0.000149
9373,0.009287,-1.427861,-1.7445400000000002,0.001323,0.9898020000000001,-0.142442,0.160638,-0.025266,0.1461,0.026143,0.006124,-0.003691
9374,0.029381,-1.424389,-1.723426,0.004286,0.989302,-0.145822,0.174306,-0.055201,0.161189,0.018678999999999998,0.021394999999999997,-0.0066430000000000005
9375,0.048923,-1.4208049999999999,-1.7024549999999998,0.007308,0.988772,-0.14925,0.17001,-0.061577999999999994,0.161167,0.011766,0.021297999999999997,-0.0061909999999999995
9376,0.06556000000000001,-1.417402,-1.6843689999999998,0.01001,0.988258,-0.15246500000000002,0.15623599999999999,-0.066749,0.134372,0.006347,0.010062999999999999,-0.010727
9377,0.07893,-1.4138760000000001,-1.669214,0.012322,0.987713,-0.15579,0.163724,-0.093283,0.10348099999999999,0.011298,0.016422,-0.000414
9378,0.0904,-1.411017,-1.6557330000000001,0.014362999999999999,0.9872620000000001,-0.15845,0.158527,-0.08995700000000001,0.075669,0.020931,0.009091,0.017886000000000003
9379,0.10030800000000001,-1.408466,-1.6444720000000002,0.016184,0.9868530000000001,-0.160806,0.147043,-0.054676999999999996,0.05418200000000001,0.026235,0.006692,0.023309
9380,0.116344,-1.406984,-1.627734,0.018931,0.986613,-0.16197899999999998,0.12912200000000001,-0.033535,0.040244999999999996,0.032156,0.016515000000000002,0.023368
9381,0.128218,-1.405352,-1.61553,0.021058,0.986345,-0.163339,0.115422,-0.013172999999999999,0.021968,0.025282,0.017317,0.015161
9382,0.131347,-1.403728,-1.612557,0.021779,0.9860760000000001,-0.16485999999999998,0.09324600000000001,0.020000999999999998,0.0036119999999999998,0.017450999999999998,0.018883,0.016285
9383,0.139279,-1.402354,-1.606185,0.023274,0.9858469999999999,-0.166023,0.079778,0.105288,-0.00086,0.022975,0.000588,0.004875
9384,0.14696700000000001,-1.400435,-1.6014950000000001,0.024827000000000002,0.985524,-0.16771,0.07459299999999999,0.154245,0.015066999999999999,0.010298999999999999,-0.007939,-0.0043479999999999994
9385,0.150353,-1.398388,-1.600832,0.025697,0.985174,-0.16962,0.096874,0.128592,0.017391999999999998,0.0007769999999999999,-0.003989,-0.008190000000000001
9386,0.146351,-1.395314,-1.607572,0.025459,0.984643,-0.172717,0.10774700000000001,0.15632000000000001,0.000338,-0.017815,-0.0014730000000000001,-0.017103
9387,0.147317,-1.3933229999999999,-1.610325,0.025914,0.9842930000000001,-0.17463099999999998,0.09838,0.194758,-0.013663,-0.016652,0.002783,-0.012106
9388,0.148119,-1.391483,-1.61333,0.026320999999999997,0.983966,-0.176401,0.094054,0.17438299999999998,-0.011469,-0.017105000000000002,0.0077480000000000005,-0.011022
9389,0.14446099999999998,-1.3895680000000001,-1.6197629999999998,0.025947,0.9836229999999999,-0.17836,0.10345399999999999,0.124304,-0.016682,-0.025626,0.015995,-0.002777
9390,0.142294,-1.387613,-1.624313,0.025833,0.9832690000000001,-0.180319,0.097087,0.11480699999999999,-0.033805,-0.039093,0.020393,-0.002374
9391,0.132803,-1.386439,-1.6363530000000002,0.024273,0.9830540000000001,-0.181701,0.072687,0.12987,-0.050022000000000004,-0.040066000000000004,0.025521000000000002,0.001449
9392,0.127646,-1.385259,-1.6437060000000001,0.023484,0.9828370000000001,-0.182974,0.066138,0.080954,-0.066028,-0.045899,0.023053,0.012075
9393,0.114798,-1.3847530000000001,-1.657875,0.021188,0.9827440000000001,-0.183754,0.054376999999999995,0.071425,-0.070374,-0.038827,0.015471,0.009132
9394,0.096339,-1.384462,-1.67819,0.01782,0.98269,-0.184399,0.05128099999999999,0.101237,-0.064032,-0.042692,0.008414,0.0053219999999999995
9395,0.079141,-1.3841729999999999,-1.696896,0.014669,0.9826360000000001,-0.184961,0.051064,0.061788,-0.05544400000000001,-0.040975,0.007964,0.006571
9396,0.06093099999999999,-1.3836870000000001,-1.715741,0.011327,0.9825459999999999,-0.185675,0.049861,0.035147000000000005,-0.052221000000000004,-0.044973,0.012953000000000001,0.004431
9397,0.044601,-1.383105,-1.732884,0.008319,0.9824379999999999,-0.186406,0.048904,0.050102,-0.061867,-0.034916,0.025528,-0.00025499999999999996
9398,0.031969,-1.382409,-1.7466139999999999,0.005986,0.9823069999999999,-0.18717999999999999,0.044674,0.051212,-0.069379,-0.02094,0.017235,0.00010700000000000001
9399,0.015016,-1.3817840000000001,-1.764358,0.002821,0.98219,-0.187868,0.035015,0.041645,-0.066235,-0.03015,0.008517,-0.002592
9400,0.005901,-1.3809870000000002,-1.7746520000000001,0.001113,0.9820399999999999,-0.188668,0.032958,0.065063,-0.059872,-0.027938,0.011048,-0.007117
9401,-0.005122,-1.379861,-1.787095,-0.0009720000000000001,0.981827,-0.189775,0.029769,0.06826499999999999,-0.058834000000000004,-0.023152000000000002,0.011993,-0.015349000000000002
9402,-0.013971,-1.3784969999999999,-1.797122,-0.00267,0.981567,-0.191097,0.030726999999999997,0.050127,-0.052397000000000006,-0.015366,0.007126,-0.017689
9403,-0.020816,-1.3771129999999998,-1.8051529999999998,-0.004006,0.981302,-0.192433,0.039269,0.062833,-0.040606,-0.01496,-0.001657,-0.013286000000000001
9404,-0.026637,-1.3756680000000001,-1.8122630000000002,-0.005164,0.981023,-0.193824,0.043466000000000005,0.05745,-0.029889,-0.019036,0.00294,-0.014184
9405,-0.034049,-1.374106,-1.8203049999999998,-0.006653,0.980719,-0.19531099999999998,0.042233,0.021230000000000002,-0.028787,-0.025375,0.011956999999999999,-0.017228999999999998
9406,-0.042179,-1.372709,-1.8286919999999998,-0.008298,0.9804450000000001,-0.19661900000000002,0.034752,0.012754999999999999,-0.034173,-0.025149,0.012872,-0.01351
9407,-0.049219,-1.3718219999999999,-1.836253,-0.009725,0.9802700000000001,-0.197425,0.025223,0.023462,-0.039596,-0.014459999999999999,0.011399,-0.009393
9408,-0.054715999999999994,-1.370938,-1.841735,-0.010856999999999999,0.980095,-0.198234,0.025008000000000002,-0.013863999999999998,-0.028869,-0.009147,0.003899,-0.009316
9409,-0.059517999999999995,-1.369826,-1.845893,-0.011874,0.979873,-0.199267,0.024837,-0.035238,-0.011754,-0.015928,-0.000595,-0.012815
9410,-0.06254,-1.369018,-1.848173,-0.012526,0.979712,-0.20002,0.026952999999999998,-0.029957,-0.002133,-0.012148,-0.000128,-0.014122
9411,-0.064489,-1.3676629999999999,-1.8491349999999998,-0.013000999999999999,0.979439,-0.201319,0.036384,-0.056669000000000004,0.009717,-0.007278,0.002311,-0.015019999999999999
9412,-0.066596,-1.36677,-1.8496299999999999,-0.013483000000000002,0.979259,-0.202164,0.030920999999999997,-0.08329,0.011848000000000001,-0.018163,0.007206999999999999,-0.01039
9413,-0.069234,-1.366291,-1.850798,-0.014049,0.9791620000000001,-0.202596,0.023573,-0.065121,0.0032259999999999997,-0.01891,0.0227,-0.005855
9414,-0.07371799999999999,-1.3656190000000001,-1.854069,-0.015006,0.979025,-0.203188,0.015082,-0.056565,0.002085,-0.007928,0.007319,-0.007689
9415,-0.07532,-1.365261,-1.854226,-0.015358000000000002,0.978952,-0.203513,0.009599,-0.081081,0.010623,-0.009392,0.006079,-0.005609
9416,-0.07796499999999999,-1.364949,-1.8547099999999999,-0.01592,0.9788879999999999,-0.203776,0.012627,-0.11732000000000001,0.012825999999999999,-0.018793999999999998,0.010537999999999999,-0.005147
9417,-0.085244,-1.36424,-1.85929,-0.017462000000000002,0.978743,-0.204346,0.001936,-0.131098,0.004220000000000001,-0.012415,0.01848,-0.008331
9418,-0.08809299999999999,-1.3642459999999998,-1.8594400000000002,-0.018043,0.9787440000000001,-0.204289,-0.007684999999999999,-0.137447,0.0020239999999999998,-0.002999,0.010223999999999999,-0.006862
9419,-0.089883,-1.364013,-1.858569,-0.018429,0.9786959999999999,-0.204485,-0.002321,-0.126829,0.006321,0.002133,0.0024289999999999997,-0.008695999999999999
9420,-0.088744,-1.363633,-1.855244,-0.018229,0.978618,-0.20487600000000003,0.006292,-0.103448,0.012762,0.007319,0.0046429999999999996,-0.006764
9421,-0.08922999999999999,-1.3634110000000002,-1.853386,-0.018348,0.9785729999999999,-0.205083,0.005111,-0.124767,0.017054,0.001655,0.007831999999999999,-0.006998999999999999
9422,-0.090494,-1.363406,-1.8521880000000002,-0.018608,0.9785719999999999,-0.205064,-0.001219,-0.11407,0.011655,-0.002236,0.015874,-0.002562
9423,-0.088844,-1.3636540000000001,-1.848586,-0.018248,0.9786229999999999,-0.204853,-0.006443000000000001,-0.093794,0.007320999999999999,0.015685,0.008926,-0.003078
9424,-0.087786,-1.3638290000000002,-1.845668,-0.018016,0.978658,-0.204702,-0.015025,-0.095928,0.015811000000000002,0.018077,0.0058390000000000004,-0.006662
9425,-0.084476,-1.364021,-1.84037,-0.017322999999999998,0.978698,-0.204573,-0.010834,-0.10343800000000002,0.025466,0.01714,0.005631000000000001,-0.007586
9426,-0.07966000000000001,-1.36353,-1.833521,-0.016375999999999998,0.9785969999999999,-0.20513299999999998,-0.0033829999999999997,-0.10454100000000001,0.028727,0.012729,0.000941,-0.010107
9427,-0.077515,-1.363584,-1.82935,-0.015931,0.978608,-0.20511500000000002,-0.006555,-0.092833,0.034032,0.012117000000000001,0.0027,-0.007059
9428,-0.072411,-1.363707,-1.8227209999999998,-0.014875999999999999,0.978633,-0.20507399999999998,-0.003258,-0.068355,0.037231,0.016447,0.007481,-0.001515
9429,-0.066701,-1.364139,-1.815621,-0.013675999999999999,0.978722,-0.204733,-0.0075450000000000005,-0.074722,0.035075,0.010304,0.01908,0.0020510000000000003
9430,-0.064706,-1.364496,-1.8118299999999998,-0.013244999999999998,0.9787950000000001,-0.20441099999999998,-0.009728,-0.089611,0.030806,0.007264,0.017741,0.002263
9431,-0.0629,-1.3650719999999998,-1.808534,-0.01284,0.9789129999999999,-0.203873,-0.01811,-0.057615,0.028571,0.001946,0.007568000000000001,0.005188
9432,-0.060426,-1.365909,-1.805289,-0.012287000000000001,0.9790840000000001,-0.203086,-0.023344999999999998,-0.033103,0.030639999999999997,0.0033450000000000003,0.011379,0.002066
9433,-0.058476,-1.36639,-1.80215,-0.011863,0.979182,-0.202639,-0.017131,-0.07361000000000001,0.031803,0.0029980000000000002,0.010121999999999999,0.000261
9434,-0.05941799999999999,-1.367005,-1.801384,-0.012018000000000001,0.9793059999999999,-0.202026,-0.021389,-0.075709,0.027502,-0.008383,0.020434,0.008331
9435,-0.05919,-1.367845,-1.799896,-0.011923,0.979476,-0.201208,-0.031938999999999995,-0.056466999999999996,0.019926,-0.004556,0.021531,0.007986
9436,-0.059509000000000006,-1.368675,-1.7988950000000001,-0.011939,0.979643,-0.20039300000000002,-0.033049,-0.07029400000000001,0.015663,-0.004113,0.017061,0.005004
9437,-0.062085,-1.369951,-1.79981,-0.012378,0.9798979999999999,-0.199113,-0.039477,-0.08832999999999999,0.002821,-0.006986,0.013128,0.015625999999999998
9438,-0.066001,-1.3713540000000002,-1.8018020000000001,-0.013066999999999999,0.9801770000000001,-0.197691,-0.040526,-0.096798,-0.009995,-0.0020239999999999998,0.006365,0.011275
9439,-0.068948,-1.3721729999999999,-1.8030389999999998,-0.013594,0.980339,-0.196851,-0.026562,-0.07978500000000001,-0.014191,0.0050030000000000005,0.003822,0.007001
9440,-0.069128,-1.372699,-1.8018330000000002,-0.013594,0.9804430000000001,-0.19633399999999998,-0.026567,-0.071301,-0.004587,0.013777000000000001,0.012675,0.0019219999999999999
9441,-0.069905,-1.373737,-1.8010279999999999,-0.013675,0.9806459999999999,-0.19530799999999998,-0.042631,-0.08753899999999999,0.009323,0.0073739999999999995,0.009526999999999999,0.009228
9442,-0.07115700000000001,-1.374706,-1.800302,-0.013852000000000001,0.980836,-0.19434300000000002,-0.038388,-0.099246,0.0029579999999999997,-0.0011619999999999998,0.0074,0.000877
9443,-0.073581,-1.375527,-1.8009959999999998,-0.014263999999999999,0.9809950000000001,-0.19350599999999998,-0.028643000000000002,-0.07581,-0.005549,0.006665000000000001,0.011162,0.003137
9444,-0.07593,-1.376293,-1.802125,-0.014662,0.981144,-0.192723,-0.033849000000000004,-0.06188300000000001,-0.020558,0.00659,0.01112,0.0068709999999999995
9445,-0.079555,-1.377365,-1.804345,-0.015277,0.98135,-0.191619,-0.051015,-0.084189,-0.021718,0.005908,0.024707,0.006118
9446,-0.083733,-1.378635,-1.806729,-0.015972999999999998,0.9815940000000001,-0.19031199999999998,-0.043582,-0.086367,-0.016322,-0.002857,-0.005123,0.0047350000000000005
9447,-0.085874,-1.379471,-1.80762,-0.016309999999999998,0.9817530000000001,-0.18946,-0.038109,-0.053371,-0.014188999999999998,0.007306999999999999,0.009321,-0.003396
9448,-0.086793,-1.3801450000000002,-1.8075919999999999,-0.016427,0.981881,-0.18878499999999998,-0.033888999999999996,-0.051306,-0.001343,0.010338,0.006965000000000001,-0.003445
9449,-0.08598,-1.381118,-1.805521,-0.016191,0.982065,-0.187846,-0.040411,-0.069427,0.007181999999999999,0.0075239999999999994,0.003668,0.008754000000000001
9450,-0.086873,-1.382291,-1.80495,-0.016259,0.9822850000000001,-0.186684,-0.036159,-0.07582,0.0040149999999999995,0.00158,0.007490999999999999,0.005776
9451,-0.08899,-1.383184,-1.805478,-0.016576,0.982452,-0.185776,-0.033997,-0.080046,-0.006645999999999999,0.001912,0.011840999999999999,0.006867
9452,-0.092267,-1.384366,-1.8074459999999999,-0.017078,0.982672,-0.184563,-0.032764,-0.054437,-0.018421,-0.00047000000000000004,0.013284,0.010018
9453,-0.096147,-1.385775,-1.8106229999999999,-0.017661000000000003,0.9829319999999999,-0.183118,-0.050778,-0.029858999999999997,-0.021783,-0.000696,0.018792,0.010297
9454,-0.099871,-1.38716,-1.813782,-0.018207,0.983186,-0.181696,-0.06464299999999999,-0.030867000000000002,-0.024015,0.000171,0.016234000000000002,0.004602
9455,-0.104868,-1.388477,-1.818325,-0.018979,0.983426,-0.180315,-0.069906,-0.025480000000000003,-0.034741,-0.001697,0.010867,-0.004561
9456,-0.11229700000000001,-1.389793,-1.825084,-0.020173,0.983664,-0.178883,-0.070987,-0.048831,-0.055014999999999994,-0.005111,0.010218000000000001,-0.0015220000000000001
9457,-0.12482,-1.3912799999999999,-1.836254,-0.022229,0.98393,-0.17716400000000002,-0.079595,-0.080695,-0.071059,-0.012545,0.012667,0.002833
9458,-0.138752,-1.3928530000000001,-1.848916,-0.024481,0.98421,-0.175305,-0.084728,-0.058216,-0.093558,-0.005457,0.008588,0.00227
9459,-0.151422,-1.394513,-1.8610229999999999,-0.026454000000000002,0.984502,-0.17336500000000002,-0.084576,-0.027311000000000002,-0.096801,0.0052899999999999996,0.007899,0.002848
9460,-0.162724,-1.3959290000000002,-1.872116,-0.028185,0.98475,-0.171679,-0.087791,-0.018824,-0.085083,0.00223,0.006675,-0.0031100000000000004
9461,-0.17331,-1.397285,-1.8824330000000002,-0.029771,0.984985,-0.17005599999999998,-0.086771,-0.024175,-0.079728,0.002702,0.0010689999999999999,-0.004154
9462,-0.184072,-1.398501,-1.892809,-0.03138,0.985194,-0.168548,-0.085728,-0.031626999999999995,-0.081847,0.002648,0.0016989999999999998,-0.0070810000000000005
9463,-0.194144,-1.399678,-1.902347,-0.032852,0.985395,-0.16708499999999998,-0.084689,-0.034839,-0.07862999999999999,0.007095999999999999,0.004229,-0.007918000000000001
9464,-0.2031,-1.400847,-1.9109180000000001,-0.034115,0.985593,-0.165656,-0.083617,-0.02529,-0.070089,0.007305,0.001101,-0.007698999999999999
9465,-0.21149099999999998,-1.401681,-1.9187939999999999,-0.035331,0.985734,-0.16455999999999998,-0.076238,-0.041311,-0.065743,0.001655,0.003829,-0.011038
9466,-0.220725,-1.402693,-1.927352,-0.036631,0.9859040000000001,-0.163254,-0.068746,-0.031767000000000004,-0.06143,0.003382,-0.00046100000000000004,-0.006516
9467,-0.2286,-1.403751,-1.935166,-0.037679000000000004,0.98608,-0.161944,-0.061095000000000003,-0.004045,-0.07422899999999999,0.011678000000000001,0.001697,0.003252
9468,-0.234314,-1.404865,-1.9411330000000002,-0.038349,0.986265,-0.160657,-0.064272,0.005536999999999999,-0.069988,0.020679,0.005693999999999999,-0.000491
9469,-0.240725,-1.40602,-1.947827,-0.039106,0.986455,-0.159302,-0.069674,0.003375,-0.057203,0.024214,0.003947,-0.003677
9470,-0.243479,-1.406784,-1.9507330000000003,-0.039363,0.9865799999999999,-0.158462,-0.05694199999999999,-0.000977,-0.045355,0.015529,0.001137,-0.014588
9471,-0.24166700000000002,-1.406933,-1.949216,-0.039041,0.986604,-0.158391,-0.046251,0.011734999999999999,-0.036747,0.022713999999999998,-0.002077,-0.013774000000000002
9472,-0.24248499999999998,-1.407435,-1.95062,-0.039051,0.9866860000000001,-0.157878,-0.034476,0.030826999999999997,-0.026006,0.025319,-0.000755,-0.011205
9473,-0.239277,-1.408081,-1.9482419999999998,-0.038394,0.986791,-0.157382,-0.032357,0.039295,-0.014247999999999999,0.023089,0.002696,-0.001935
9474,-0.23414899999999997,-1.409029,-1.943975,-0.037369,0.986944,-0.156668,-0.032396,0.036079,-0.008898999999999999,0.012711,0.016214,-0.00046699999999999997
9475,-0.23419600000000002,-1.409865,-1.9449349999999999,-0.037185,0.987078,-0.155863,-0.046188,0.053172000000000004,-0.009016,0.011153,0.014828999999999998,-0.00144
9476,-0.23424299999999998,-1.41093,-1.9464709999999998,-0.036948,0.9872489999999999,-0.154839,-0.052398,0.080951,-0.024049,0.009086,0.012537999999999999,0.0007099999999999999
9477,-0.234208,-1.412404,-1.9483599999999999,-0.036605,0.987482,-0.153424,-0.062967,0.093811,-0.033750999999999996,0.013732,0.004873,0.004407
9478,-0.23690999999999998,-1.41354,-1.9528830000000001,-0.036756,0.987661,-0.15223399999999998,-0.059838999999999996,0.07888200000000001,-0.032641,0.013608000000000002,0.005625,0.000776
9479,-0.237089,-1.4147,-1.95462,-0.036514,0.987842,-0.151115,-0.058815,0.070353,-0.031552,0.008896,0.014188,-0.000344
9480,-0.24130500000000002,-1.415764,-1.960368,-0.0369,0.988007,-0.14993800000000002,-0.060896000000000006,0.074651,-0.039049,0.004719,0.014419999999999999,0.0008289999999999999
9481,-0.247317,-1.416851,-1.968057,-0.037537,0.988174,-0.148672,-0.06828300000000001,0.081116,-0.05086,0.0027170000000000002,0.006211,-0.001261
9482,-0.25519899999999995,-1.41793,-1.97753,-0.038439,0.988339,-0.14734,-0.073627,0.065211,-0.064763,0.002261,0.011859999999999999,0.00081
9483,-0.26492899999999997,-1.4188969999999999,-1.9884709999999999,-0.039620999999999996,0.9884850000000001,-0.146036,-0.068312,0.050321,-0.075389,0.004464,0.0077,-0.0036369999999999996
9484,-0.27512800000000004,-1.4199190000000002,-1.9998779999999998,-0.040833999999999995,0.98864,-0.144652,-0.071474,0.055672,-0.078622,0.0132,0.009163,0.000503
9485,-0.283143,-1.4214200000000001,-2.0091959999999998,-0.041576999999999996,0.988864,-0.142895,-0.073633,0.055659,-0.07329400000000001,0.012981999999999999,0.006299,0.009259
9486,-0.293069,-1.422617,-2.020493,-0.042651,0.989041,-0.141343,-0.07356599999999999,0.066329,-0.077579,0.012851,0.004229,0.004823
9487,-0.302662,-1.423659,-2.031716,-0.043698,0.989195,-0.139943,-0.06713200000000001,0.079069,-0.07220800000000001,0.010327,0.005343,0.001531
9488,-0.307406,-1.424456,-2.038309,-0.044123,0.989311,-0.138983,-0.054348,0.084312,-0.06250900000000001,0.011042,-0.004799,-0.003382
9489,-0.309811,-1.4247100000000001,-2.042475,-0.044381,0.989348,-0.13863699999999998,-0.033115,0.075656,-0.047393,0.015250999999999999,0.001084,-0.012866999999999998
9490,-0.310435,-1.424655,-2.044351,-0.044483,0.98934,-0.13866099999999998,-0.01204,0.044578,-0.019431,0.017155,-0.0008449999999999999,-0.0153
9491,-0.30281199999999997,-1.424308,-2.037521,-0.043528,0.98929,-0.139324,0.0070079999999999995,0.033761,0.005289,0.023615,0.000685,-0.013156999999999999
9492,-0.295645,-1.42416,-2.031036,-0.042571,0.989268,-0.139772,0.015452,0.031529,0.023512,0.024138,0.007176999999999999,-0.0040420000000000005
9493,-0.28402,-1.4242620000000001,-2.020108,-0.040914,0.989283,-0.14015999999999998,0.018697,0.036532999999999996,0.035384,0.020666,0.008108,-0.001945
9494,-0.273027,-1.424436,-2.0100849999999997,-0.039325,0.989308,-0.14043699999999998,0.018763,0.057812999999999996,0.041769,0.012607,0.012629000000000001,0.0027719999999999997
9495,-0.26409499999999997,-1.4246590000000001,-2.002559,-0.038012,0.989341,-0.140569,0.009247,0.080205,0.044879,0.004640999999999999,0.011926,0.01119
9496,-0.257079,-1.425181,-1.997068,-0.036893,0.989417,-0.14033199999999998,-0.000346,0.074942,0.037341,-0.0005059999999999999,0.004556,0.006055
9497,-0.253391,-1.4254149999999999,-1.994487,-0.036317,0.989451,-0.140243,0.000667,0.049428,0.023494,-0.005889,0.0048270000000000006,0.001312
9498,-0.252925,-1.425369,-1.9948970000000001,-0.036263,0.9894440000000001,-0.14030399999999998,0.000725,0.045235000000000004,0.0064069999999999995,-0.015616999999999999,0.008191,-0.000397
9499,-0.256974,-1.425577,-1.999636,-0.036779,0.989474,-0.139958,-0.004615,0.029334,-0.008567,-0.013163,0.013394,0.007343000000000001
9500,-0.2628,-1.425959,-2.0057110000000002,-0.037495,0.9895290000000001,-0.139376,-0.005746,0.009123000000000001,-0.01496,-0.011501,0.010989,0.010424
9501,-0.266992,-1.426167,-2.009998,-0.038025,0.989559,-0.139019,-0.012172,-0.000425,-0.019266,-0.007476999999999999,0.004825,0.007244
9502,-0.27266599999999996,-1.426353,-2.0154259999999997,-0.038764,0.9895860000000001,-0.138624,-0.013321000000000001,-0.019591,-0.020319,-0.005548,0.0033799999999999998,-0.001161
9503,-0.27626799999999996,-1.426052,-2.018509,-0.039344,0.9895430000000001,-0.13877,0.002616,-0.030317,-0.015922,-0.005151,0.002156,-0.006326
9504,-0.278422,-1.425699,-2.020051,-0.039739,0.989492,-0.139021,0.011113,-0.032503,-0.00945,-0.004481000000000001,0.006938,-0.002916
9505,-0.280095,-1.425338,-2.020827,-0.04007,0.98944,-0.139297,0.016342,-0.053835,-0.00725,-0.000244,0.008973,-0.002686
9506,-0.279785,-1.424711,-2.0192919999999996,-0.040198000000000005,0.9893489999999999,-0.139906,0.025876999999999997,-0.06135499999999999,0.000304,0.002875,0.000733,-0.006426
9507,-0.276475,-1.423992,-2.0148639999999998,-0.039929,0.989244,-0.14072300000000001,0.030141,-0.051825,0.011005,0.0035369999999999998,0.009307,-0.003565
9508,-0.273821,-1.423676,-2.011215,-0.039639999999999995,0.9891969999999999,-0.141129,0.021539,-0.048672,0.0291,0.00028700000000000004,0.008743,0.001221
9509,-0.270075,-1.423538,-2.006277,-0.039147,0.9891770000000001,-0.141408,0.025724,-0.06043,0.035554,-0.0023870000000000002,0.001622,0.004461
9510,-0.269685,-1.42334,-2.004489,-0.039144,0.9891479999999999,-0.141612,0.032124,-0.06575700000000001,0.030262999999999998,-0.008173,0.007709000000000001,0.004115
9511,-0.267779,-1.422866,-2.001207,-0.038998000000000005,0.989078,-0.14213800000000001,0.030019,-0.065724,0.023837999999999998,-0.010501,0.00613,0.0017420000000000003
9512,-0.26899,-1.42244,-2.000868,-0.039282,0.989015,-0.142498,0.025707999999999998,-0.081663,0.017417,-0.013818,0.007840999999999999,0.003139
9513,-0.276266,-1.422143,-2.006123,-0.040398,0.9889709999999999,-0.14249,0.023505,-0.10293599999999999,0.011015,-0.020942,0.010372,0.005115
9514,-0.278914,-1.421771,-2.0066450000000002,-0.040877,0.988916,-0.142736,0.022462,-0.10185,0.006731999999999999,-0.019136,0.010473,0.0036369999999999996
9515,-0.282922,-1.421405,-2.008565,-0.041549,0.9888620000000001,-0.14291900000000002,0.022456999999999998,-0.103976,0.005665,-0.010712000000000001,0.009261,0.0036369999999999996
9516,-0.285671,-1.421254,-2.009157,-0.041984,0.9888389999999999,-0.142948,0.021379,-0.10398099999999999,0.0077930000000000004,-0.00364,0.004065,0.00307
9517,-0.286414,-1.420976,-2.007899,-0.042168000000000004,0.988798,-0.14318,0.018188,-0.097595,0.012034999999999999,-0.006385,0.0064719999999999995,0.001777
9518,-0.288142,-1.420647,-2.007652,-0.042508,0.988749,-0.14341900000000002,0.022463999999999998,-0.097602,0.009927,-0.008578,0.0038659999999999996,0.000933
9519,-0.292269,-1.419966,-2.009718,-0.043294,0.9886469999999999,-0.143887,0.027799,-0.09868099999999999,0.008895,-0.011576999999999999,0.006669,-0.0031309999999999997
9520,-0.293145,-1.419391,-2.008607,-0.043584,0.98856,-0.144394,0.028870999999999997,-0.09868099999999999,0.007834,-0.008693000000000001,0.004726,-0.002121
9521,-0.292719,-1.418806,-2.005894,-0.043689,0.9884719999999999,-0.144965,0.033009,-0.123214,0.012167,0.003314,0.005577,-0.004358
9522,-0.290286,-1.41835,-2.0008220000000003,-0.043465,0.988403,-0.145503,0.028651,-0.129645,0.026032999999999997,0.004907,0.009812000000000001,-0.001271
9523,-0.286511,-1.418108,-1.9948110000000001,-0.042983,0.988366,-0.145895,0.027689,-0.093474,0.038799,0.004958,0.002815,0.002219
9524,-0.281856,-1.418294,-1.9884439999999999,-0.042253,0.9883940000000001,-0.14591700000000002,0.033074,-0.080713,0.039889,-0.004882,0.007913,0.010801
9525,-0.278891,-1.417912,-1.9835759999999998,-0.041924,0.9883360000000001,-0.146406,0.037259,-0.096716,0.042074,-0.012077,0.009833,0.0072310000000000004
9526,-0.277015,-1.417502,-1.979384,-0.041760000000000005,0.988273,-0.146874,0.029689999999999998,-0.11693800000000001,0.044182,-0.021137,0.011742,-2.3e-05
9527,-0.27719499999999997,-1.4170530000000001,-1.9770919999999998,-0.041907,0.9882049999999999,-0.147292,0.022241999999999998,-0.113712,0.043055,-0.015878,0.0075840000000000005,-0.001939
9528,-0.27486900000000003,-1.416744,-1.972634,-0.041648000000000004,0.988157,-0.14768299999999998,0.022362,-0.095569,0.034486,-0.010873,0.0024579999999999997,-0.00315
9529,-0.27365,-1.4164299999999999,-1.969428,-0.041552,0.988109,-0.148033,0.032016,-0.10298199999999999,0.015335,0.001894,0.001744,0.004555
9530,-0.27489600000000003,-1.415981,-1.9683990000000002,-0.041856,0.9880399999999999,-0.14840799999999998,0.035200999999999996,-0.11149400000000001,0.010026,-0.00894,0.006833,0.006319
9531,-0.27683800000000003,-1.415608,-1.968323,-0.042245,0.987983,-0.148681,0.018246000000000002,-0.085868,0.009873999999999999,-0.016333,0.012231,0.002456
9532,-0.27973400000000004,-1.41571,-1.970005,-0.042648,0.9879979999999999,-0.14846099999999998,-0.006068,-0.044203,0.001103,-0.005065999999999999,0.014504,0.0011070000000000001
9533,-0.280952,-1.415983,-1.970533,-0.042754,0.9880399999999999,-0.14815,-0.012402,-0.035633,-0.005361,0.002074,0.007275,-0.000959
9534,-0.28284899999999996,-1.4161110000000001,-1.971411,-0.043,0.98806,-0.147948,-0.003982,-0.065473,-0.009536,-0.0060420000000000005,0.00573,-0.001436
9535,-0.288867,-1.415983,-1.9758779999999998,-0.043925,0.9880399999999999,-0.147807,0.00022799999999999999,-0.07827100000000001,-0.009493000000000001,-0.014974000000000001,0.008908,-0.000936
9536,-0.294172,-1.415769,-1.979805,-0.04477,0.988007,-0.147774,0.0013570000000000001,-0.058061,-0.0031030000000000003,-0.011092,0.00946,-0.0016699999999999998
9537,-0.29581999999999997,-1.415732,-1.9804009999999999,-0.045024,0.988002,-0.14773499999999998,0.004548,-0.049592000000000004,0.00759,-0.006352,0.013416999999999998,-0.0025800000000000003
9538,-0.295629,-1.4157959999999998,-1.9791900000000002,-0.044976999999999996,0.9880120000000001,-0.14768299999999998,0.0077,-0.045402,0.022561,-0.003958,0.003978,0.004189
9539,-0.293552,-1.415977,-1.9762540000000002,-0.044619,0.9880389999999999,-0.147605,0.019448,-0.038002999999999995,0.026906,0.0018329999999999998,-0.0014060000000000001,0.009238
9540,-0.289963,-1.415961,-1.9719659999999999,-0.044093,0.988037,-0.14778,0.023734,-0.029513,0.031198000000000004,0.003764,0.001648,0.014021
9541,-0.286194,-1.4162219999999999,-1.967471,-0.043463,0.9880770000000001,-0.147697,0.022613,-0.031678,0.040806999999999996,-0.002222,0.009665,0.009788
9542,-0.28289000000000003,-1.416161,-1.9637419999999999,-0.042992,0.9880680000000001,-0.147898,0.023793,-0.003994,0.042914999999999995,-0.009071,0.013824000000000001,0.004786
9543,-0.277533,-1.416096,-1.9586240000000001,-0.042216000000000004,0.988058,-0.14818699999999999,0.019663999999999997,0.025852999999999998,0.04178,-0.005208,0.016291,0.0042049999999999995
9544,-0.273599,-1.416187,-1.955223,-0.041609,0.988072,-0.148266,0.011223,0.029868000000000002,0.04181,-0.010378,0.014736,0.003643
9545,-0.27248,-1.416309,-1.954279,-0.041411,0.9880909999999999,-0.148197,0.002582,0.003279,0.038577,-0.017809000000000002,0.010017,0.004856
9546,-0.27531500000000003,-1.416485,-1.956909,-0.041783,0.988118,-0.147912,-0.000567,-0.003029,0.0204,-0.011576999999999999,0.012737,0.001168
9547,-0.275343,-1.4166290000000001,-1.957153,-0.041749,0.98814,-0.14777300000000002,-0.0067540000000000005,0.020444999999999998,5.3e-05,-0.007903,0.012348999999999999,0.002189
9548,-0.27631300000000003,-1.416915,-1.9586700000000001,-0.041815,0.9881840000000001,-0.14746099999999998,-0.005558,0.025861000000000002,-0.023446,0.006369,-0.009897,0.007781999999999999
9549,-0.278312,-1.4171040000000001,-1.961268,-0.042058,0.9882129999999999,-0.147197,-0.004411,0.022747,-0.044795999999999996,0.005315,0.013741,-0.003361
9550,-0.283132,-1.417085,-1.966861,-0.042772000000000004,0.98821,-0.147011,-0.021404,0.044095,-0.040669,0.001375,0.020701,-0.004692
9551,-0.288465,-1.417231,-1.9732619999999998,-0.043515,0.988232,-0.146642,-0.03953,0.052655999999999994,-0.034398000000000005,-0.006442,0.004871,-0.009470999999999999
9552,-0.29430700000000004,-1.4175149999999999,-1.980168,-0.044289,0.988275,-0.146117,-0.034128,0.048452999999999996,-0.053583000000000006,-0.001044,0.002356,-0.009720999999999999
9553,-0.300653,-1.41713,-1.987554,-0.045328,0.988217,-0.146196,-0.019150999999999998,0.047374,-0.063091,0.0015970000000000001,0.003589,-0.013274000000000001
9554,-0.306635,-1.416816,-1.994462,-0.046296,0.988168,-0.14621900000000002,-0.026728,0.035631,-0.05031,0.001466,0.015341,-0.011679
9555,-0.308695,-1.416665,-1.997209,-0.046642,0.988145,-0.146265,-0.027888,0.030129000000000003,-0.024628,0.007381,0.003005,-0.010687
9556,-0.30895300000000003,-1.416857,-1.998461,-0.046622000000000004,0.988175,-0.146072,-0.017175,0.055595000000000006,-0.008562,0.008033,0.009018,-0.01027
9557,-0.305345,-1.4171770000000001,-1.996028,-0.046,0.988224,-0.145938,-0.013008,0.05442999999999999,0.012835,0.008418,0.007,-0.003141
9558,-0.29990100000000003,-1.417624,-1.991308,-0.045074,0.9882920000000001,-0.145764,-0.010014,0.027710000000000002,0.032119,0.006622,0.007863,-0.000278
9559,-0.29318299999999997,-1.41803,-1.9853060000000002,-0.043977999999999996,0.9883540000000001,-0.14568,-0.004627,0.047898,0.040678,0.006045,9.499999999999999e-05,-0.0021780000000000002
9560,-0.28470100000000004,-1.418518,-1.9782,-0.042606,0.9884280000000001,-0.145585,-0.005564,0.077725,0.041701999999999996,0.009586,-0.00020800000000000001,0.001923
9561,-0.27620700000000004,-1.419162,-1.97108,-0.041194,0.988525,-0.14532899999999999,-0.00028399999999999996,0.063867,0.039622000000000004,0.009852,0.0026850000000000003,0.0075120000000000004
9562,-0.269619,-1.419798,-1.9656650000000002,-0.040068,0.9886209999999999,-0.144991,0.002996,0.064933,0.029004000000000002,0.0055520000000000005,0.012248,0.009767
9563,-0.264815,-1.420174,-1.962588,-0.039274,0.9886780000000001,-0.144823,-0.00852,0.102306,0.017125,0.001279,0.014084000000000001,0.000505
9564,-0.262355,-1.420784,-1.962446,-0.038761000000000004,0.988769,-0.144336,-0.030785000000000003,0.120545,0.004128,-0.001492,0.020447,-0.001568
9565,-0.262277,-1.421514,-1.964665,-0.038562,0.988878,-0.14364200000000002,-0.043554,0.108948,-0.015174000000000002,0.000293,0.016630000000000002,-0.003972
9566,-0.264305,-1.422164,-1.9688990000000002,-0.038686,0.988975,-0.14294400000000002,-0.048820999999999996,0.10584400000000001,-0.033367,0.001866,0.015267,-0.006272
9567,-0.26723600000000003,-1.422871,-1.974174,-0.038919999999999996,0.989079,-0.142155,-0.057214,0.11871500000000001,-0.048369999999999996,0.008662000000000001,0.007091,-0.006207
9568,-0.27265900000000004,-1.4236870000000001,-1.982473,-0.039473,0.9891989999999999,-0.141165,-0.061322,0.144335,-0.058045000000000006,0.009673000000000001,0.0040420000000000005,-0.005425999999999999
9569,-0.276102,-1.424695,-1.9889560000000002,-0.039687,0.989346,-0.140068,-0.058132,0.143255,-0.056951,0.010527,-2.7000000000000002e-05,-0.000724
9570,-0.280773,-1.425426,-1.996722,-0.040139999999999995,0.989452,-0.13918599999999998,-0.05386900000000001,0.152785,-0.046251,0.006205,0.0023539999999999998,-0.005497999999999999
9571,-0.28337399999999996,-1.426104,-2.002493,-0.040315,0.98955,-0.138438,-0.046467,0.155882,-0.028043000000000002,0.003739,0.0038729999999999997,-0.011648
9572,-0.282418,-1.426315,-2.004702,-0.040124,0.9895809999999999,-0.138275,-0.034806000000000004,0.153651,-0.013003,0.002221,-0.003436,-0.013809
9573,-0.28021,-1.42652,-2.005356,-0.039762,0.98961,-0.13816900000000001,-0.018975,0.131161,0.003159,0.00044100000000000004,-0.002305,-0.013244
9574,-0.276861,-1.42644,-2.004175,-0.039320999999999995,0.989599,-0.138378,-0.001029,0.09485299999999999,0.009741,5.9999999999999995e-05,-0.0034990000000000004,-0.012288
9575,-0.272882,-1.426087,-2.001882,-0.038863999999999996,0.989548,-0.138869,0.004264,0.078944,0.006620999999999999,0.004044,0.006912000000000001,-9.300000000000001e-05
9576,-0.26907,-1.426518,-1.9997880000000001,-0.038221,0.98961,-0.138605,0.00433,0.090675,0.003403,0.00778,0.005828,0.012872
9577,-0.266531,-1.426866,-1.999368,-0.037779,0.98966,-0.13837,-0.000877,0.116273,0.00013000000000000002,0.006132,0.007319,0.01601
9578,-0.26579200000000003,-1.428108,-2.001207,-0.037353,0.9898370000000001,-0.137211,-0.011434,0.13445,-0.007444,-0.003967,0.010422,0.017567
9579,-0.266743,-1.428614,-2.005044,-0.037351999999999996,0.989909,-0.136692,-0.02308,0.147304,-0.015019999999999999,-0.007234,0.011571,0.011585
9580,-0.270552,-1.429259,-2.011963,-0.037701,0.99,-0.135933,-0.036844999999999996,0.156995,-0.029016000000000004,-0.017519999999999997,0.016149,0.010414
9581,-0.280404,-1.429991,-2.024842,-0.038838,0.9901030000000001,-0.13485899999999998,-0.039004000000000004,0.144249,-0.036496,-0.020335,0.013878999999999999,0.0058460000000000005
9582,-0.287387,-1.43041,-2.0345169999999997,-0.039661,0.9901620000000001,-0.134187,-0.031598,0.127192,-0.039628,-0.015896,0.007183,-0.001281
9583,-0.29279099999999997,-1.430346,-2.042464,-0.040404,0.9901530000000001,-0.13403099999999998,-0.020934,0.126185,-0.038474,-0.0048530000000000005,-0.003886,-0.00548
9584,-0.29534699999999997,-1.4304370000000002,-2.047657,-0.040721,0.990166,-0.13384100000000002,-0.017757,0.125092,-0.034178,0.0033520000000000004,0.0017929999999999999,0.0011359999999999999
9585,-0.296454,-1.430597,-2.051119,-0.040823000000000005,0.990188,-0.133645,-0.007228,0.107955,-0.020194999999999998,0.0048119999999999994,-0.000411,0.0047539999999999995
9586,-0.29538600000000004,-1.430641,-2.052044,-0.040667,0.990194,-0.13364700000000002,0.006536,0.09614199999999999,-0.008333,0.002017,-0.004385,0.003626
9587,-0.293367,-1.4305299999999999,-2.052086,-0.040429,0.9901790000000001,-0.13383399999999998,0.010832,0.105702,-0.00511,0.002679,-0.000341,0.002318
9588,-0.290271,-1.430441,-2.051119,-0.04004,0.990166,-0.134042,0.009731,0.10673699999999998,0.0034270000000000004,0.004792,0.016791999999999998,0.0018100000000000002
9589,-0.28577199999999997,-1.430623,-2.048685,-0.039385,0.990192,-0.134048,0.006414,0.101341,0.023708,-0.000837,0.023984000000000002,0.0021969999999999997
9590,-0.283206,-1.430943,-2.048083,-0.038952999999999995,0.990236,-0.133845,-0.00215,0.10558900000000002,0.034323,-0.016116,0.009214,0.0059759999999999995
9591,-0.280555,-1.4311209999999999,-2.047597,-0.038549,0.9902610000000001,-0.133778,0.0032939999999999996,0.115218,0.019392,-0.021296000000000002,0.003803,0.003544
9592,-0.28386300000000003,-1.430971,-2.053095,-0.039033,0.99024,-0.133792,0.0033619999999999995,0.10903299999999999,-0.0008869999999999999,-0.019683000000000003,0.005319,0.002979
9593,-0.287227,-1.430988,-2.058292,-0.039478,0.990243,-0.133645,0.004375,0.087762,-0.010469,-0.011181,0.006690000000000001,0.005196
9594,-0.289559,-1.430873,-2.062348,-0.039822,0.9902270000000001,-0.133661,0.011890999999999999,0.08565700000000001,-0.023233,-0.000995,-0.017555,0.014093000000000001
9595,-0.292744,-1.430655,-2.067114,-0.040310000000000006,0.990196,-0.13374,0.018315,0.072924,-0.041331,0.000866,0.006476999999999999,0.008496
9596,-0.295116,-1.430351,-2.071132,-0.040715,0.9901540000000001,-0.133932,0.013008,0.088883,-0.031775,0.00063,0.021443,0.0019440000000000002
9597,-0.295071,-1.43035,-2.07323,-0.040708999999999995,0.9901540000000001,-0.133935,-0.002971,0.11124200000000001,-0.014823,-0.000276,0.018619999999999998,-0.000449
9598,-0.294919,-1.430515,-2.075211,-0.040641000000000004,0.9901770000000001,-0.133785,-0.014769,0.10273900000000001,-0.009553,-0.0019010000000000001,0.013196000000000001,-0.001515
9599,-0.298334,-1.4305350000000001,-2.080546,-0.041092000000000004,0.99018,-0.133626,-0.015823,0.093271,-0.019159,-0.013397999999999998,0.011774,-0.005732
9600,-0.303622,-1.43022,-2.087815,-0.041891000000000005,0.990135,-0.133705,-0.016836,0.104993,-0.019183000000000002,-0.008020000000000001,0.0008470000000000001,-0.0071790000000000005
9601,-0.304396,-1.430301,-2.090702,-0.04197,0.9901469999999999,-0.133595,-0.013659000000000001,0.10177699999999999,-0.017021,-0.000983,-0.006214,-0.005
9602,-0.304006,-1.430474,-2.092306,-0.041867,0.9901709999999999,-0.133449,-0.006205,0.095373,-0.020163999999999998,0.00581,0.0058920000000000005,-0.00024900000000000004
9603,-0.301559,-1.4305450000000002,-2.0918349999999997,-0.04152,0.990181,-0.133484,0.0012720000000000001,0.09959900000000001,-0.017979,0.007462000000000001,0.0026780000000000003,-0.00502
9604,-0.299735,-1.430396,-2.0922650000000003,-0.041319999999999996,0.99016,-0.133701,-0.001889,0.116621,-0.009477,0.006743000000000001,0.002333,-0.006634
9605,-0.29584499999999997,-1.430138,-2.090798,-0.040874,0.990124,-0.134105,0.002374,0.118724,-0.0062439999999999996,0.006312,0.004703,-0.008779
9606,-0.289985,-1.429446,-2.087198,-0.040283,0.990027,-0.134998,0.007639,0.10590999999999999,-0.0029850000000000002,0.00534,0.008112000000000001,-0.014232
9607,-0.285762,-1.4289040000000002,-2.0849580000000003,-0.039864,0.98995,-0.135682,0.01932,0.097312,0.007801000000000001,0.003517,0.0029850000000000002,-0.015853
9608,-0.27913899999999997,-1.427917,-2.080301,-0.039234,0.9898100000000001,-0.136882,0.024613,0.100438,0.020652,0.0007509999999999999,-0.003375,-0.017628
9609,-0.27097,-1.427143,-2.074255,-0.038319,0.9897,-0.137936,0.028901999999999997,0.11211199999999999,0.028145,0.001347,0.002396,-0.0032380000000000004
9610,-0.264183,-1.426755,-2.069704,-0.037482,0.9896440000000001,-0.13856300000000002,0.027844,0.11106300000000001,0.024934,-0.000741,0.0032909999999999997,0.001005
9611,-0.259104,-1.426369,-2.066584,-0.036876,0.9895879999999999,-0.139122,0.032063,0.09509,0.019643,-0.004567,0.004796,0.0018690000000000002
9612,-0.258207,-1.425797,-2.067609,-0.036896,0.989506,-0.139702,0.028925,0.102584,0.0132,-0.009415,-0.000935,-0.000603
9613,-0.255305,-1.4253200000000001,-2.066606,-0.036608999999999996,0.9894370000000001,-0.140265,0.026762,0.089834,0.006790999999999999,-0.008374,0.006764,0.003668
9614,-0.254942,-1.424977,-2.067714,-0.036644,0.9893870000000001,-0.14060699999999998,0.030923000000000003,0.070627,0.011116,-0.014884999999999999,0.012078,0.011106
9615,-0.25396599999999997,-1.424612,-2.0680389999999997,-0.036597000000000005,0.989334,-0.140992,0.02985,0.068504,0.010042,-0.018731,0.011795,0.011659000000000001
9616,-0.25323,-1.424291,-2.068766,-0.036573,0.989287,-0.141326,0.020334,0.083468,0.005683,-0.01906,0.010804000000000001,0.009382999999999999
9617,-0.255188,-1.424144,-2.072449,-0.036887,0.989266,-0.141396,0.013994,0.086729,-0.00505,-0.006555,0.015907,0.004509
9618,-0.25511799999999996,-1.423944,-2.073889,-0.036927,0.989236,-0.14158900000000002,0.008563,0.065442,-0.0050609999999999995,-0.0035700000000000003,0.013205000000000001,-0.0014470000000000002
9619,-0.255855,-1.423768,-2.07559,-0.037075,0.9892110000000001,-0.14173,-7.7e-05,0.040975,-0.006159,-0.008534,0.010316,-0.002801
9620,-0.25900700000000004,-1.423474,-2.0794099999999998,-0.037596,0.989168,-0.141894,-0.01184,0.031442000000000005,-0.009434999999999999,-0.010027,0.019011,-0.015729
9621,-0.260125,-1.42313,-2.081251,-0.037842,0.989117,-0.14218,-0.019268,0.035746,-0.013766,-0.000839,0.006137,-0.014665000000000001
9622,-0.261268,-1.423103,-2.083053,-0.038011,0.9891129999999999,-0.142163,-0.010795,0.026112,-0.009420999999999999,-0.000273,-0.002373,-0.012943000000000001
9623,-0.261598,-1.422687,-2.08377,-0.038165,0.989052,-0.142548,0.00409,0.016465,-0.007169,-0.0015539999999999998,-0.003059,-0.006241
9624,-0.262394,-1.4224709999999998,-2.084832,-0.038334,0.9890200000000001,-0.142724,0.007233,0.011097,0.000337,-0.003674,0.003854,0.00103
9625,-0.261689,-1.4224569999999999,-2.084099,-0.038237,0.9890180000000001,-0.142764,0.009231999999999999,-0.008128,0.011058,-0.0029620000000000002,0.003322,0.005572
9626,-0.26212399999999997,-1.422477,-2.084113,-0.038294,0.9890209999999999,-0.142728,0.012374,-0.023044,0.008962000000000001,-0.006613,0.010064,0.005018
9627,-0.26371999999999995,-1.422592,-2.0851580000000003,-0.038492,0.989038,-0.142557,0.009187,-0.024081,0.004667,-0.004797,0.012137,0.007470999999999999
9628,-0.263942,-1.422708,-2.0849330000000004,-0.038494,0.9890549999999999,-0.142439,0.0038420000000000004,-0.02301,0.007833,-0.003361,0.007481,0.008939
9629,-0.265737,-1.423023,-2.0859419999999997,-0.038667,0.989101,-0.142068,0.007945,-0.046512,0.020709,-0.014021,0.005679999999999999,0.005563
9630,-0.268731,-1.422534,-2.087716,-0.039221,0.989029,-0.14241800000000002,0.019584999999999998,-0.05937100000000001,0.029349,-0.024302,0.0051270000000000005,-0.004234
9631,-0.268316,-1.422028,-2.085848,-0.039294,0.9889540000000001,-0.14291700000000002,0.024828,-0.07538500000000001,0.033678,-0.024380000000000002,0.0038740000000000003,-0.003781
9632,-0.271336,-1.4214950000000002,-2.086906,-0.039867,0.988875,-0.143305,0.027908999999999996,-0.100967,0.034797,-0.021672,0.001756,0.003779
9633,-0.272949,-1.421109,-2.086192,-0.040201,0.988818,-0.14360799999999999,0.029989,-0.119059,0.028423,-0.01354,0.002866,0.0053939999999999995
9634,-0.272435,-1.4208129999999999,-2.082897,-0.040206,0.9887739999999999,-0.14391099999999998,0.028816,-0.145674,0.025244,-0.0034649999999999998,0.007091,0.006338
9635,-0.27208000000000004,-1.420641,-2.079406,-0.0402,0.988748,-0.14408800000000002,0.023462,-0.154161,0.020944,0.00045099999999999996,0.009023999999999999,0.0037530000000000003
9636,-0.271863,-1.420448,-2.076314,-0.04022,0.988719,-0.144281,0.018247,-0.13281500000000002,0.015538999999999999,0.00037999999999999997,0.008763,0.002817
9637,-0.27166399999999996,-1.4203290000000002,-2.073763,-0.040224,0.988701,-0.144403,0.01197,-0.110401,0.010126000000000001,0.003557,0.015755,-0.002402
9638,-0.271361,-1.420315,-2.071361,-0.040182999999999996,0.988699,-0.144428,0.004564,-0.10501400000000001,0.001523,0.005225,0.018716999999999998,-0.0019039999999999999
9639,-0.27303299999999997,-1.420352,-2.0708599999999997,-0.040415,0.988705,-0.144325,-0.006071,-0.10812999999999999,-0.009229000000000001,0.004221,0.014256,-0.0037310000000000004
9640,-0.276509,-1.420381,-2.072331,-0.040909,0.9887090000000001,-0.144157,-0.010256,-0.097432,-0.016749,0.0053100000000000005,0.006851,-0.003288
9641,-0.278057,-1.420456,-2.072323,-0.041111,0.98872,-0.144022,-0.015484,-0.069733,-0.012546999999999999,0.0076939999999999995,0.008671,-0.007285
9642,-0.27711399999999997,-1.420633,-2.070162,-0.040928,0.9887469999999999,-0.14389200000000002,-0.013383,-0.06658700000000001,-0.001853,0.004795000000000001,0.005043,-0.00656
9643,-0.27819,-1.4207670000000001,-2.069598,-0.041046,0.9887670000000001,-0.14372100000000002,-0.006068,-0.092214,0.006776999999999999,0.0015869999999999999,0.005816,-0.0050219999999999996
9644,-0.278681,-1.420657,-2.068156,-0.041147,0.98875,-0.143805,-0.001805,-0.094354,0.005741,-0.000296,0.003208,-0.006173
9645,-0.277939,-1.420531,-2.06562,-0.041074,0.9887309999999999,-0.143956,0.003614,-0.089077,0.0057929999999999995,0.007261,-0.000603,-0.0049700000000000005
9646,-0.27426,-1.420516,-2.060058,-0.040548,0.9887290000000001,-0.14412,0.0078,-0.101896,0.011182,0.017919,0.001902,-0.0030510000000000003
9647,-0.26870700000000003,-1.420523,-2.052403,-0.039744999999999996,0.9887299999999999,-0.144336,0.014147999999999999,-0.103025,0.021913,0.019375,0.003778,-0.001309
9648,-0.263572,-1.420779,-2.0456939999999997,-0.038938,0.988769,-0.144294,0.010058,-0.059351,0.026102999999999998,0.004438,0.0054329999999999995,0.005164
9649,-0.260613,-1.420874,-2.042003,-0.038486,0.988783,-0.144317,0.005953,-0.025238999999999998,0.023894,0.001255,0.009936,0.0034020000000000005
9650,-0.258921,-1.42103,-2.039707,-0.038202999999999994,0.988806,-0.144234,-0.001511,-0.033697000000000005,0.014238999999999998,-0.00202,0.014428999999999999,0.00047999999999999996
9651,-0.261317,-1.421194,-2.041223,-0.038506,0.9888299999999999,-0.143985,-0.008994,-0.046416000000000006,0.004588,-0.007774,0.009506,0.000492
9652,-0.26411599999999996,-1.4213639999999998,-2.042984,-0.038865,0.988856,-0.143714,-0.013275,-0.055963,-0.0018399999999999998,-0.012481,0.007497,-0.001549
9653,-0.269176,-1.4213959999999999,-2.046656,-0.039583999999999994,0.9888600000000001,-0.143485,-0.010142,-0.074071,-0.005000999999999999,-0.011120999999999999,0.009308,-0.003899
9654,-0.274645,-1.421431,-2.050584,-0.040358,0.988866,-0.143233,-0.004797999999999999,-0.075142,-0.008169,-0.002977,0.004619,0.002379
9655,-0.277196,-1.421541,-2.051561,-0.040694,0.9888819999999999,-0.143026,-0.0016309999999999999,-0.081549,-0.00707,0.002562,0.002832,0.004582999999999999
9656,-0.279269,-1.4216870000000001,-2.051871,-0.04095,0.9889040000000001,-0.14280199999999998,0.00043499999999999995,-0.093287,-0.003836,0.002468,0.0024289999999999997,0.005397
9657,-0.28191900000000003,-1.4220030000000001,-2.052527,-0.041242,0.988951,-0.14239300000000002,0.002578,-0.101869,-0.002724,0.00137,0.0017870000000000002,0.004255
9658,-0.28372800000000004,-1.421936,-2.052451,-0.041518,0.988941,-0.14238199999999998,0.00796,-0.089113,-0.000567,0.002135,0.002911,0.006594
9659,-0.285445,-1.4221139999999999,-2.0523540000000002,-0.041713,0.988967,-0.14214100000000002,0.008992,-0.094451,0.001584,0.001139,0.005494,0.007208
9660,-0.286641,-1.422032,-2.0514650000000003,-0.041906,0.9889549999999999,-0.14216900000000002,0.013191999999999999,-0.105136,0.0059,-0.000132,0.005918,0.005007999999999999
9661,-0.287484,-1.4218110000000002,-2.0504029999999998,-0.042087,0.988922,-0.142343,0.021797999999999998,-0.086004,0.00914,-0.0023769999999999998,0.008423,0.00596
9662,-0.287085,-1.421735,-2.048504,-0.042052,0.9889110000000001,-0.142432,0.022931,-0.06791,0.012329999999999999,-0.000536,0.010921,0.0032409999999999995
9663,-0.286191,-1.421565,-2.046034,-0.041972,0.988886,-0.142631,0.017486,-0.087088,0.017657,-0.0020800000000000003,0.009238,0.003425
9664,-0.285275,-1.4214360000000001,-2.043243,-0.041877,0.988866,-0.142792,0.020672,-0.08923400000000001,0.01875,-0.003472,0.006007,0.004593
9665,-0.284252,-1.421308,-2.040567,-0.041766000000000005,0.9888469999999999,-0.142955,0.02288,-0.07760399999999999,0.018757,-0.000241,0.007033,0.003795
9666,-0.28344400000000003,-1.421274,-2.038079,-0.04166,0.988842,-0.143022,0.019635,-0.083997,0.021947,-0.003399,0.007541,0.0061200000000000004
9667,-0.2828,-1.421094,-2.035757,-0.041618,0.988815,-0.14322000000000001,0.021807,-0.078665,0.01875,-0.007026999999999999,0.007843000000000001,0.0061200000000000004
9668,-0.283614,-1.421039,-2.035123,-0.04175,0.988807,-0.143238,0.02083,-0.065848,0.011249,-0.0031260000000000003,0.007866,0.0026579999999999998
9669,-0.283752,-1.420786,-2.033906,-0.041839,0.98877,-0.14347200000000002,0.016572,-0.069008,0.005882,-0.0022129999999999997,0.006987999999999999,0.00213
9670,-0.283549,-1.420498,-2.032372,-0.04189,0.988726,-0.143755,0.020877,-0.058378,0.008034999999999999,0.0016530000000000002,0.0062840000000000005,0.0008410000000000001
9671,-0.28125100000000003,-1.420074,-2.029318,-0.041676,0.988663,-0.144253,0.017797,-0.026430000000000002,0.013314,0.002369,0.00412,-0.0027199999999999998
9672,-0.279404,-1.419936,-2.0269340000000002,-0.041447000000000005,0.988642,-0.14446099999999998,0.014558000000000001,-0.031758,0.016503,-0.001201,0.009176,-0.0012460000000000001
9673,-0.279611,-1.41923,-2.026059,-0.04167,0.9885360000000001,-0.145123,0.018709,-0.061625,0.015501,-0.011843000000000001,0.0075120000000000004,-0.011066
9674,-0.28176599999999996,-1.418527,-2.026882,-0.042175,0.9884290000000001,-0.1457,0.019825,-0.061586,0.004825,-0.010742,0.008945999999999999,-0.0048579999999999995
9675,-0.281921,-1.418239,-2.026191,-0.042276999999999995,0.9883860000000001,-0.145967,0.016802,-0.026404,0.00048600000000000005,0.005321,0.004504,0.005449
9676,-0.279292,-1.418558,-2.023352,-0.041806,0.988434,-0.14577400000000001,0.011509,-0.006188,0.011106,0.009076,0.006729000000000001,0.011085
9677,-0.276787,-1.418855,-2.020538,-0.041361,0.9884790000000001,-0.145597,0.004987,-0.020065,0.023898,-0.001852,0.011521,0.002729
9678,-0.276036,-1.418491,-2.019345,-0.04135,0.988424,-0.145974,0.011442,-0.011553,0.020725999999999998,-0.017916,0.004755,-0.011818
9679,-0.277129,-1.417729,-2.02062,-0.041714999999999995,0.988308,-0.146653,0.008449,0.027899,0.014243,-0.01488,0.000874,-0.007842
9680,-0.27613899999999997,-1.4178549999999999,-2.020436,-0.041536000000000003,0.9883270000000001,-0.146574,-0.003249,0.047072,0.024818,-0.005765999999999999,0.008484,0.005567
9681,-0.270831,-1.4182379999999999,-2.015888,-0.040656,0.9883860000000001,-0.146428,0.005142,0.036304,0.046254,0.002082,0.00487,-0.001994
9682,-0.261778,-1.4177309999999999,-2.007462,-0.039458999999999994,0.988308,-0.147274,0.014683000000000002,0.042523000000000005,0.06767000000000001,-0.0047,-0.000668,-0.014469
9683,-0.252015,-1.4171209999999999,-1.998892,-0.038169,0.988215,-0.14823599999999998,0.006275,0.079799,0.077177,-0.010796,0.001714,-0.015872999999999998
9684,-0.241394,-1.416758,-1.990029,-0.036677999999999995,0.98816,-0.148982,0.008439,0.10422000000000001,0.095319,-0.013386000000000002,0.0029289999999999997,-0.012944999999999998
9685,-0.22948400000000002,-1.416231,-1.9799779999999998,-0.035019999999999996,0.988079,-0.14991400000000002,0.016890000000000002,0.09668600000000001,0.107135,-0.019988,0.005925,-0.013935
9686,-0.21862199999999998,-1.415478,-1.970423,-0.033551,0.9879620000000001,-0.15101199999999998,0.029531,0.065727,0.11260099999999999,-0.025913,0.002898,-0.014637
9687,-0.212867,-1.413761,-1.965438,-0.03304,0.9876950000000001,-0.152861,0.041179,0.04969,0.11697,-0.036357,-0.000192,-0.016649
9688,-0.200016,-1.413184,-1.95317,-0.031186000000000002,0.987605,-0.153831,0.034697000000000006,0.039029,0.12441300000000001,-0.03374,0.004964,-0.010948999999999999
9689,-0.186426,-1.412963,-1.940205,-0.029133,0.9875700000000001,-0.154455,0.028281,0.050711,0.139296,-0.014385,0.016046,0.000234
9690,-0.166676,-1.412915,-1.921531,-0.026085,0.987563,-0.155047,0.020827000000000002,0.077275,0.16271,-0.0008619999999999999,0.005815,-0.005979
9691,-0.144311,-1.412864,-1.9005,-0.022618,0.987555,-0.155641,0.021856,0.078298,0.17232999999999998,-0.009044,0.004343,-0.007597
9692,-0.12393299999999999,-1.412428,-1.881331,-0.019495,0.9874860000000001,-0.156498,0.023982,0.079343,0.175546,-0.017233000000000002,0.009081,-0.012402
9693,-0.10526300000000001,-1.411577,-1.864234,-0.016658000000000003,0.987351,-0.15767,0.019831,0.109168,0.179748,-0.017384,0.000915,-0.011077
9694,-0.081559,-1.411337,-1.842673,-0.012936000000000001,0.9873129999999999,-0.158256,0.014541,0.12514,0.18609900000000001,-0.017169999999999998,0.001975,-0.011162
9695,-0.058764,-1.410932,-1.821732,-0.009349,0.9872489999999999,-0.15891,0.013332,0.09636900000000001,0.189331,-0.014759999999999999,0.0021,-0.008357
9696,-0.036575,-1.409818,-1.800935,-0.005861,0.9870709999999999,-0.16017699999999999,0.030299,0.08878899999999999,0.20548000000000002,-0.014357,-0.012065000000000001,-0.013102
9697,-0.009006,-1.4088399999999999,-1.7749669999999997,-0.001452,0.986914,-0.161243,0.04095,0.10470499999999999,0.223677,-0.011411,-0.006993999999999999,-0.01405
9698,0.021622,-1.407297,-1.74603,0.0035189999999999996,0.986664,-0.162734,0.050429,0.101378,0.24831599999999998,-0.006403,0.005997,-0.01407
9699,0.053509,-1.405675,-1.7154580000000001,0.008791,0.986398,-0.16413599999999998,0.04712,0.076889,0.248325,0.00279,0.008673,-0.006488
9700,0.083321,-1.404469,-1.686826,0.013779,0.9861989999999999,-0.164987,0.046153,0.083348,0.23228600000000002,-0.002091,0.008719,-0.000525
9701,0.11103299999999999,-1.40323,-1.6607330000000002,0.01848,0.985994,-0.165756,0.048493,0.10898800000000002,0.21197399999999997,-0.002977,0.007308,0.004699
9702,0.13685899999999998,-1.402583,-1.637203,0.022841999999999998,0.985885,-0.165856,0.038042,0.1506,0.204369,-0.000976,0.016068,0.015587
9703,0.164003,-1.401734,-1.613752,0.027471,0.985743,-0.166,0.029908999999999998,0.233746,0.197797,-0.001714,0.018956999999999998,0.024719
9704,0.190576,-1.402175,-1.59207,0.03179,0.985817,-0.164786,-0.001876,0.266949,0.18044000000000002,-0.010031,0.023216,0.034933
9705,0.215626,-1.402043,-1.5720889999999998,0.035935,0.9857950000000001,-0.16406400000000002,-0.043398,0.262927,0.156654,-0.0224,0.025207,0.037919
9706,0.23987600000000003,-1.402483,-1.552714,0.0398,0.9858690000000001,-0.162723,-0.063709,0.255696,0.153291,-0.029408999999999998,0.019411,0.033878
9707,0.25845799999999997,-1.4038899999999999,-1.53863,0.042462,0.9861030000000001,-0.160614,-0.064917,0.231173,0.159719,-0.026195999999999997,0.003536,-0.000305
9708,0.27610100000000004,-1.4037950000000001,-1.524333,0.045314,0.986088,-0.15993,-0.047133,0.154402,0.162075,-0.022441,0.006954000000000001,-0.019757
9709,0.293161,-1.403167,-1.509401,0.048215,0.9859829999999999,-0.159727,-0.029089999999999998,0.10756900000000001,0.136623,-0.021207,0.008768000000000001,-0.031176
9710,0.305172,-1.402342,-1.499025,0.050374,0.9858450000000001,-0.159912,-0.019381,0.088531,0.093985,0.013911000000000001,0.025813,-0.018936
9711,0.315117,-1.4022649999999999,-1.490238,0.051985,0.9858319999999999,-0.159475,-0.017271,0.049246,0.059867,0.049623,0.030539999999999998,0.010061
9712,0.331391,-1.402519,-1.475273,0.05449299999999999,0.985875,-0.158372,-0.039451,0.088782,0.048983,0.059505999999999996,0.027416000000000003,0.01822
9713,0.343192,-1.403464,-1.466841,0.056044000000000004,0.9860329999999999,-0.15684,-0.085761,0.233805,0.052747,0.093751,0.011221,0.022074
9714,0.360661,-1.40493,-1.455818,0.058265,0.986276,-0.15448399999999998,-0.108627,0.381904,0.06628400000000001,0.094689,0.003196,0.018101
9715,0.383377,-1.4066370000000001,-1.441867,0.061128999999999996,0.986556,-0.151559,-0.127467,0.476724,0.07991799999999999,0.077955,-0.005614,0.009622
9716,0.4086,-1.4083379999999999,-1.426809,0.064265,0.986833,-0.148429,-0.12185399999999999,0.5384909999999999,0.07987799999999999,0.056386,-0.004991,0.006995
9717,0.433864,-1.409618,-1.4123370000000002,0.067463,0.9870389999999999,-0.145612,-0.094054,0.551181,0.078988,0.035351,-0.010827,0.003919
9718,0.458103,-1.41032,-1.3988129999999999,0.07066599999999999,0.987151,-0.14331300000000002,-0.07172100000000001,0.540429,0.084499,0.019468,-0.011733,0.001147
9719,0.48205200000000004,-1.410655,-1.385377,0.073925,0.9872049999999999,-0.141287,-0.060052999999999995,0.533963,0.09313400000000001,0.013478,-0.006095000000000001,-0.0040219999999999995
9720,0.506722,-1.410642,-1.370961,0.07739299999999999,0.987203,-0.139431,-0.049562,0.506182,0.104993,0.010254000000000001,-0.002797,-0.001438
9721,0.531655,-1.410315,-1.355068,0.081009,0.98715,-0.137737,-0.032852,0.425167,0.104147,0.001098,0.005419,0.014797
9722,0.550142,-1.4096440000000001,-1.343826,0.083888,0.987043,-0.13678099999999999,-0.008607,0.342063,0.086263,-0.0052899999999999996,0.015887000000000002,0.029573000000000002
9723,0.565937,-1.410086,-1.3345639999999999,0.08580399999999999,0.9871139999999999,-0.135071,-0.017068,0.327307,0.054175,-0.009082999999999999,0.024468,0.033172
9724,0.578375,-1.410279,-1.328442,0.087373,0.987145,-0.13383299999999998,-0.049031,0.310481,0.027268,0.005279,0.032692,0.042020999999999996
9725,0.597172,-1.412016,-1.3158020000000001,0.088908,0.9874209999999999,-0.130749,-0.069195,0.322321,0.014294999999999999,0.014209999999999999,0.030095999999999998,0.039257
9726,0.6110260000000001,-1.413107,-1.309288,0.09009299999999999,0.987593,-0.12862300000000002,-0.079475,0.404401,0.009845,0.013590000000000001,0.018113999999999998,0.022986000000000003
9727,0.6307010000000001,-1.415081,-1.298196,0.09145700000000001,0.987901,-0.125251,-0.099566,0.435403,5.2000000000000004e-05,0.006657,0.012038,0.022818
9728,0.6463800000000001,-1.416806,-1.290964,0.092382,0.988167,-0.12244000000000001,-0.10065199999999999,0.421597,-0.009552,-0.009481,0.010551000000000001,0.015231999999999999
9729,0.658564,-1.419659,-1.287256,0.092142,0.9886,-0.119076,-0.090976,0.434363,-0.013777000000000001,-0.011087,-0.003447,0.006069
9730,0.6722600000000001,-1.421533,-1.281634,0.09261,0.9888809999999999,-0.116353,-0.084816,0.381077,-0.013666,-0.0077859999999999995,-0.001866,0.0075120000000000004
9731,0.686807,-1.423553,-1.273915,0.093026,0.9891790000000001,-0.113449,-0.079742,0.326717,-0.010356,-0.000436,0.0018329999999999998,0.011566
9732,0.7015239999999999,-1.425366,-1.265156,0.093528,0.9894440000000001,-0.110697,-0.064029,0.2776,0.004771,-0.001212,0.008298,0.009470000000000001
9733,0.71404,-1.4261979999999999,-1.257594,0.09436699999999999,0.9895639999999999,-0.108896,-0.049352999999999994,0.233816,0.018817,0.000528,-0.000199,0.01008
9734,0.725885,-1.427125,-1.249839,0.095041,0.9896969999999999,-0.10708499999999999,-0.031478,0.186839,0.029684,-0.008249,0.004856,0.015349000000000002
9735,0.74117,-1.428878,-1.237916,0.09549500000000001,0.9899459999999999,-0.10433900000000002,-0.02096,0.160149,0.035132,-0.005346,0.015333000000000001,0.026016
9736,0.752941,-1.4293209999999998,-1.229215,0.096417,0.990009,-0.10288800000000001,-0.023119999999999998,0.15801300000000001,0.038324000000000004,-0.004849,0.010922,0.027571
9737,0.770328,-1.4300110000000001,-1.215288,0.097715,0.9901059999999999,-0.10070599999999999,-0.027325,0.180368,0.045744,0.003542,0.008673,0.02725
9738,0.794331,-1.4312200000000002,-1.195383,0.09925,0.990275,-0.097493,-0.043176,0.219822,0.049858,0.00454,0.028936,0.024372
9739,0.811873,-1.431545,-1.182672,0.100712,0.9903200000000001,-0.095515,-0.055769000000000006,0.261434,0.044376,0.004116,0.021734,0.015926
9740,0.8295040000000001,-1.431812,-1.170733,0.102185,0.9903569999999999,-0.093546,-0.041694999999999996,0.297643,0.034814,0.003635,0.00978,0.004862
9741,0.842974,-1.43293,-1.162806,0.10260799999999999,0.9905120000000001,-0.091424,-0.034326,0.261457,0.019955,-0.016579,0.006528,0.015588
9742,0.853506,-1.4339899999999999,-1.156742,0.102774,0.990657,-0.089648,-0.051556,0.210448,0.0038759999999999997,-0.019094999999999997,0.008870000000000001,0.017245
9743,0.864359,-1.435645,-1.14955,0.102494,0.9908809999999999,-0.087464,-0.06561,0.164712,-0.001507,-0.01236,0.011347,0.010895
9744,0.877023,-1.43734,-1.139492,0.102302,0.991108,-0.08508500000000001,-0.065828,0.11465299999999999,-0.003582,0.00011499999999999999,0.011456000000000001,0.008362999999999999
9745,0.8857370000000001,-1.438338,-1.132594,0.102274,0.99124,-0.083564,-0.06059,0.082719,-0.014186,0.002081,0.010087,0.0014869999999999998
9746,0.891716,-1.43875,-1.127992,0.102453,0.991295,-0.082694,-0.046772,0.069892,-0.01514,0.011301,0.005043,-0.010812
9747,0.898782,-1.437907,-1.122456,0.10369,0.991183,-0.08248899999999999,-0.031814999999999996,0.082813,-0.012953000000000001,0.027032,-0.008745999999999999,-0.005142
9748,0.90664,-1.437937,-1.116619,0.10431099999999999,0.991187,-0.081653,-0.033843,0.11792799999999999,-0.00126,0.028425,-0.005286,0.000263
9749,0.922624,-1.43753,-1.103591,0.105924,0.991133,-0.080219,-0.045445,0.16159,0.012494,0.033999,-0.005461,-0.000241
9750,0.934588,-1.436926,-1.094799,0.107358,0.9910530000000001,-0.079302,-0.029588999999999997,0.146548,0.030787000000000002,0.032885000000000005,-0.005838,-0.008085
9751,0.942783,-1.4357879999999998,-1.088789,0.10891700000000001,0.9909,-0.079082,-0.002123,0.092097,0.03746,0.020295,0.001547,-0.014348
9752,0.9434309999999999,-1.435322,-1.0896190000000001,0.10934200000000001,0.9908370000000001,-0.079282,0.001026,0.06339199999999999,0.020426,-0.01695,0.003593,0.008206999999999999
9753,0.9459290000000001,-1.435645,-1.0882610000000001,0.10928,0.9908809999999999,-0.078822,-0.004291,0.057061,0.009714,-0.017819,0.006922,0.010951
9754,0.9476479999999999,-1.435768,-1.087328,0.10931600000000001,0.990898,-0.078562,0.027498,0.018562000000000002,0.019597999999999997,-0.005236,0.010567,0.025584
9755,0.954099,-1.435661,-1.081014,0.10990799999999999,0.990883,-0.077917,0.050858999999999994,0.004594,0.029394,0.003114,0.014563999999999999,0.038092
9756,0.948148,-1.434258,-1.087815,0.110571,0.990693,-0.079381,0.102241,0.044886,0.031838,0.006861,0.014129,0.020344
9757,0.939448,-1.432305,-1.09689,0.11143800000000001,0.990425,-0.081481,0.10408699999999999,-0.004183,0.046869,0.008756,0.015831,-0.027313999999999998
9758,0.924407,-1.4300540000000002,-1.1112440000000001,0.111979,0.9901120000000001,-0.08449,0.083637,-0.064751,0.026506000000000002,-0.043131,-0.017975,-0.023389
9759,0.918317,-1.429108,-1.115424,0.11220699999999999,0.989979,-0.08574,0.037667,-0.097567,0.014477,-0.040520999999999995,-0.01659,-0.007232
9760,0.910848,-1.428641,-1.121669,0.111928,0.9899129999999999,-0.086859,0.043217,-0.051771000000000005,0.012319,0.011087999999999999,-0.002196,-0.009058
9761,0.9055040000000001,-1.427571,-1.125723,0.112296,0.9897610000000001,-0.088109,0.061162,-0.076408,0.030636,0.032526,0.019608,-0.008067
9762,0.8996139999999999,-1.426182,-1.1300709999999998,0.112852,0.989561,-0.089625,0.068582,-0.08072,0.037103,0.008364,0.013963,0.002283
9763,0.8954190000000001,-1.425238,-1.132818,0.113203,0.989425,-0.09068,0.037738,-0.060368,0.035792000000000004,-0.018202,0.004227000000000001,0.0032630000000000003
9764,0.8949379999999999,-1.4244729999999999,-1.13284,0.11375,0.9893139999999999,-0.091209,0.019903999999999998,-0.00168,0.027047,-0.014613999999999999,0.005697,-0.004601
9765,0.893199,-1.42391,-1.1347479999999999,0.114025,0.989232,-0.09175599999999999,0.012451,-0.002703,0.022723,0.002353,0.010356,-0.00822
9766,0.893288,-1.423381,-1.134048,0.11444100000000001,0.9891540000000001,-0.092074,0.017579,-0.047466,0.023884,-0.011536,0.011197,-0.013303
9767,0.8874350000000001,-1.423265,-1.138684,0.11399000000000001,0.989137,-0.092814,0.016503,-0.05702,0.016409,-0.032248,0.004821,-0.010381
9768,0.8824350000000001,-1.423274,-1.142729,0.113517,0.989138,-0.093377,0.003797,-0.042036000000000004,0.009889,-0.021169999999999998,-0.000644,-0.009376
9769,0.8790889999999999,-1.423233,-1.144901,0.11323499999999999,0.989132,-0.093783,0.000487,-0.065465,0.010962999999999999,-0.013549,-0.0035520000000000005,-0.008863
9770,0.8760600000000001,-1.423186,-1.146673,0.11298599999999999,0.989125,-0.09415499999999999,-0.006923,-0.054778,0.008759999999999999,-0.001521,0.012828,-0.007774
9771,0.8714799999999999,-1.422924,-1.150126,0.112752,0.989087,-0.094838,-0.014363999999999998,-0.05367,0.0044329999999999994,-0.005254,0.005756,-0.014888
9772,0.868,-1.4231,-1.15236,0.11228800000000001,0.9891129999999999,-0.095117,-0.057017,-0.06093099999999999,-0.007606999999999999,-0.006148,0.004372,-0.019477
9773,0.8721610000000001,-1.424336,-1.146617,0.111747,0.989294,-0.093863,-0.093352,-0.082079,-0.015312000000000001,0.00019099999999999998,0.002054,0.0048579999999999995
9774,0.8952760000000001,-1.427749,-1.122099,0.111251,0.989786,-0.089143,-0.123146,-0.050067,-0.0027429999999999998,-0.00685,0.0040490000000000005,0.064897
9775,0.907631,-1.428757,-1.11005,0.11155799999999999,0.9899290000000001,-0.087148,-0.070482,0.063623,0.025253,0.025359,0.038055,0.044622
9776,0.9190200000000001,-1.427257,-1.100407,0.113724,0.989716,-0.086772,-0.030986,0.087905,0.045798,0.053284000000000005,0.032576999999999995,-0.029301
9777,0.923516,-1.427006,-1.0957299999999999,0.114311,0.9896799999999999,-0.08641,-0.015559,-0.069691,0.016198,-0.040123,-0.009455,-0.059387999999999996
9778,0.923169,-1.4273200000000001,-1.094147,0.114033,0.989725,-0.086262,-0.024003,-0.083373,-0.018027,-0.080738,-0.020883000000000002,-0.040218000000000004
9779,0.924228,-1.428149,-1.0921040000000002,0.113469,0.989843,-0.085647,-0.043005,-0.040686,-0.020350999999999998,0.0005139999999999999,-0.01415,-0.009170999999999999
9780,0.9253620000000001,-1.42855,-1.089385,0.113248,0.9899,-0.085279,-0.010311,-0.099494,0.0055899999999999995,0.044131000000000004,0.014418,0.022947
9781,0.923376,-1.4281030000000001,-1.089659,0.11343199999999999,0.9898370000000001,-0.085771,0.020724,-0.06450299999999999,0.019649,0.032823000000000005,0.030594999999999997,0.023073
9782,0.9227360000000001,-1.42772,-1.089412,0.11367999999999999,0.9897819999999999,-0.086073,0.003779,-0.042052,0.014161000000000002,-0.0017870000000000002,0.008845,-0.013841999999999998
9783,0.9241809999999999,-1.427637,-1.087157,0.11386900000000001,0.98977,-0.085957,-0.020711,-0.031313,0.013975999999999999,-0.009179000000000001,0.000357,-0.021449
9784,0.930746,-1.4278819999999999,-1.080582,0.11423699999999999,0.9898049999999999,-0.085063,-0.057855,0.020981,0.022195,0.0065060000000000005,-0.005232,-0.011845999999999999
9785,0.940823,-1.428307,-1.070907,0.114748,0.989866,-0.08366,-0.06853300000000001,0.02101,0.024257,0.0029879999999999998,0.014758000000000002,0.008984
9786,0.9485309999999999,-1.429511,-1.0632700000000002,0.11442100000000001,0.990036,-0.082078,-0.047236,-0.00031800000000000003,0.011612,-0.025858999999999997,0.010834,0.004579
9787,0.951651,-1.429822,-1.059908,0.114426,0.99008,-0.08154199999999999,-0.018453999999999998,-0.02166,-0.004183,-0.024048,0.004824,-0.006837
9788,0.947343,-1.430072,-1.063083,0.113873,0.990115,-0.08189,-0.007995,-0.07069099999999999,-0.006184,-0.009976,0.002546,-0.013645
9789,0.9465959999999999,-1.43015,-1.062254,0.113749,0.9901260000000001,-0.08192999999999999,-0.008062,-0.074995,0.004503,0.007726,0.000643,-0.007624
9790,0.948101,-1.429764,-1.059723,0.11418199999999999,0.9900709999999999,-0.081981,-0.010066,-0.032432,0.018322,0.008025,0.005519,-0.004902
9791,0.950541,-1.429186,-1.057026,0.114848,0.9899899999999999,-0.082035,-0.00996,-0.003691,0.023628,0.0008289999999999999,0.01268,0.00124
9792,0.9530420000000001,-1.42908,-1.054217,0.115138,0.989975,-0.081808,-0.00576,-0.022864,0.019409,-0.00294,0.014831,0.002646
9793,0.9537979999999999,-1.429055,-1.0527870000000001,0.11522,0.989972,-0.081736,-0.0047079999999999995,-0.037734,0.007684000000000001,-0.0018629999999999999,0.015247,0.0008640000000000001
9794,0.9570770000000001,-1.429345,-1.048635,0.115253,0.9900120000000001,-0.081192,-0.018583000000000002,-0.046176999999999996,0.000121,0.005307,0.009789,0.011536
9795,0.962569,-1.429851,-1.042346,0.11528699999999999,0.990084,-0.080272,-0.03985,-0.031185,-0.001115,0.005685,0.012251,0.011913
9796,0.9701879999999999,-1.4305,-1.0346549999999999,0.11536400000000001,0.990175,-0.079028,-0.049232,0.018912,-0.000176,0.004753,0.011214,0.00365
9797,0.975391,-1.430593,-1.030378,0.11569700000000001,0.990188,-0.078375,-0.042663,0.062753,-0.000234,0.003261,0.00731,-0.011956999999999999
9798,0.979276,-1.430812,-1.027716,0.11582200000000001,0.990218,-0.077804,-0.033055,0.062724,-0.001235,0.002251,0.006547,-0.009644
9799,0.98215,-1.431099,-1.025909,0.115807,0.990258,-0.07731299999999999,-0.035231,0.049961,-0.004438,-0.000542,0.005057,-0.00571
9800,0.984215,-1.431569,-1.0245360000000001,0.115579,0.990324,-0.076816,-0.032097,0.029731,-0.009732,-0.000848,0.0034049999999999996,-0.005078
9801,0.9864629999999999,-1.432074,-1.02265,0.115335,0.9903930000000001,-0.07628,-0.02682,0.012685,-0.013946,-0.00032900000000000003,0.005181,0.000596
9802,0.9897379999999999,-1.4326649999999999,-1.019558,0.115094,0.990475,-0.07558,-0.025754000000000003,0.011621,-0.015006,0.002398,0.004413,0.004275999999999999
9803,0.992597,-1.433138,-1.017094,0.114918,0.99054,-0.074995,-0.021429,0.02545,-0.013925,0.0032310000000000004,0.004913,-0.0002
9804,0.9949899999999999,-1.4333559999999999,-1.015392,0.114916,0.9905700000000001,-0.074602,-0.013927000000000002,0.040308,-0.006412999999999999,0.009931,0.001175,-0.000166
9805,0.9985360000000001,-1.433283,-1.0126760000000001,0.11524000000000001,0.99056,-0.07423400000000001,-0.007559999999999999,0.038133999999999994,-0.001024,0.006265,0.0068,0.002731
9806,1.004642,-1.433427,-1.007454,0.11557200000000001,0.9905799999999999,-0.073452,-0.016048,0.047756,-0.002163,0.0060409999999999995,0.00614,0.010495
9807,1.0086469999999998,-1.4335959999999999,-1.004679,0.115723,0.990603,-0.0729,-0.015933000000000003,0.07013899999999999,-0.0053950000000000005,0.008743,0.004438,0.00032900000000000003
9808,1.013399,-1.4334049999999998,-1.001328,0.116229,0.990577,-0.072449,-0.00847,0.06586499999999999,-0.00854,0.011228,0.004739,0.001358
9809,1.017614,-1.4335950000000002,-0.99823,0.116373,0.990603,-0.07186000000000001,-0.006371,0.053096000000000004,-0.013849,0.007849,0.011335,0.00704
9810,1.019682,-1.433868,-0.9975129999999999,0.116291,0.99064,-0.071477,-0.006252000000000001,0.074423,-0.019216,0.008297,0.0036079999999999997,0.005666
9811,1.024276,-1.434145,-0.994409,0.11638399999999999,0.9906780000000001,-0.070799,-0.004143,0.06909,-0.019193,0.008525,0.006591,0.009779000000000001
9812,1.02901,-1.434152,-0.9912110000000001,0.11671199999999998,0.9906790000000001,-0.070244,0.001209,0.08076,-0.011691,0.012042,-0.0010550000000000002,0.006279
9813,1.031536,-1.434048,-0.9905200000000001,0.116977,0.990664,-0.070002,0.004414,0.091363,-0.0020670000000000003,0.009167,-0.000552,0.002039
9814,1.034957,-1.4337030000000002,-0.988849,0.11750999999999999,0.990617,-0.069776,0.007552,0.08493099999999999,0.005442,0.005629,0.0009140000000000001,0.0017980000000000001
9815,1.033642,-1.43364,-0.991701,0.117471,0.990609,-0.069962,0.016053,0.076383,0.004443,-0.007333,0.009361,-0.004501
9816,1.0317120000000002,-1.4339959999999998,-0.9950479999999999,0.117033,0.990657,-0.070008,0.023500999999999998,0.064669,-0.00297,-0.005888,0.012776000000000001,0.007142
9817,1.029657,-1.434021,-0.998137,0.116868,0.990661,-0.070235,0.028763,0.041244,-0.010381,-0.002793,0.0103,0.008239
9818,1.0287709999999999,-1.434339,-0.9998799999999999,0.11653599999999999,0.9907040000000001,-0.070176,0.020242,0.042532,-0.017974,-0.001393,0.009021,0.009568
9819,1.02922,-1.434676,-1.0005760000000001,0.116281,0.99075,-0.069952,0.018184,0.060645000000000004,-0.016943,0.001456,0.010593,0.009526999999999999
9820,1.029347,-1.434823,-1.001792,0.116166,0.99077,-0.069862,0.020312,0.06275599999999999,-0.013725999999999999,0.003997,0.009687999999999999,0.006111
9821,1.029443,-1.435174,-1.002841,0.115874,0.9908170000000001,-0.069672,0.016009,0.050009,-0.019081,-0.000884,0.014523,0.008484
9822,1.02935,-1.435741,-1.003938,0.11538599999999999,0.990894,-0.069393,0.011754,0.046854,-0.025516,-0.0017079999999999999,0.012738,0.008815
9823,1.02922,-1.436509,-1.005031,0.114725,0.9909969999999999,-0.06901499999999999,0.004309,0.04478,-0.033044,-0.001306,0.013000999999999999,0.008575
9824,1.0281360000000002,-1.4373639999999999,-1.006991,0.113924,0.9911110000000001,-0.068702,0.001126,0.040563999999999996,-0.041607,-0.0012230000000000001,0.014001,0.004631000000000001
9825,1.024874,-1.438295,-1.0110620000000001,0.11291099999999998,0.9912350000000001,-0.068594,-0.000983,0.036404,-0.049144,-0.000545,0.007484,-0.0015810000000000002
9826,1.020568,-1.4390530000000001,-1.015981,0.111974,0.991334,-0.068687,4.6e-05,0.025757,-0.05126,0.0025280000000000003,0.006377000000000001,-0.0056689999999999996
9827,1.016471,-1.4398959999999998,-1.0207030000000001,0.110982,0.991445,-0.06870599999999999,0.001176,0.035357,-0.055537,0.003795,0.005168,-0.0046429999999999996
9828,1.0103389999999999,-1.440191,-1.027944,0.11030999999999999,0.991483,-0.069229,0.016204,0.061911,-0.049055,0.009441,-0.000608,-0.012253
9829,1.004709,-1.440134,-1.03505,0.10996600000000001,0.991476,-0.069879,0.023693000000000002,0.07251200000000001,-0.042606,0.010806999999999999,-0.001333,-0.007970999999999999
9830,0.999657,-1.440144,-1.041505,0.10960299999999999,0.991477,-0.07042899999999999,0.027894,0.066072,-0.034020999999999996,0.004304,-0.0017920000000000002,-0.003699
9831,0.993451,-1.440292,-1.049088,0.10904200000000001,0.9914959999999999,-0.071028,0.036391,0.067069,-0.02435,-0.0036490000000000003,0.003102,-0.000383
9832,0.9869559999999999,-1.4402709999999999,-1.056864,0.10859500000000001,0.9914940000000001,-0.071746,0.043787,0.056369,-0.018944,-0.006254,0.004707,-0.001725
9833,0.9795219999999999,-1.4403059999999999,-1.06525,0.10803,0.991498,-0.072532,0.049083,0.038293,-0.019984000000000002,-0.005384000000000001,0.008944,0.002494
9834,0.9729030000000001,-1.440597,-1.0723989999999999,0.10730899999999999,0.9915360000000001,-0.07308300000000001,0.044699,0.01168,-0.02105,-0.006265,0.012706,0.0057
9835,0.965707,-1.440703,-1.079456,0.10669300000000001,0.99155,-0.073793,0.042460000000000005,-0.020236,-0.029570999999999997,-0.002583,0.016202,0.00673
9836,0.956866,-1.441068,-1.087885,0.105742,0.991597,-0.074525,0.049956,-0.023419,-0.039129000000000004,0.003175,0.014856999999999999,0.006196
9837,0.94735,-1.4412909999999999,-1.097244,0.104848,0.991626,-0.07539900000000001,0.051156,-0.003144,-0.048761,0.0032450000000000005,0.015057,0.007359999999999999
9838,0.9388280000000001,-1.441648,-1.105812,0.10391600000000001,0.9916719999999999,-0.07608,0.050082999999999996,-0.0042060000000000005,-0.048767000000000005,0.004834000000000001,0.010296,0.015701
9839,0.9338559999999999,-1.441928,-1.111429,0.10331300000000002,0.991708,-0.076431,0.050316,0.051176,-0.045630000000000004,0.014241,0.0018989999999999999,0.004898
9840,0.928367,-1.441797,-1.118933,0.102996,0.991691,-0.077075,0.035668,0.118327,-0.042612,0.019776,0.003121,-0.000608
9841,0.925629,-1.441643,-1.124235,0.102906,0.9916709999999999,-0.077448,0.027188999999999998,0.120484,-0.038481,0.020507,-0.0037719999999999997,-0.003607
9842,0.919508,-1.4410319999999999,-1.132406,0.10291199999999999,0.991592,-0.078444,0.042997,0.088423,-0.026576999999999996,-0.001731,0.000275,-0.014191999999999998
9843,0.9077,-1.440732,-1.145882,0.102214,0.991554,-0.079837,0.057863,0.079819,-0.018986000000000003,-0.012339,-0.002494,-0.011090000000000001
9844,0.8974479999999999,-1.44029,-1.157483,0.101732,0.9914959999999999,-0.08115399999999999,0.06625,0.049949,-0.015685,-0.011126,6.6e-05,-0.007194
9845,0.883966,-1.440021,-1.1711209999999999,0.10083500000000001,0.991461,-0.082687,0.073402,-0.022507,-0.017681,-0.011815,0.013132,-0.002472
9846,0.866884,-1.4394770000000001,-1.187406,0.099819,0.99139,-0.084746,0.079766,-0.041661000000000004,-0.028295999999999998,-0.00851,0.008961,-0.012986000000000001
9847,0.8511270000000001,-1.438917,-1.202408,0.09888999999999999,0.991316,-0.086675,0.07549,-0.050143,-0.034725,-0.008634000000000001,0.00609,-0.015757
9848,0.835628,-1.438436,-1.216632,0.097888,0.991253,-0.088517,0.088173,-0.07787999999999999,-0.03567,-0.003146,0.002247,0.007386
9849,0.820953,-1.437878,-1.230172,0.096983,0.991179,-0.09032000000000001,0.090498,-0.044925,-0.02936,-0.0066359999999999995,0.002641,0.009113
9850,0.809002,-1.437433,-1.241916,0.096215,0.9911200000000001,-0.091777,0.07042899999999999,0.0009480000000000001,-0.028491000000000002,-0.006067,0.0032189999999999996,0.007884
9851,0.806014,-1.437619,-1.245225,0.095808,0.991145,-0.091937,0.061924,0.008435,-0.028558999999999998,0.005129,0.010259,0.016544
9852,0.798361,-1.437418,-1.253175,0.09524400000000001,0.991118,-0.092806,0.059817999999999996,0.012712000000000001,-0.030716000000000004,0.000184,0.009751000000000001,0.007769
9853,0.786848,-1.437378,-1.2650540000000001,0.094198,0.9911129999999999,-0.093925,0.059827,0.012721,-0.032854,-0.011082999999999999,0.0068579999999999995,-0.0017170000000000002
9854,0.7711859999999999,-1.437198,-1.2807520000000001,0.09283999999999999,0.9910889999999999,-0.09551699999999999,0.065077,-0.008595,-0.034929,-0.016454,0.002777,-0.010806999999999999
9855,0.755189,-1.4369530000000001,-1.2959969999999998,0.09146599999999999,0.9910559999999999,-0.097166,0.070186,-0.066108,-0.042298,-0.022588,0.00255,-0.010103000000000001
9856,0.7350270000000001,-1.43702,-1.313984,0.08944400000000001,0.991065,-0.098941,0.080577,-0.136419,-0.050685,-0.017499,0.005044,0.002979
9857,0.715963,-1.436627,-1.330345,0.087797,0.9910129999999999,-0.100922,0.094542,-0.130171,-0.048523000000000004,-0.003172,0.007049,0.0008699999999999999
9858,0.700289,-1.4358600000000001,-1.344148,0.08669400000000001,0.9909100000000001,-0.10286700000000001,0.085108,-0.086488,-0.042236,0.003043,0.008144,-0.00399
9859,0.692191,-1.434272,-1.3506770000000001,0.086863,0.9906950000000001,-0.104777,0.086113,-0.086546,-0.028339,0.024053,0.006864,-0.00031
9860,0.68374,-1.4328020000000001,-1.3575190000000001,0.086894,0.9904940000000001,-0.106636,0.08609800000000001,-0.083376,-0.021931,0.01096,0.0043490000000000004,-0.00011399999999999999
9861,0.670983,-1.4319709999999999,-1.368749,0.086039,0.9903790000000001,-0.10838099999999999,0.07014400000000001,-0.080094,-0.029525,-0.006052,0.00988,-0.004214
9862,0.657492,-1.431371,-1.3806829999999999,0.08493200000000001,0.990296,-0.110002,0.074473,-0.07581,-0.039115,-0.004488000000000001,0.011595999999999999,-0.003127
9863,0.6431479999999999,-1.430642,-1.393601,0.08377799999999999,0.990194,-0.111786,0.081942,-0.077958,-0.041197000000000004,-0.0008619999999999999,0.006021,-0.0010220000000000001
9864,0.630596,-1.4297229999999999,-1.405053,0.08290499999999999,0.990066,-0.11356400000000001,0.088477,-0.039665,-0.032655,0.0027429999999999998,0.005998,0.003029
9865,0.6207699999999999,-1.4277,-1.415196,0.08295,0.9897790000000001,-0.116002,0.077003,0.039120999999999996,-0.011470000000000001,0.007886,-0.008288,-0.01884
9866,0.615441,-1.4264649999999999,-1.421489,0.083037,0.9896020000000001,-0.117441,0.061975999999999996,0.040152999999999994,0.009788,-0.0030039999999999997,-0.004464,-0.007788
9867,0.610058,-1.4252340000000001,-1.427326,0.083101,0.989424,-0.11888399999999999,0.06716799999999999,0.012421,0.014131999999999999,-0.010942,-0.002288,-0.006314
9868,0.5983890000000001,-1.4238680000000001,-1.438766,0.082469,0.989225,-0.12096300000000001,0.07236000000000001,-0.028044,0.005672,-0.030406,-0.0009289999999999999,-0.022806
9869,0.574364,-1.42278,-1.461438,0.080124,0.989066,-0.12381199999999999,0.078611,-0.084437,-0.016651,-0.033387,0.013315,-0.019864
9870,0.5579649999999999,-1.421878,-1.4753450000000001,0.078555,0.9889319999999999,-0.125866,0.085874,-0.149368,-0.035747,-0.025302,0.011053,-0.007404000000000001
9871,0.5417770000000001,-1.421129,-1.4880120000000001,0.07689,0.988821,-0.12775599999999998,0.076042,-0.200467,-0.035752,-0.017243,0.008020999999999999,-0.000723
9872,0.527262,-1.42018,-1.49844,0.075499,0.9886790000000001,-0.129669,0.072751,-0.20796399999999998,-0.022947,-0.004821,0.002227,-0.006987999999999999
9873,0.5139560000000001,-1.418644,-1.507609,0.074514,0.988447,-0.131985,0.066275,-0.205887,-0.003768,-0.003988,0.002169,-0.012211
9874,0.50516,-1.417311,-1.512594,0.073988,0.988244,-0.13378800000000002,0.064204,-0.181421,0.006868000000000001,-0.003141,0.0037600000000000003,-0.007936
9875,0.495985,-1.416025,-1.518484,0.073361,0.9880469999999999,-0.135578,0.051537,-0.158976,-0.000727,-0.0038729999999999997,0.003179,-0.00822
9876,0.487043,-1.4148889999999998,-1.524027,0.072672,0.9878709999999999,-0.137221,0.052514,-0.18346400000000002,-0.004961999999999999,-0.0027559999999999998,0.0058579999999999995,-0.009767
9877,0.47648599999999997,-1.413849,-1.530473,0.07169,0.9877090000000001,-0.13889300000000002,0.057677,-0.223954,-0.007012000000000001,-0.012471,0.0020829999999999998,-0.009758
9878,0.45705200000000007,-1.4132360000000002,-1.54467,0.069245,0.987613,-0.14080399999999998,0.060672000000000004,-0.279321,-0.016538,-0.029481,0.005063000000000001,-0.008778
9879,0.43773999999999996,-1.4123729999999999,-1.558041,0.066874,0.987477,-0.14288599999999999,0.059501,-0.29851,-0.012253,-0.0236,0.008327,-0.009717
9880,0.425908,-1.4115149999999999,-1.564143,0.06552899999999999,0.987342,-0.14444,0.053187,-0.274008,-0.006987999999999999,0.004738,0.022958000000000003,-0.0035399999999999997
9881,0.42337299999999994,-1.4104219999999998,-1.5613540000000001,0.065606,0.987167,-0.145589,0.044623,-0.277186,-0.0038369999999999997,0.026527,0.018326,0.0028280000000000002
9882,0.41747,-1.409615,-1.561434,0.065068,0.987038,-0.146702,0.029591000000000003,-0.302683,-0.00818,0.019618,0.009361,-0.0024219999999999997
9883,0.408442,-1.408823,-1.564517,0.064052,0.9869110000000001,-0.148001,0.019038,-0.29299400000000003,-0.024288999999999998,0.0028120000000000003,0.00604,-0.014643000000000002
9884,0.396429,-1.4080700000000002,-1.570994,0.062556,0.9867889999999999,-0.149445,0.021337000000000002,-0.269514,-0.037122,0.002675,0.0074730000000000005,-0.014785
9885,0.387524,-1.407746,-1.57477,0.061344,0.9867370000000001,-0.150292,0.022486000000000003,-0.25353000000000003,-0.039269,0.016368999999999998,0.016819,-0.005332
9886,0.385063,-1.407274,-1.572807,0.061149,0.98666,-0.150874,0.017275,-0.21732600000000002,-0.030802999999999997,0.027657,0.008320000000000001,0.00042199999999999996
9887,0.384075,-1.4069450000000001,-1.569757,0.061121,0.986606,-0.15123499999999998,0.011912,-0.207783,-0.014825999999999999,0.019705,0.001263,0.003118
9888,0.378346,-1.407151,-1.5711389999999998,0.060178999999999996,0.98664,-0.151394,0.006476000000000001,-0.226952,-0.011635,-0.008741,0.013665,0.005032
9889,0.369637,-1.40739,-1.57534,0.058773,0.9866790000000001,-0.151693,0.009738,-0.22372399999999998,-0.0223,-0.015712,0.011337999999999999,0.005651
9890,0.35589499999999996,-1.4079700000000002,-1.5848950000000002,0.056483000000000005,0.986773,-0.15195,0.0077670000000000005,-0.197048,-0.031965,-0.02418,0.014799000000000001,0.002688
9891,0.341777,-1.409017,-1.595067,0.053986,0.986942,-0.151758,-0.002888,-0.20336400000000002,-0.041649,-0.024949000000000002,0.026074,0.011576000000000001
9892,0.33086,-1.410032,-1.601605,0.052001,0.9871049999999999,-0.15139,-0.0072959999999999995,-0.228937,-0.036308,-0.028349,0.028291000000000004,0.018608
9893,0.323285,-1.41041,-1.604899,0.050733999999999994,0.987166,-0.151427,-0.011506,-0.20659,-0.026751999999999998,-0.0287,0.012529,0.008757
9894,0.314112,-1.4112209999999998,-1.610069,0.049095,0.987295,-0.151124,-0.021123,-0.20338599999999998,-0.020416,-0.023048,0.000437,0.011017
9895,0.307689,-1.411725,-1.6116030000000001,0.047973,0.987375,-0.15096199999999999,-0.018243000000000002,-0.27476999999999996,-0.020305,-0.019363,-0.000101,0.010444
9896,0.29376199999999997,-1.412657,-1.619312,0.045599,0.9875219999999999,-0.15073499999999998,-0.006686,-0.31847,-0.024444999999999998,-0.021719,-0.0023989999999999997,0.006706999999999999
9897,0.279388,-1.412896,-1.6274030000000002,0.043363,0.98756,-0.151148,0.004012,-0.31636,-0.028648000000000003,-0.002454,-0.002834,-0.0040950000000000005
9898,0.270502,-1.412662,-1.629802,0.04208,0.9875229999999999,-0.15175,0.011361,-0.330285,-0.01576,0.006458,-0.0061990000000000005,-0.006178
9899,0.263936,-1.41225,-1.6297840000000001,0.041188999999999996,0.987458,-0.152416,0.010325,-0.333729,-0.001945,0.016459,-0.002625,-0.00594
9900,0.261544,-1.4108610000000001,-1.625664,0.041179,0.987238,-0.153838,0.017814,-0.314639,0.013041,0.010381,0.0026609999999999997,-0.019074
9901,0.257943,-1.410034,-1.623417,0.040833,0.9871059999999999,-0.154775,0.013721,-0.27203099999999997,0.017231,0.010787999999999999,0.00055,-0.017695
9902,0.25447800000000004,-1.409076,-1.621842,0.040534,0.986952,-0.155831,0.007437,-0.246442,0.017155,0.001641,0.014086000000000001,-0.018012
9903,0.247022,-1.408577,-1.6245969999999998,0.039492,0.9868709999999999,-0.156606,0.010826,-0.212335,0.009656,-0.012010999999999999,0.009863,-0.004649
9904,0.24155500000000002,-1.408531,-1.626431,0.038646,0.986864,-0.156864,0.001493,-0.162195,-8.9e-05,-0.015575,0.009047,-0.0033079999999999997
9905,0.235144,-1.408592,-1.629866,0.037625,0.986874,-0.15705,0.00047400000000000003,-0.143051,0.008423,-0.015576,0.00536,-0.005548
9906,0.22603,-1.40842,-1.635859,0.03623,0.9868459999999999,-0.157552,-0.002768,-0.156872,0.004142,-0.026418999999999998,0.0038619999999999995,-0.009364
9907,0.213419,-1.408993,-1.6452220000000002,0.034121,0.9869379999999999,-0.157444,-0.0016239999999999998,-0.155748,-0.01188,-0.034274,0.017105000000000002,0.0032229999999999997
9908,0.204456,-1.409391,-1.6509060000000002,0.032629000000000005,0.987002,-0.157358,-0.004839,-0.16742,-0.020436000000000003,-0.026663,0.014737,0.003824
9909,0.19244,-1.410182,-1.6592060000000002,0.030586000000000002,0.987129,-0.156972,-0.00707,-0.187658,-0.019361,-0.023155000000000002,0.01577,0.005224
9910,0.18399000000000001,-1.410649,-1.663646,0.029175,0.9872040000000001,-0.156772,-0.009276000000000001,-0.204691,-0.020424,-0.015548,0.012048999999999999,0.009204
9911,0.17516600000000002,-1.411683,-1.668618,0.027612,0.987368,-0.15601800000000002,-0.018764,-0.181213,-0.022659000000000002,-0.009988,0.010969,0.012052
9912,0.169425,-1.412175,-1.6711599999999998,0.026633999999999998,0.9874459999999999,-0.155695,-0.019716,-0.15776500000000002,-0.024832,-0.0028,0.008068,0.005411
9913,0.16562000000000002,-1.412508,-1.671704,0.025987,0.987499,-0.155471,-0.017672999999999998,-0.171646,-0.01839,0.005217,0.003239,-0.0008089999999999999
9914,0.15934500000000001,-1.4131850000000001,-1.674325,0.024905,0.987605,-0.154971,-0.02309,-0.188676,-0.017338,-0.006396,0.018468000000000002,0.0010710000000000001
9915,0.152702,-1.41384,-1.677138,0.023777,0.987708,-0.154494,-0.025233000000000002,-0.197165,-0.023752000000000002,-0.004642,0.021432,-7.7e-05
9916,0.146332,-1.414631,-1.6796849999999999,0.022678,0.9878309999999999,-0.153869,-0.027333999999999997,-0.191823,-0.025910000000000002,0.00137,0.009819,0.002838
9917,0.14185899999999999,-1.41544,-1.6805720000000002,0.021876,0.987957,-0.153177,-0.027195999999999998,-0.164113,-0.029148,0.008626,0.012593,0.002878
9918,0.138431,-1.416302,-1.681414,0.021234,0.988089,-0.152408,-0.037649,-0.116138,-0.029282,0.014929,0.006051,0.006122
9919,0.137601,-1.41773,-1.680375,0.020914,0.988308,-0.151028,-0.048191000000000005,-0.09158200000000001,-0.033658,0.011481,0.009617,0.010967
9920,0.13435,-1.418903,-1.68202,0.020267,0.9884860000000001,-0.149946,-0.050243,-0.079831,-0.040096,0.007015,0.016869,-0.0038159999999999995
9921,0.127083,-1.4198870000000001,-1.687813,0.019053999999999998,0.988635,-0.149125,-0.04698,-0.07236000000000001,-0.046492,-0.005657,0.00987,-0.0037070000000000002
9922,0.118236,-1.421223,-1.6956380000000002,0.017578,0.988835,-0.147976,-0.045727,-0.038245,-0.05400599999999999,-0.005676,0.003978,0.006481999999999999
9923,0.11127000000000001,-1.422851,-1.7022259999999998,0.016368,0.9890760000000001,-0.14649500000000001,-0.049924,-0.022251,-0.05405599999999999,0.002568,0.010604,0.011058
9924,0.106895,-1.4239959999999998,-1.7057380000000002,0.015606,0.989244,-0.145439,-0.040576999999999995,-0.066012,-0.041115,0.012806,0.005202,0.0076370000000000006
9925,0.10230399999999999,-1.425214,-1.7087919999999999,0.014815,0.9894219999999999,-0.14431,-0.047075,-0.08199,-0.035798,-0.000121,0.006504,0.004555
9926,0.093948,-1.4266379999999999,-1.7155209999999999,0.013477000000000001,0.989627,-0.143026,-0.048152999999999994,-0.08305499999999999,-0.034737,-0.01102,0.012584999999999999,0.005987
9927,0.086528,-1.42774,-1.7212919999999998,0.012320999999999999,0.989785,-0.142035,-0.041743,-0.085191,-0.038963,-0.007652,0.010398000000000001,0.005759
9928,0.078707,-1.42908,-1.727498,0.011105,0.989975,-0.14080499999999999,-0.038491000000000004,-0.084094,-0.049625,0.000598,0.002487,0.008908
9929,0.07268,-1.4300680000000001,-1.732016,0.010186,0.9901139999999999,-0.13989400000000002,-0.035262,-0.076653,-0.048543,0.007347,0.010084000000000001,0.0029620000000000002
9930,0.066024,-1.431111,-1.7374310000000002,0.009186,0.99026,-0.138928,-0.041607,-0.053237,-0.037935,0.001602,0.016546,0.005673
9931,0.06249299999999999,-1.4323350000000001,-1.740493,0.008620000000000001,0.9904299999999999,-0.137749,-0.048893,-0.013791999999999999,-0.039104,0.008501,0.0027649999999999997,0.003442
9932,0.063059,-1.433459,-1.7396759999999998,0.008627,0.990584,-0.136634,-0.044689,-0.024472,-0.035852999999999996,0.022713999999999998,0.00316,0.002357
9933,0.065438,-1.4342059999999999,-1.736688,0.008904,0.9906860000000001,-0.135874,-0.040532,-0.037316,-0.024054,0.00605,0.000281,-0.0033619999999999995
9934,0.062161,-1.4350530000000001,-1.7392470000000002,0.008407,0.990801,-0.13506500000000002,-0.038403,-0.03945,-0.025103999999999998,0.003282,-0.001253,0.001108
9935,0.057232000000000005,-1.435992,-1.7433470000000002,0.0076879999999999995,0.990928,-0.134177,-0.026659,-0.043726,-0.031426,0.000644,0.005181,0.0060490000000000006
9936,0.054001,-1.4366709999999998,-1.745781,0.0072180000000000005,0.9910190000000001,-0.133528,-0.019187,-0.043748,-0.032441000000000005,0.0075379999999999996,0.001184,0.002593
9937,0.051370000000000006,-1.43709,-1.7476,0.006845,0.991075,-0.133132,-0.0128,-0.0406,-0.02599,0.015219,0.001189,0.004072999999999999
9938,0.055625,-1.4372610000000001,-1.74285,0.007402,0.9910969999999999,-0.132932,-0.012781,-0.019362,-0.008923,0.022917,-0.00274,-0.003237
9939,0.061505,-1.437586,-1.736837,0.008164,0.9911409999999999,-0.13256500000000002,-0.019173,-0.009781999999999999,-0.0014990000000000001,0.019104,0.005686,0.001279
9940,0.064958,-1.437641,-1.733106,0.008618,0.9911479999999999,-0.132482,-0.006389,-0.017269999999999997,-0.004603,0.011844,0.007906,-0.006281
9941,0.065683,-1.437674,-1.7320099999999998,0.008712000000000001,0.991152,-0.132443,-0.007422,-0.019358,-0.014219999999999998,0.009294,0.010084000000000001,-0.002307
9942,0.065213,-1.4378959999999998,-1.732304,0.008634999999999999,0.991182,-0.13222899999999999,-0.009461,-0.003351,-0.019594999999999998,0.009553,0.008956,-0.00011100000000000001
9943,0.068997,-1.438166,-1.728877,0.009117,0.991217,-0.131927,-0.011489,0.025398,-0.014302,0.021904,0.000909,2.9999999999999997e-05
9944,0.07256900000000001,-1.43845,-1.726161,0.009568,0.9912549999999999,-0.131613,-0.014641999999999999,0.04455,-0.005801,0.027542,0.000399,0.0013189999999999999
9945,0.080059,-1.439039,-1.719325,0.010506999999999999,0.991333,-0.130956,-0.015835,0.016858,-0.00577,0.005576,0.012206999999999999,0.006123
9946,0.077447,-1.439551,-1.7220669999999998,0.010125,0.9914,-0.130477,-0.023298,0.006278,-0.01756,-0.006951000000000001,0.013529,0.002242
9947,0.068338,-1.4403700000000002,-1.731423,0.008881,0.9915069999999999,-0.129753,-0.025308,0.019129,-0.032548,-0.020127000000000003,0.013575,0.003074
9948,0.05656,-1.4412200000000002,-1.743725,0.007304000000000001,0.991617,-0.12900799999999998,-0.023065000000000002,0.028768000000000002,-0.047503,-0.008281,0.008627,0.0042060000000000005
9949,0.048644,-1.4417870000000002,-1.75216,0.006256,0.99169,-0.1285,-0.027327999999999998,0.018177000000000002,-0.059269,-0.007232,0.008554,0.003698
9950,0.040052,-1.4425139999999999,-1.761195,0.005123,0.991783,-0.127828,-0.027191000000000003,0.02331,-0.061485000000000005,0.002934,0.0062640000000000005,0.0008900000000000001
9951,0.034746,-1.442639,-1.76728,0.0044399999999999995,0.991799,-0.12772999999999998,-0.024988999999999997,0.039277,-0.06042,0.011689,0.007469,-0.008912999999999999
9952,0.029291,-1.4429530000000002,-1.773759,0.0037340000000000003,0.9918389999999999,-0.12744,-0.020697,0.050955,-0.053995,0.014683000000000002,0.00842,-0.010606
9953,0.032064999999999996,-1.442855,-1.77225,0.00409,0.991827,-0.127527,-0.019628,0.060501,-0.044381,0.021697,-0.00202,-0.003547
9954,0.030737,-1.443217,-1.774819,0.00391,0.991873,-0.127174,-0.018629,0.05301,-0.036885,0.022442,0.000132,-0.0006799999999999999
9955,0.034433,-1.443311,-1.7721959999999999,0.004377000000000001,0.991885,-0.127065,-0.008017,0.049739,-0.02719,0.022813999999999997,0.0032170000000000002,-0.004252000000000001
9956,0.036172,-1.443461,-1.7717029999999998,0.004593,0.9919040000000001,-0.126908,-0.012236,0.06359,-0.024030000000000003,0.011704,0.008508,-0.001632
9957,0.037823,-1.443626,-1.7714830000000001,0.004796,0.991925,-0.12673800000000002,-0.009012000000000001,0.076333,-0.016544999999999997,0.01028,0.011188,-0.001558
9958,0.040622000000000005,-1.443499,-1.770741,0.005156,0.991909,-0.126849,-0.005657,0.116776,-0.010163,0.007157999999999999,0.004078,-0.007581
9959,0.044430000000000004,-1.443462,-1.769584,0.00564,0.9919040000000001,-0.126865,-0.00878,0.13171,-0.012339,0.011082999999999999,0.001169,-0.00317
9960,0.04898,-1.443893,-1.7672900000000002,0.006197,0.991959,-0.126411,-0.001477,0.096526,-0.011173,0.005629,0.003906,0.0045850000000000005
9961,0.049185,-1.443904,-1.7689270000000001,0.006222,0.9919600000000001,-0.1264,0.00491,0.09436900000000001,-0.010057,-0.000302,0.0038590000000000005,0.002895
9962,0.049144,-1.4439879999999998,-1.77112,0.006213000000000001,0.9919709999999999,-0.126316,0.00822,0.11355499999999999,-0.0154,0.002149,0.007709000000000001,0.005527000000000001
9963,0.049822000000000005,-1.444228,-1.772816,0.006286,0.992001,-0.126074,0.008246999999999999,0.116763,-0.018608,0.003204,0.011463,0.008826
9964,0.049132,-1.444491,-1.7758720000000001,0.006187,0.992034,-0.125818,-0.00027,0.11575,-0.024007,0.00022200000000000003,0.019653999999999998,0.005197
9965,0.04612,-1.444801,-1.781018,0.0057929999999999995,0.992073,-0.125529,-0.000328,0.09554,-0.031459,-0.0027719999999999997,0.010856999999999999,0.0042369999999999994
9966,0.041688,-1.444958,-1.787221,0.005231,0.992093,-0.125398,0.000724,0.08173,-0.042117,-0.000592,0.016055,-9.1e-05
9967,0.036475,-1.44495,-1.794257,0.004577,0.992092,-0.125431,-0.009858,0.099881,-0.043282,0.001603,0.020176,-0.0066489999999999995
9968,0.032909,-1.4453280000000002,-1.800405,0.004117,0.992139,-0.12507200000000002,-0.023545,0.141471,-0.042363,0.001849,0.0096,-0.000554
9969,0.031202999999999998,-1.446238,-1.8052419999999998,0.0038759999999999997,0.992253,-0.124176,-0.018093,0.15323,-0.057293,0.008681999999999999,0.007365999999999999,0.008468999999999999
9970,0.025625,-1.4466780000000001,-1.8136900000000002,0.003172,0.9923069999999999,-0.123759,-0.011764,0.130863,-0.06362899999999999,0.010149,0.008608,0.00648
9971,0.020499,-1.446978,-1.8215599999999998,0.002532,0.992344,-0.123476,-0.011729999999999999,0.137259,-0.064704,0.00815,0.0017510000000000002,-0.00041
9972,0.018407,-1.446951,-1.826799,0.002274,0.992341,-0.12350799999999999,-0.006304,0.15748099999999998,-0.064689,0.015425999999999999,-0.0018620000000000002,-0.005063000000000001
9973,0.013897999999999999,-1.4469459999999998,-1.834543,0.0017170000000000002,0.99234,-0.123521,-0.0031420000000000003,0.15107,-0.06252100000000001,0.016624,-0.001007,-0.003935
9974,0.009593,-1.447411,-1.84145,0.001181,0.992398,-0.12306700000000001,-0.018256,0.108525,-0.065775,0.010920000000000001,0.004413,0.008855
9975,0.00018700000000000002,-1.447571,-1.852927,2.3e-05,0.992417,-0.12291400000000001,-0.015087999999999999,0.105301,-0.061477,-0.006722,0.014112999999999999,-0.01736
9976,-0.009225,-1.447374,-1.864857,-0.0011359999999999999,0.9923930000000001,-0.12310399999999999,-0.013904,0.126619,-0.06576900000000001,-0.010232,0.011223,-0.02512
9977,-0.0228,-1.446597,-1.8804919999999998,-0.0028239999999999997,0.992297,-0.123848,-0.024725999999999998,0.081953,-0.075404,-0.015241999999999999,0.014051,-0.010154
9978,-0.036746,-1.447099,-1.8962169999999998,-0.004533,0.992359,-0.123299,-0.032094,0.097984,-0.081887,-0.01715,0.01083,-0.00312
9979,-0.04978,-1.447697,-1.9117560000000002,-0.00611,0.992433,-0.122637,-0.029855,0.1299,-0.073367,-0.014001,0.0032340000000000003,0.001818
9980,-0.061882000000000006,-1.4477879999999999,-1.926332,-0.007587999999999999,0.9924440000000001,-0.12246300000000002,-0.00547,0.112702,-0.056086000000000004,-0.013193999999999999,-0.00282,-0.0052840000000000005
9981,-0.069965,-1.4475360000000002,-1.936336,-0.008595,0.9924129999999999,-0.12264800000000001,0.009251,0.08275,-0.037786,-0.017909,-0.002499,-0.0033439999999999998
9982,-0.078947,-1.447265,-1.946804,-0.009718000000000001,0.9923799999999999,-0.122834,0.013416999999999998,0.072035,-0.025996,-0.017488999999999998,0.00173,0.0033420000000000004
9983,-0.085698,-1.447335,-1.9552619999999998,-0.010541,0.9923879999999999,-0.122696,0.013491999999999999,0.095445,-0.019618,-0.013278,0.013349000000000001,0.01178
9984,-0.08658500000000001,-1.44733,-1.9581169999999999,-0.01065,0.9923879999999999,-0.12269100000000001,0.017691,0.098554,-0.001434,-0.009125,0.013013999999999998,0.014415
9985,-0.087538,-1.4474989999999999,-1.9609619999999999,-0.010752,0.992408,-0.12251500000000001,0.011221,0.09851599999999999,0.013474000000000002,-0.017339,0.009101999999999999,0.008669
9986,-0.089361,-1.447578,-1.9648150000000002,-0.010968,0.992418,-0.12241700000000001,0.011262000000000001,0.11128699999999998,0.016659999999999998,-0.019931,0.008909,0.00883
9987,-0.08851,-1.447571,-1.966263,-0.010865000000000001,0.992417,-0.12243299999999999,0.010237999999999999,0.115573,0.011304,-0.022643,0.013822999999999998,0.007137
9988,-0.094544,-1.447511,-1.97425,-0.011609,0.99241,-0.122424,0.012312,0.09323300000000001,0.0017289999999999999,-0.0284,0.012625,0.005084
9989,-0.102529,-1.447446,-1.9839200000000001,-0.012593,0.992402,-0.122392,0.006987,0.084771,-0.008984,-0.025737,0.010435999999999999,0.003053
9990,-0.106233,-1.447288,-1.9892009999999998,-0.013063,0.992382,-0.1225,0.005896,0.075205,-0.013253999999999998,-0.019912,0.006168,0.000644
9991,-0.11231700000000001,-1.446978,-1.9964650000000002,-0.013841999999999998,0.992344,-0.122724,0.003633,0.048572000000000004,-0.011101999999999999,-0.016248,0.006527,-0.005236
9992,-0.11764000000000001,-1.446444,-2.002376,-0.014556999999999999,0.9922780000000001,-0.123175,0.0067,0.022977,-0.006776999999999999,-0.014602,0.0035409999999999994,-0.009989
9993,-0.12056199999999999,-1.4458030000000002,-2.0055240000000003,-0.014994,0.9921979999999999,-0.12376300000000001,0.014122,0.008055,-0.01098,-0.014379,0.00035499999999999996,-0.016022
9994,-0.12572,-1.44496,-2.010758,-0.015737,0.992093,-0.12451400000000001,0.006679999999999999,-0.000386,-0.024909999999999998,-0.006465,0.0034509999999999996,-0.012281
9995,-0.12886,-1.4445,-2.0137150000000004,-0.016186000000000002,0.992035,-0.12491700000000001,0.001299,-0.019507,-0.033468,0.005872,0.0005639999999999999,-0.008842000000000001
9996,-0.132795,-1.444112,-2.016973,-0.016729,0.991986,-0.12523399999999998,0.0043619999999999996,-0.046167,-0.029138999999999998,0.008672,0.003711,-0.013179
9997,-0.135909,-1.443357,-2.0191380000000003,-0.01722,0.991891,-0.125923,0.001116,-0.04832,-0.020613,0.002068,0.006919,-0.016319999999999998
9998,-0.13873,-1.442612,-2.021075,-0.017678,0.9917959999999999,-0.126605,-0.002106,-0.045147,-0.012094,-0.000709,0.007609,-0.01614
9999,-0.140698,-1.4422780000000002,-2.022016,-0.017973,0.9917530000000001,-0.126899,-0.001114,-0.056889999999999996,-0.006731,0.00044100000000000004,0.008278,-0.016641
10000,-0.14274,-1.441973,-2.02272,-0.018275,0.991714,-0.127161,-0.001214,-0.072894,-0.000302,-0.003118,0.005952000000000001,-0.01438
10001,-0.145476,-1.4415129999999998,-2.023751,-0.018688999999999997,0.991655,-0.12756099999999998,0.0019850000000000002,-0.091238,0.003942,-0.007388,0.00183,-0.009234000000000001
10002,-0.149729,-1.440912,-2.025937,-0.01932,0.991577,-0.12807000000000002,0.011521,-0.10618499999999999,0.004026,-0.007108,0.007248,-0.005429
10003,-0.15195,-1.440683,-2.026032,-0.019639,0.991547,-0.128251,0.013673,-0.101931,0.004035,-0.006423000000000001,0.008941,0.001268
10004,-0.15393099999999998,-1.440715,-2.0260759999999998,-0.019888999999999997,0.9915510000000001,-0.128182,0.009424,-0.091289,0.010401,-0.0031219999999999998,0.012691,0.0063560000000000005
10005,-0.154156,-1.441333,-2.024664,-0.019823,0.9916309999999999,-0.127571,0.005178,-0.076399,0.019966,-0.00131,0.013541,0.012991999999999998
10006,-0.152613,-1.441567,-2.021512,-0.019591,0.991662,-0.127372,0.0019089999999999999,-0.079631,0.031697,-0.005388,0.01229,0.009956
10007,-0.152321,-1.441849,-2.019518,-0.019511,0.991698,-0.127102,0.006161,-0.078597,0.035997,-0.010167,0.007661,0.005718
10008,-0.152846,-1.4419680000000001,-2.0185310000000003,-0.01956,0.991713,-0.126975,0.010490000000000001,-0.066886,0.033874,-0.013947999999999999,0.000825,0.007712
10009,-0.152878,-1.44214,-2.017207,-0.019538,0.991735,-0.126806,0.015861,-0.062627,0.029631,-0.011346,0.001215,0.011922
10010,-0.15332300000000001,-1.442536,-2.016247,-0.019535,0.9917860000000001,-0.126409,0.012648000000000001,-0.071113,0.023209,-0.007244,0.010121999999999999,0.01618
10011,-0.155386,-1.4430969999999999,-2.016738,-0.019709,0.991857,-0.12581900000000001,0.003072,-0.074237,0.013531,-0.008703,0.018106999999999998,0.01623
10012,-0.158058,-1.4436069999999999,-2.018123,-0.019966,0.991922,-0.12526600000000002,-0.001044,-0.051805,0.0017219999999999998,-0.0049369999999999995,0.013066999999999999,0.00962
10013,-0.16059500000000002,-1.444005,-2.020041,-0.020221,0.991973,-0.124825,-0.009398,-0.020844,-0.00799,-0.000852,0.006913,0.007226000000000001
10014,-0.162218,-1.444439,-2.021325,-0.020353,0.992028,-0.124367,-0.011484999999999999,-0.017611,-0.015486000000000002,0.005918,0.002845,0.005211
10015,-0.164732,-1.444541,-2.023413,-0.020649,0.9920399999999999,-0.12421600000000001,-0.011523,-0.025072,-0.014408,-0.00025499999999999996,0.006235,-0.0064150000000000006
10016,-0.169435,-1.444494,-2.027479,-0.021241,0.992034,-0.12416300000000001,-0.014769999999999998,-0.037835,-0.016552,-0.0063159999999999996,0.005386999999999999,-0.006529000000000001
10017,-0.173727,-1.443984,-2.030836,-0.021861000000000002,0.99197,-0.124569,-0.00309,-0.05172,-0.017521000000000002,0.001216,0.002506,-0.012409
10018,-0.176793,-1.443782,-2.0327610000000003,-0.022278,0.991944,-0.124699,0.0021920000000000004,-0.063456,-0.017469,0.005509,0.0036,-0.0077469999999999995
10019,-0.177169,-1.443518,-2.031687,-0.022371000000000002,0.9919110000000001,-0.124948,0.002059,-0.080551,-0.004628,0.008059,0.0057090000000000005,-0.005408
10020,-0.176232,-1.443638,-2.02907,-0.022233000000000003,0.991926,-0.124851,-0.002309,-0.08380800000000001,0.014575,0.003999,-0.002546,0.004673
10021,-0.17472100000000002,-1.443707,-2.025941,-0.022033,0.991935,-0.12481800000000001,0.003053,-0.081679,0.010337,0.006362,0.002053,0.0026100000000000003
10022,-0.173583,-1.443807,-2.022928,-0.021874,0.9919479999999999,-0.12474500000000001,0.000828,-0.100851,0.011415,0.0056689999999999996,0.017116,-0.000301
10023,-0.171426,-1.443912,-2.018956,-0.021587000000000002,0.9919610000000001,-0.12469000000000001,-0.000162,-0.078497,0.016722,0.003597,-0.008089,0.004328
10024,-0.171353,-1.444058,-2.017605,-0.021553,0.991979,-0.124548,0.009693,-0.059502,-0.000386,0.004936,-0.0018210000000000001,0.01087
10025,-0.170925,-1.444228,-2.015995,-0.021471,0.992001,-0.124391,0.024622,-0.058497,0.001854,-0.003721,0.002002,0.015275
10026,-0.17089200000000002,-1.444074,-2.015113,-0.021493,0.991981,-0.124543,0.021491999999999997,-0.031897,0.01248,-0.0053170000000000005,0.002815,0.015503
10027,-0.169019,-1.444112,-2.012705,-0.021253,0.991986,-0.124545,0.009765000000000001,-0.023359,0.018796,0.0005780000000000001,0.012927000000000001,0.009524
10028,-0.163938,-1.444525,-2.007146,-0.020553000000000002,0.992038,-0.124248,0.008676999999999999,-0.022312000000000002,0.024128999999999998,0.0025629999999999997,0.012813999999999999,0.0042380000000000004
10029,-0.160682,-1.4444629999999998,-2.003488,-0.020158000000000002,0.992031,-0.124374,0.009802,-0.014837000000000001,0.018787,-5.9e-05,0.010197,0.0022429999999999998
10030,-0.159372,-1.444444,-2.0018700000000003,-0.019999,0.992028,-0.124419,0.005562,-0.016919,0.010214,-0.003561,0.010565999999999999,0.003295
10031,-0.160083,-1.444315,-2.0020919999999998,-0.020107,0.9920120000000001,-0.12453199999999999,0.00339,-0.025433,0.010208,-0.008015000000000001,0.012139,-0.005778
10032,-0.16228199999999998,-1.444283,-2.0037409999999998,-0.020386,0.992008,-0.124518,-0.000784,-0.025566,0.0016359999999999999,-0.004333,0.010235,0.0024170000000000003
10033,-0.163416,-1.444555,-2.0045490000000004,-0.020484,0.992042,-0.12422899999999999,-0.000675,-0.010614,-0.007996,0.004569,0.006386,0.013587
10034,-0.164919,-1.444993,-2.0058529999999997,-0.020599,0.9920969999999999,-0.123769,-0.004934,-0.011652,-0.011229000000000001,0.003418,0.013228,0.006093
10035,-0.167077,-1.445068,-2.0078099999999997,-0.020853999999999998,0.992107,-0.123651,-0.005982,-0.006326,-0.010175,0.000178,0.006581,-0.000602
10036,-0.168697,-1.445051,-2.009608,-0.021057,0.9921040000000001,-0.123634,-0.006957,0.014979,-0.009141,-0.000443,0.000556,-0.004403
10037,-0.168247,-1.444987,-2.0094090000000002,-0.021012,0.9920959999999999,-0.123705,-0.004871,0.007502,-0.005911,0.004944,0.000244,-0.004102000000000001
10038,-0.166962,-1.444998,-2.0081189999999998,-0.020850999999999998,0.9920979999999999,-0.123722,0.00253,-0.005315,-0.003706,0.011420999999999999,0.005217,-0.0015220000000000001
10039,-0.163347,-1.444941,-2.004464,-0.020413,0.992091,-0.123852,0.006808,-1.6e-05,-0.00047599999999999997,0.009609,0.004964,0.000149
10040,-0.159735,-1.444852,-2.001106,-0.019979,0.992079,-0.12401300000000001,0.003751,0.021109,0.000572,0.008551000000000001,0.008820999999999999,-0.003001
10041,-0.157657,-1.44475,-1.9996770000000001,-0.019738,0.992067,-0.124154,-0.00048300000000000003,0.036008,0.008001000000000001,0.002297,0.0061329999999999996,-0.005637
10042,-0.15487599999999999,-1.444819,-1.9974169999999998,-0.019381,0.992075,-0.12414000000000001,0.0026309999999999997,0.017883,0.009115,0.0012230000000000001,0.0055439999999999994,0.001947
10043,-0.155525,-1.444839,-1.998189,-0.019459,0.992078,-0.124108,0.003674,0.007248,0.0037939999999999996,-0.007412,0.001056,0.002968
10044,-0.158203,-1.444915,-2.001115,-0.019780000000000002,0.992087,-0.123981,-0.000489,0.016906,-0.010135,-0.011318,0.008843,0.006138
10045,-0.163913,-1.445102,-2.007125,-0.020457,0.9921110000000001,-0.12368399999999999,-0.002624,0.010546999999999999,-0.016553000000000002,-0.010274,0.011567000000000001,0.003689
10046,-0.169413,-1.445184,-2.012679,-0.021123,0.9921209999999999,-0.12348900000000002,-0.0058579999999999995,-8.1e-05,-0.019768,-0.007487000000000001,0.0091,0.00145
10047,-0.17569300000000002,-1.445144,-2.019199,-0.021905,0.992116,-0.123392,-0.00149,0.021213,-0.020834000000000002,-0.005607,0.003961999999999999,0.002207
10048,-0.179049,-1.445187,-2.023125,-0.022312000000000002,0.992122,-0.123277,-0.001472,0.024413,-0.021907,-0.002637,0.008214,0.003511
10049,-0.18249500000000002,-1.4453989999999999,-2.027027,-0.022698,0.9921479999999999,-0.122992,-0.004651,0.021027,-0.017606999999999998,-0.0019149999999999998,0.010095,0.004019
10050,-0.18353599999999998,-1.4455870000000002,-2.02853,-0.022792,0.9921719999999999,-0.12278499999999999,-0.01321,0.022097,-0.011258,0.00146,0.010834,-0.00278
10051,-0.184179,-1.445702,-2.029636,-0.02285,0.992186,-0.12265799999999999,-0.008985,0.022044,-0.001614,-6.9e-05,0.010301000000000001,-0.005287
10052,-0.182563,-1.44567,-2.028391,-0.022658,0.992182,-0.122726,-0.004775,0.014551,0.003766,0.0019510000000000003,0.001074,-0.00412
10053,-0.18112899999999998,-1.445655,-2.027221,-0.022484,0.99218,-0.122774,0.0037649999999999997,0.013465000000000001,0.001691,-0.00135,0.0033640000000000002,-0.000883
10054,-0.181195,-1.4455959999999999,-2.027535,-0.022503,0.992173,-0.12283,-0.000512,0.01241,0.0027300000000000002,-0.004047,0.014511000000000001,-0.003544
10055,-0.182524,-1.445655,-2.029172,-0.022655,0.99218,-0.122741,-0.007965999999999999,0.021998,0.009073999999999999,-0.009998,0.012657,-0.00084
10056,-0.184105,-1.4462190000000001,-2.031396,-0.022747,0.99225,-0.122155,-0.012094,0.040077,0.00479,-0.002522,0.008009,0.0113
10057,-0.184308,-1.446682,-2.032359,-0.022688,0.992308,-0.121699,-0.008909,0.031564999999999996,-0.000518,-0.002688,0.006121,0.012415
10058,-0.187143,-1.4471969999999998,-2.035602,-0.022937,0.9923709999999999,-0.12113199999999999,-0.004677000000000001,0.016666,-0.007948,-0.006497,0.0014789999999999998,0.010201
10059,-0.194447,-1.447547,-2.043171,-0.023754,0.9924139999999999,-0.12062,-0.005726,0.014565,-0.014363999999999998,-0.012378,0.010973,0.006332
10060,-0.199147,-1.447773,-2.048209,-0.024277,0.992442,-0.120288,-0.011018,0.018866,-0.019747999999999998,-0.011154,0.010320000000000001,0.006961
10061,-0.20653000000000002,-1.448128,-2.056013,-0.025092,0.9924860000000001,-0.11976099999999999,-0.012067,0.019947,-0.022963,-0.010903,0.009712,0.007319
10062,-0.215367,-1.448392,-2.0652060000000003,-0.026093,0.992518,-0.119278,-0.004619,0.01566,-0.022908,-0.010085,0.005697,0.002182
10063,-0.21966599999999997,-1.448334,-2.069648,-0.026618,0.992511,-0.11922100000000001,-0.005796,-0.000349,-0.014351,-0.009423,0.010662999999999999,-0.0024980000000000002
10064,-0.22427800000000003,-1.448292,-2.074096,-0.027177,0.992506,-0.11913800000000001,-0.006915,-0.010029000000000001,-0.00469,-0.010709999999999999,0.004778,-0.001559
10065,-0.22634400000000002,-1.448337,-2.076015,-0.027413,0.992511,-0.119038,-0.0037,-0.005783,-0.0036049999999999997,-0.008062999999999999,0.001935,-0.001338
10066,-0.227548,-1.448248,-2.077026,-0.027576,0.9925,-0.119091,0.009064000000000001,-0.015411000000000001,-0.004572,0.003208,0.004753,0.001888
10067,-0.22580300000000003,-1.448123,-2.074745,-0.027397,0.9924850000000001,-0.11925999999999999,0.006843999999999999,-0.031395,-0.001361,0.002143,0.007164,-0.004458
10068,-0.22659200000000002,-1.44802,-2.0748860000000002,-0.027513,0.9924719999999999,-0.11933699999999998,-0.0027429999999999998,-0.031349,-0.004633,-0.000258,0.008275,5.9e-05
10069,-0.22681700000000002,-1.4480709999999999,-2.074868,-0.027529,0.9924790000000001,-0.11928299999999999,-0.002594,0.000614,-0.005741,0.00635,0.007415000000000001,-0.0017350000000000002
10070,-0.2239,-1.447986,-2.072319,-0.0272,0.992468,-0.11944500000000001,-0.006751000000000001,0.020886000000000002,-0.010067,0.013741,0.0029850000000000002,-0.007203
10071,-0.22328800000000001,-1.447991,-2.071946,-0.027125,0.992469,-0.11945499999999999,-0.006793,0.002811,-0.018588,0.0050149999999999995,0.006905,-0.000433
10072,-0.227728,-1.448121,-2.076404,-0.027625999999999998,0.9924850000000001,-0.119209,-0.012052,0.0039030000000000002,-0.027125,-0.000831,0.008568000000000001,0.0006940000000000001
10073,-0.23456799999999997,-1.448342,-2.083589,-0.02839,0.9925120000000001,-0.11880299999999999,-0.019405000000000002,0.021008000000000002,-0.035744,-0.002646,0.014156,0.0021190000000000002
10074,-0.241441,-1.448767,-2.090918,-0.029105000000000002,0.9925639999999999,-0.11819500000000001,-0.024755000000000003,0.017831,-0.035776999999999996,-0.0007559999999999999,0.011082999999999999,0.0021219999999999998
10075,-0.24825,-1.4492559999999999,-2.098047,-0.029789999999999997,0.9926229999999999,-0.117525,-0.029066,0.011441,-0.032595,-0.002543,0.01168,0.004274
10076,-0.257252,-1.449857,-2.1073,-0.030695,0.9926959999999999,-0.116675,-0.029057,0.01145,-0.034732,-0.007666,0.006389,0.0074069999999999995
10077,-0.266275,-1.450475,-2.116698,-0.031585,0.99277,-0.115801,-0.02903,0.022085,-0.030474,-0.00647,0.004193,0.006686
10078,-0.271835,-1.45098,-2.122783,-0.032094,0.9928309999999999,-0.11514,-0.022672,0.023086000000000002,-0.019749,-0.003963,0.002012,0.0055060000000000005
10079,-0.274855,-1.450979,-2.125946,-0.032441000000000005,0.9928309999999999,-0.11504400000000001,-0.00686,-0.005788000000000001,-0.005715,-0.0033399999999999997,-0.003054,-0.008293
10080,-0.274843,-1.4503840000000001,-2.125741,-0.032601,0.9927590000000001,-0.11561300000000001,0.011242,-0.005912,0.008343999999999999,-0.005684000000000001,-0.000831,-0.01108
10081,-0.271056,-1.449892,-2.1219799999999998,-0.032293,0.9927,-0.11620699999999999,0.02404,0.007831999999999999,0.02337,-0.0037939999999999996,-0.00039,-0.009007
10082,-0.262997,-1.449539,-2.1138779999999997,-0.031447,0.992657,-0.116801,0.029226,-0.010355,0.038386,0.009733,0.003192,0.001368
10083,-0.251273,-1.4493,-2.101557,-0.030133999999999998,0.9926280000000001,-0.11739200000000001,0.03544,-0.033885000000000005,0.056620000000000004,0.007536,0.008089,0.000983
10084,-0.23933800000000002,-1.4489100000000001,-2.088854,-0.028823,0.9925809999999999,-0.118119,0.042889,-0.030744999999999998,0.06414700000000001,0.0074,0.010883,0.001802
10085,-0.225144,-1.448812,-2.074233,-0.027164999999999998,0.992569,-0.118611,0.03442,-0.011558,0.068337,0.005391,0.009598,0.005788000000000001
10086,-0.211619,-1.4488590000000001,-2.060493,-0.025549000000000002,0.992575,-0.118922,0.026969999999999997,-0.006209,0.069347,0.010702,0.011774,0.011592
10087,-0.19634000000000001,-1.4492690000000001,-2.04504,-0.023649,0.992625,-0.118899,0.022719999999999997,-0.004055,0.06718099999999999,0.012327,0.007359999999999999,0.009051
10088,-0.182808,-1.44936,-2.031438,-0.022022,0.9926360000000001,-0.11912,0.022793,0.0023539999999999998,0.06295,0.006489,0.005518,0.00387
10089,-0.17233099999999998,-1.4491129999999999,-2.021145,-0.020815,0.992606,-0.119585,0.026113,0.020486,0.054403999999999994,0.000139,0.005273,0.0009939999999999999
10090,-0.165018,-1.448718,-2.014329,-0.020003999999999997,0.9925579999999999,-0.120122,0.025181,0.03228,0.036223000000000005,-0.001999,0.006206000000000001,0.001576
10091,-0.160813,-1.44885,-2.010832,-0.019478,0.992574,-0.120074,0.018921,0.039858,0.0116,0.001518,0.003961999999999999,0.019656
10092,-0.157223,-1.449677,-2.00799,-0.018918,0.992674,-0.119333,0.017879,0.033520999999999995,-0.001216,0.005414,0.0025800000000000003,0.010675
10093,-0.156823,-1.449408,-2.008123,-0.018912,0.992642,-0.11960499999999999,0.021041,0.023927,-0.00225,-0.001245,0.004002,0.0072239999999999995
10094,-0.156585,-1.4489940000000001,-2.008441,-0.018948,0.992591,-0.12001400000000001,0.021065,0.032436,0.000944,-0.002125,0.010979000000000001,-0.001644
10095,-0.15651500000000002,-1.4483110000000001,-2.009114,-0.019045,0.992508,-0.12068599999999999,0.016817,0.037773,0.001975,-0.004545,0.005661,-0.005946
10096,-0.155105,-1.447867,-2.008296,-0.018943,0.9924540000000001,-0.121148,0.021032,0.026011000000000003,0.008484,-0.004342,0.010079000000000001,-0.005912
10097,-0.15128699999999998,-1.447042,-2.004734,-0.018603,0.992352,-0.122029,0.036893,0.007790999999999999,0.022505,0.001849,0.012531,-0.009792
10098,-0.142228,-1.446041,-1.9959189999999998,-0.017638,0.9922280000000001,-0.123175,0.039047000000000005,0.021594,0.032118,0.011535,0.0074670000000000005,-0.00921
10099,-0.127975,-1.445279,-1.982603,-0.015977,0.992133,-0.12416400000000001,0.033867,0.059945000000000005,0.036308,0.022828,0.004907,-0.005352
10100,-0.111201,-1.444742,-1.9670779999999999,-0.013951,0.992066,-0.124944,0.037049,0.05885599999999999,0.039541,0.029943,0.008987,-0.0017350000000000002
10101,-0.089268,-1.4439879999999998,-1.9465459999999999,-0.011275,0.9919709999999999,-0.125966,0.039245,0.080125,0.047013,0.026060000000000003,0.016178,-0.007244
10102,-0.074814,-1.443335,-1.9344419999999998,-0.009501,0.9918879999999999,-0.12676099999999998,0.027783999999999996,0.14407,0.050058,0.025966000000000003,0.017374,-0.009439
10103,-0.054186,-1.442858,-1.917557,-0.0069099999999999995,0.991827,-0.127402,0.021661,0.21012199999999998,0.054207000000000005,0.028196,-0.003546,-0.0029230000000000003
10104,-0.032012,-1.4420979999999999,-1.900178,-0.004108,0.9917299999999999,-0.128277,0.031455000000000004,0.254794,0.062819,0.008914,-0.013123,-0.007053
10105,-0.015031000000000001,-1.4410479999999999,-1.8884450000000002,-0.001945,0.9915940000000001,-0.12937,0.052798000000000005,0.2717,0.07897,-0.0008320000000000001,-0.013291999999999998,-0.007334
10106,0.0003,-1.439352,-1.878587,3.9e-05,0.991374,-0.13106600000000002,0.077352,0.283298,0.087671,-0.016931,-0.011590999999999999,-0.005804999999999999
10107,0.00829,-1.437563,-1.875937,0.001101,0.991138,-0.13283399999999998,0.093287,0.269389,0.088863,-0.027712999999999998,0.015759,0.0029059999999999997
10108,0.022955,-1.435807,-1.8660450000000002,0.003089,0.9909030000000001,-0.134544,0.09844800000000001,0.23101999999999998,0.088946,-0.024589,0.018298,0.011025
10109,0.034724,-1.4344540000000001,-1.8582470000000002,0.004719,0.99072,-0.13583900000000002,0.090853,0.190617,0.076124,-0.013233000000000002,0.014102000000000002,0.015325
10110,0.047534,-1.433674,-1.8490400000000002,0.006495,0.990614,-0.13653800000000002,0.084573,0.185446,0.042973000000000004,0.01061,0.019884,0.018954
10111,0.056277,-1.4326510000000001,-1.844442,0.007745999999999999,0.9904729999999999,-0.137489,0.064612,0.22186799999999998,0.009673000000000001,0.014105000000000001,0.018652000000000002,0.021659
10112,0.064526,-1.432604,-1.8412529999999998,0.008882,0.990467,-0.137466,0.039372000000000004,0.268933,-0.018271000000000003,0.011397,0.025891,0.024291999999999998
10113,0.064917,-1.432167,-1.8470810000000002,0.008964,0.9904059999999999,-0.13789500000000002,0.015275,0.33200999999999997,-0.053771000000000006,0.010323,0.024425,0.023149
10114,0.061937,-1.4324569999999999,-1.8575220000000001,0.008536,0.9904459999999999,-0.13763499999999998,-0.009904000000000001,0.381285,-0.09994299999999999,0.011316,0.022553999999999998,0.008408
10115,0.05319,-1.43335,-1.874137,0.0072840000000000005,0.990569,-0.13682,-0.0386,0.381484,-0.124713,-0.014653999999999999,0.029405,-0.000234
10116,0.03106,-1.434297,-1.903415,0.004226,0.990698,-0.136009,-0.055875,0.33467600000000003,-0.12584700000000001,-0.044311,0.027093,-0.012245
10117,0.019258,-1.435647,-1.921126,0.002595,0.9908809999999999,-0.134714,-0.06689400000000001,0.262254,-0.12049000000000001,-0.054124,0.009179999999999999,-0.016073
10118,0.005927,-1.436826,-1.939323,0.000792,0.9910389999999999,-0.13356800000000002,-0.048938999999999996,0.21852800000000003,-0.12351400000000001,-0.033217,-0.010799,-0.013252000000000002
10119,-0.01163,-1.437266,-1.960362,-0.0015480000000000001,0.9910979999999999,-0.133124,-0.022742,0.128888,-0.10719400000000001,-0.020699000000000002,-0.008737,-0.007913
10120,-0.023327,-1.4374120000000001,-1.973209,-0.003102,0.991118,-0.132953,-0.0042,0.01043,-0.071607,-0.015269999999999999,0.001192,-0.0016600000000000002
10121,-0.031695,-1.43734,-1.9810169999999998,-0.004217,0.991108,-0.132994,0.003946,-0.047238999999999996,-0.042634,-0.0032909999999999997,-0.003254,0.00569
10122,-0.037058999999999995,-1.4371559999999999,-1.9855610000000001,-0.0049369999999999995,0.991083,-0.133152,0.014586000000000002,-0.036692,-0.025481999999999998,0.003746,-0.013132,0.0033759999999999997
10123,-0.038925,-1.43671,-1.9873310000000002,-0.005202,0.991024,-0.13358399999999998,0.025375,0.012183,-0.003037,0.003112,-2.6000000000000002e-05,0.005609
10124,-0.037314,-1.4364780000000001,-1.986327,-0.0049960000000000004,0.990993,-0.133821,0.030732,0.035528,0.015131,-0.002405,0.005757,0.013246
10125,-0.033908999999999995,-1.435932,-1.9834080000000003,-0.0045579999999999996,0.99092,-0.134379,0.025292,0.017416,0.020457,-0.024174,0.012056,0.013316
10126,-0.043680000000000004,-1.435727,-1.993268,-0.00588,0.990892,-0.13453099999999998,0.019932,0.008925,0.01722,-0.034052,-0.005861,0.002604
10127,-0.055316,-1.434835,-2.004689,-0.007494,0.990771,-0.13533499999999998,0.035892,-0.017695,0.000267,-0.033156,-0.0018039999999999998,-0.004725
10128,-0.062074000000000004,-1.433807,-2.0101139999999997,-0.008471,0.990632,-0.136298,0.053713,-0.098676,-0.010189,-0.025617,0.006423000000000001,-0.001657
10129,-0.07645199999999999,-1.432552,-2.021232,-0.010525,0.990459,-0.137403,0.060763,-0.19031900000000002,-0.008959,-0.028002999999999997,0.008579,-0.00217
10130,-0.089295,-1.431227,-2.029983,-0.012406,0.990276,-0.138562,0.058543,-0.19675499999999999,0.003848,-0.023727,0.01241,-0.004275
10131,-0.092139,-1.429964,-2.028838,-0.012915000000000001,0.990099,-0.139772,0.054147,-0.201099,0.028391000000000003,-0.012415,0.009275,-0.00804
10132,-0.09147899999999999,-1.428469,-2.023784,-0.012958,0.9898889999999999,-0.141254,0.064649,-0.223566,0.043447,-0.002408,-0.00292,-0.007367
10133,-0.091388,-1.426849,-2.018886,-0.013091,0.989657,-0.142852,0.072012,-0.24384499999999998,0.046728,-0.009339,-0.004489,-0.003083
10134,-0.09249299999999999,-1.425262,-2.014714,-0.013394,0.9894290000000001,-0.144401,0.080456,-0.260932,0.050012,-0.010837000000000001,-0.002627,-0.000207
10135,-0.091027,-1.423598,-2.007973,-0.013332,0.989186,-0.14606,0.087925,-0.256714,0.054331,-0.00507,0.00674,0.0018800000000000002
10136,-0.086422,-1.422309,-1.998161,-0.012768999999999999,0.9889959999999999,-0.14739000000000002,0.087933,-0.256705,0.052195000000000005,0.008756,0.014666,0.008870999999999999
10137,-0.08148999999999999,-1.4213879999999999,-1.987925,-0.012117000000000001,0.988859,-0.148359,0.07614299999999999,-0.26519899999999996,0.05533,0.004945000000000001,0.004259000000000001,0.009595999999999999
10138,-0.078954,-1.420175,-1.9798689999999999,-0.011835,0.9886780000000001,-0.149584,0.07079400000000001,-0.27262,0.051029000000000005,0.000543,0.00795,0.004992
10139,-0.07685499999999999,-1.4189479999999999,-1.972494,-0.011614,0.9884930000000001,-0.150818,0.066665,-0.249139,0.043493000000000004,0.0033590000000000004,0.011003,-0.001541
10140,-0.073321,-1.4177600000000001,-1.9641380000000002,-0.011167,0.9883129999999999,-0.152031,0.066775,-0.235248,0.032795,0.006268999999999999,0.00595,0.001533
10141,-0.072524,-1.4165530000000002,-1.958477,-0.011132,0.9881280000000001,-0.153229,0.06245,-0.250138,0.030648,0.006005,0.006211,0.000778
10142,-0.07182999999999999,-1.415489,-1.952464,-0.011101,0.987964,-0.15428499999999998,0.052703999999999994,-0.268269,0.044489999999999995,-0.000709,0.006543000000000001,-0.0026969999999999997
10143,-0.07116,-1.414398,-1.946346,-0.011075,0.9877950000000001,-0.155367,0.051637999999999996,-0.260838,0.05195,-0.0036200000000000004,0.0016460000000000001,-0.004591
10144,-0.071046,-1.41314,-1.9407889999999999,-0.011145,0.987598,-0.156608,0.06014,-0.27681300000000003,0.043483999999999995,-0.008005,0.000668,-0.009179000000000001
10145,-0.07363099999999999,-1.411478,-1.9374930000000001,-0.011670999999999999,0.9873360000000001,-0.15821500000000002,0.065428,-0.29597199999999996,0.034998,-0.0087,-0.000443,-0.010759999999999999
10146,-0.076365,-1.4096229999999998,-1.934061,-0.012243,0.9870399999999999,-0.16000899999999998,0.066454,-0.308746,0.031816000000000004,-0.004389,0.0055899999999999995,-0.013316
10147,-0.077395,-1.408091,-1.9290470000000002,-0.012525,0.986793,-0.161503,0.05902999999999999,-0.299132,0.031752999999999997,0.0033079999999999997,0.013328999999999999,-0.009564
10148,-0.077037,-1.406914,-1.922665,-0.012556,0.9866010000000001,-0.162666,0.049424,-0.290615,0.041289,0.005629,0.014969999999999999,-0.006889
10149,-0.074918,-1.405645,-1.914779,-0.012305,0.9863930000000001,-0.163941,0.048382999999999995,-0.276796,0.049811,0.003409,0.014750999999999998,-0.011108
10150,-0.072862,-1.404733,-1.9073509999999998,-0.012034,0.986243,-0.164863,0.037781999999999996,-0.25654,0.055053,0.003855,0.010385,-0.007043000000000001
10151,-0.07281900000000001,-1.404061,-1.902134,-0.012075,0.986132,-0.165524,0.023932,-0.254353,0.052815999999999995,-0.009791,0.00836,-0.0037270000000000003
10152,-0.07998200000000001,-1.40362,-1.9040979999999998,-0.013295,0.986059,-0.16586700000000001,0.013312000000000001,-0.253212,0.043121,-0.028011,0.013133,-0.005108
10153,-0.08505599999999999,-1.403373,-1.903662,-0.014157,0.986017,-0.16604000000000002,0.004744,-0.278677,0.024932,-0.031024,0.019842,-0.008612
10154,-0.095932,-1.403051,-1.908932,-0.015992,0.985964,-0.166192,-0.0036270000000000004,-0.266883,0.008905,-0.031035000000000004,0.027388,-0.009284
10155,-0.10566800000000001,-1.402859,-1.9136509999999998,-0.01763,0.9859319999999999,-0.166217,-0.007788,-0.23600500000000002,0.016309999999999998,-0.013483000000000002,0.007170999999999999,-0.006954999999999999
10156,-0.109642,-1.403009,-1.912879,-0.018274000000000002,0.985957,-0.165999,-0.015304,-0.24132699999999999,0.021603999999999998,-0.015097,0.0024920000000000003,-0.002107
10157,-0.118707,-1.4033,-1.916581,-0.019744,0.9860049999999999,-0.16554100000000002,-0.01971,-0.276449,0.017342,-0.032716,0.013293000000000001,-0.00374
10158,-0.126977,-1.403666,-1.9191630000000002,-0.021066,0.986066,-0.16501400000000002,-0.019647,-0.27639400000000003,0.003453,-0.028891000000000003,0.010516,-0.000819
10159,-0.135488,-1.404016,-1.9224599999999998,-0.022423,0.986124,-0.164487,-0.019465,-0.249707,-0.010468,-0.017478,0.007803,0.00015
10160,-0.142964,-1.4046809999999998,-1.9250349999999998,-0.023559,0.986234,-0.163666,-0.024815,-0.246518,-0.004101,0.0060420000000000005,0.009264,0.005173
10161,-0.146758,-1.405211,-1.923688,-0.024103,0.9863219999999999,-0.16305799999999998,-0.020701,-0.25834,0.018376,0.001703,-0.0004969999999999999,-0.0032329999999999998
10162,-0.14870799999999998,-1.405407,-1.920639,-0.024393,0.9863540000000001,-0.16282,-0.013199,-0.238177,0.031222000000000003,-0.000616,-0.0037799999999999995,-0.009376
10163,-0.150023,-1.405226,-1.917564,-0.024633000000000002,0.986324,-0.162964,-0.004514,-0.205184,0.031239999999999997,-0.003168,-0.010998,-0.006714
10164,-0.150895,-1.405263,-1.914168,-0.02477,0.986331,-0.162906,0.0061070000000000004,-0.221179,0.025993000000000002,0.000722,-0.0006889999999999999,0.0025670000000000003
10165,-0.152822,-1.405144,-1.9112919999999998,-0.025102,0.986311,-0.162974,0.01456,-0.243562,0.021808,-0.00067,0.0036030000000000003,0.0028640000000000002
10166,-0.154846,-1.405057,-1.9086490000000003,-0.025445,0.986297,-0.163008,0.00825,-0.22011599999999998,0.024938,-0.001975,0.026261000000000003,-0.002489
10167,-0.15493900000000002,-1.405045,-1.9047020000000001,-0.025462000000000002,0.986295,-0.163017,-0.003385,-0.186034,0.036564,-2e-05,0.015338,-0.007103
10168,-0.153569,-1.405309,-1.900061,-0.025199,0.9863379999999999,-0.162795,-0.014952000000000002,-0.147647,0.037502,0.002036,0.004644,0.00331
10169,-0.151227,-1.406076,-1.894911,-0.024703,0.9864639999999999,-0.162105,-0.01491,-0.136999,0.038557999999999995,0.0031579999999999998,0.004686,0.00674
10170,-0.15094200000000002,-1.406601,-1.891521,-0.024579,0.98655,-0.1616,-0.013954,-0.163625,0.036462,-0.00513,0.009909999999999999,0.005411
10171,-0.153143,-1.4069200000000002,-1.8901729999999999,-0.024887,0.9866020000000001,-0.161234,-0.009706000000000001,-0.174268,0.030094,-0.010315000000000001,0.014161000000000002,-0.0024010000000000004
10172,-0.155971,-1.4072559999999998,-1.889861,-0.025291,0.986657,-0.16083599999999998,-0.013766999999999998,-0.14011700000000002,0.018269999999999998,-0.0066760000000000005,0.008062999999999999,0.000496
10173,-0.155874,-1.407666,-1.887241,-0.025213,0.9867239999999999,-0.160439,-0.017958000000000002,-0.117753,0.023554,0.003973,-0.001204,-0.000603
10174,-0.152197,-1.408144,-1.881315,-0.024551,0.986801,-0.160064,-0.016925,-0.109298,0.039575,0.008941,0.001968,-0.00145
10175,-0.14749600000000002,-1.408569,-1.8742310000000002,-0.023737,0.98687,-0.15976300000000002,-0.014916,-0.122148,0.054561,0.001978,0.005333,-0.001813
10176,-0.143925,-1.408847,-1.8680290000000002,-0.023127,0.986915,-0.159575,-0.010686,-0.12538,0.059936,-0.006811,-0.00011399999999999999,-0.00551
10177,-0.141399,-1.4089909999999999,-1.8632240000000002,-0.022704,0.9869379999999999,-0.159492,-0.009489000000000001,-0.097683,0.058838999999999995,-0.009447,0.002579,-0.003273
10178,-0.13658299999999998,-1.409257,-1.8565450000000001,-0.021899000000000002,0.986981,-0.159339,-0.0062640000000000005,-0.08281799999999999,0.06845599999999999,0.005145,0.005985,0.00047999999999999996
10179,-0.12684600000000001,-1.409454,-1.845231,-0.020322,0.9870129999999999,-0.159352,0.001199,-0.072238,0.080246,0.012128,0.006289,-0.004314
10180,-0.115469,-1.409511,-1.8322610000000001,-0.018502,0.987022,-0.15951700000000002,0.010743,-0.072323,0.093132,0.013161,-0.001685,-0.002592
10181,-0.102344,-1.4094229999999999,-1.817507,-0.016415,0.987008,-0.159833,0.008548,-0.075553,0.103805,0.001859,0.010734,-0.003573
10182,-0.095824,-1.4097979999999999,-1.809216,-0.015337,0.9870680000000001,-0.15956800000000002,-0.009647,-0.07660299999999999,0.115426,-0.02046,0.019082,0.004981
10183,-0.086632,-1.410579,-1.798071,-0.013803,0.987193,-0.158934,-0.019312,-0.094662,0.111107,-0.022328999999999998,0.015172,0.009948
10184,-0.081353,-1.41157,-1.790418,-0.012884999999999999,0.98735,-0.15803,-0.012937,-0.106377,0.104754,-0.021631,0.021195,0.009470000000000001
10185,-0.074759,-1.412609,-1.781834,-0.011766,0.9875139999999999,-0.157089,-0.013857,-0.07759500000000001,0.100436,-0.012969,0.013859,0.014816
10186,-0.065307,-1.4137879999999998,-1.7707490000000001,-0.010204000000000001,0.987699,-0.156031,-0.019165,-0.07649,0.095055,-0.000721,0.006792,0.016641999999999997
10187,-0.055323000000000004,-1.4150459999999998,-1.758792,-0.008577,0.9878950000000001,-0.154884,-0.020335,-0.103101,0.090809,0.0009630000000000001,0.0071,0.015556
10188,-0.047795,-1.416308,-1.748819,-0.007352,0.9880899999999999,-0.153699,-0.017161000000000003,-0.119048,0.08016799999999999,-0.002933,0.014107,0.019543
10189,-0.040016,-1.417459,-1.738795,-0.00611,0.988267,-0.152614,-0.014877000000000001,-0.096638,0.068406,0.0029519999999999998,0.01335,0.015788999999999997
10190,-0.032324,-1.418606,-1.729669,-0.0049,0.988441,-0.151524,-0.033832999999999995,-0.049666,0.05966799999999999,0.004778,0.019051,0.011006
10191,-0.024128,-1.420412,-1.7209400000000001,-0.003614,0.988714,-0.149774,-0.05923,-0.009071,0.053029999999999994,0.005354,0.020426,0.016916
10192,-0.018212,-1.422452,-1.715091,-0.0026920000000000004,0.989017,-0.147776,-0.070786,0.018718000000000002,0.040094,-0.002817,0.018658,0.011805
10193,-0.01651,-1.424497,-1.714127,-0.002407,0.989317,-0.145758,-0.07798300000000001,0.052939,0.013293000000000001,-0.009526,0.010896,0.013097999999999999
10194,-0.015947,-1.4269120000000002,-1.714965,-0.002287,0.989667,-0.14337,-0.08628999999999999,0.075455,-0.015636,0.0056890000000000005,0.014621,0.012404
10195,-0.017188,-1.428926,-1.717729,-0.00243,0.9899530000000001,-0.141374,-0.09370099999999999,0.072349,-0.031706,0.009876000000000001,0.013312000000000001,0.006089
10196,-0.015809,-1.430909,-1.7180229999999999,-0.002204,0.990232,-0.139414,-0.090434,0.083008,-0.035967,0.019400999999999998,0.00252,0.000117
10197,-0.0071129999999999995,-1.4328610000000002,-1.7111299999999998,-0.000978,0.990502,-0.137495,-0.087263,0.08085,-0.031663,0.033067,0.009147,0.0019199999999999998
10198,-0.003886,-1.4345700000000001,-1.7096330000000002,-0.000528,0.9907360000000001,-0.135804,-0.081963,0.088228,-0.016678,0.034524,0.008563,-0.000136
10199,0.008466,-1.436075,-1.699691,0.001137,0.9909389999999999,-0.13430899999999998,-0.080776,0.131833,0.00037200000000000004,0.038109,-0.00020099999999999998,-0.0050799999999999994
10200,0.032072,-1.437522,-1.6794619999999998,0.004261,0.991132,-0.13281199999999999,-0.078532,0.17648599999999998,0.020636,0.042720999999999995,-0.002591,0.00325
10201,0.046032,-1.438972,-1.6692099999999999,0.0060479999999999996,0.991324,-0.131303,-0.071064,0.188132,0.032425999999999996,0.036447,-0.001425,0.001359
10202,0.067289,-1.440388,-1.65188,0.008744,0.991509,-0.129744,-0.060348,0.201931,0.035694,0.019287000000000002,0.011756,0.00125
10203,0.080982,-1.441458,-1.6427470000000002,0.010434,0.991647,-0.128556,-0.056932,0.24773499999999998,0.033524,0.02161,0.009741,-0.000442
10204,0.097954,-1.442469,-1.6312959999999999,0.012516,0.991777,-0.12736199999999998,-0.06106,0.293496,0.048394,0.025586,0.004957,-0.004978
10205,0.12328299999999999,-1.443263,-1.612147,0.01564,0.9918790000000001,-0.126223,-0.06739400000000001,0.320048,0.067607,0.026169,0.010639000000000001,-0.005308
10206,0.147102,-1.44441,-1.594866,0.018475,0.992024,-0.12468900000000001,-0.08125299999999999,0.33602,0.08137899999999999,0.022693,0.014721000000000001,-0.0062770000000000005
10207,0.171246,-1.445784,-1.577421,0.021248,0.992196,-0.12286400000000001,-0.091874,0.341406,0.075958,0.009254,0.022071,-0.005829
10208,0.188866,-1.44633,-1.566425,0.023308000000000002,0.9922639999999999,-0.12193699999999999,-0.073686,0.335019,0.059001,-0.003914,-0.0026550000000000002,-0.029766
10209,0.204157,-1.446676,-1.557815,0.0251,0.9923069999999999,-0.12123099999999999,-0.05229400000000001,0.337113,0.049533,-0.003173,-0.007093,-0.029343
10210,0.21999499999999997,-1.446736,-1.548368,0.027004000000000004,0.9923139999999999,-0.120761,-0.039633,0.310415,0.054998000000000005,0.0032700000000000003,-0.010961,-0.026029000000000004
10211,0.239754,-1.4462760000000001,-1.533915,0.029493000000000002,0.992257,-0.120647,-0.031498000000000005,0.242123,0.076508,0.014483000000000001,-0.001489,-0.010289
10212,0.26415900000000003,-1.445742,-1.513789,0.032566000000000005,0.9921909999999999,-0.120402,-0.017858000000000002,0.21004,0.095875,0.017879,0.004483,-0.008672
10213,0.288097,-1.4452459999999998,-1.494419,0.035579,0.992129,-0.12005999999999999,-0.019823,0.253698,0.102216,0.028234,0.008161,-0.01292
10214,0.319847,-1.444401,-1.468137,0.039635000000000004,0.992023,-0.11966500000000001,-0.030331999999999998,0.284646,0.097835,0.034553,0.010403,-0.006495
10215,0.346665,-1.444113,-1.447236,0.042927,0.991986,-0.11882899999999999,-0.029126,0.30704699999999996,0.089271,0.031658,-0.004543999999999999,-3.7e-05
10216,0.366035,-1.443981,-1.433899,0.045268,0.99197,-0.11809700000000001,-0.019466999999999998,0.30706500000000003,0.07652,0.02773,-0.011715,0.009363
10217,0.388368,-1.443712,-1.417814,0.047994999999999996,0.991936,-0.11730399999999999,-0.009818,0.31556300000000004,0.074442,0.021845,0.006279,0.009073000000000001
10218,0.406629,-1.443214,-1.4060139999999999,0.050324,0.991872,-0.116862,-0.0054789999999999995,0.340015,0.082987,0.019454,0.008692,-0.005178
10219,0.43117700000000003,-1.4418389999999999,-1.3886450000000001,0.053747,0.9916969999999999,-0.11682999999999999,-0.017082,0.37942800000000004,0.09354,0.016901,0.013537,-0.016486
10220,0.455584,-1.440624,-1.372088,0.057112,0.99154,-0.11656500000000002,-0.038321,0.406113,0.0987,0.005296,0.02288,-0.021419999999999998
10221,0.47740299999999997,-1.440224,-1.358105,0.059824,0.9914879999999999,-0.11564400000000001,-0.041549,0.39018400000000003,0.089084,-0.003321,0.020567,-0.019122
10222,0.49391,-1.4399030000000002,-1.348541,0.061876,0.9914459999999999,-0.11492100000000001,-0.025693999999999998,0.332701,0.064698,-0.011903,0.0151,-0.017418
10223,0.500449,-1.4399879999999998,-1.348343,0.062586,0.9914569999999999,-0.11444000000000001,-0.017067,0.327447,0.039124,-0.02099,0.00424,-0.004303
10224,0.508613,-1.440407,-1.347257,0.063316,0.991511,-0.11356199999999998,-0.027438999999999998,0.376554,0.021894999999999998,-0.011588,0.009770000000000001,-8.499999999999999e-05
10225,0.521263,-1.44117,-1.342409,0.06437000000000001,0.99161,-0.112096,-0.04648,0.394803,0.0035789999999999997,-0.002404,0.010175,0.005804
10226,0.536787,-1.442943,-1.334406,0.065203,0.9918379999999999,-0.109573,-0.056162000000000004,0.368244,-0.006068,0.001996,0.018309,0.027282
10227,0.554185,-1.445819,-1.324856,0.065599,0.9922,-0.105996,-0.07407899999999999,0.40988800000000003,-0.014793,-0.007234,0.004626,0.018425999999999998
10228,0.567365,-1.447453,-1.320427,0.066118,0.992403,-0.103755,-0.08665199999999999,0.4547,-0.021348,-0.001558,0.008634999999999999,0.018855
10229,0.5822470000000001,-1.449454,-1.3144,0.066563,0.992647,-0.1011,-0.09106399999999999,0.429123,-0.014937,-0.0046429999999999996,0.008634999999999999,0.008464
10230,0.5928359999999999,-1.451609,-1.31195,0.066434,0.992906,-0.098615,-0.09550399999999999,0.398215,-0.007453,-0.02136,0.0060420000000000005,-0.0015279999999999998
10231,0.5996090000000001,-1.453568,-1.312829,0.06600299999999999,0.993137,-0.096557,-0.088055,0.38756199999999996,-0.0138,-0.021584,0.011365,-0.01294
10232,0.601941,-1.45515,-1.317962,0.065338,0.9933200000000001,-0.095108,-0.079537,0.36735500000000004,-0.029742,-0.020737000000000002,0.006603,-0.019577
10233,0.601124,-1.456718,-1.325302,0.06437899999999999,0.9935,-0.093876,-0.060519,0.307705,-0.047695,-0.015138999999999998,0.006103,-0.010341
10234,0.59817,-1.458124,-1.334028,0.063315,0.9936590000000001,-0.092912,-0.042463,0.282105,-0.055015999999999995,-0.009864,0.004769,-0.0073230000000000005
10235,0.599689,-1.459329,-1.3384719999999999,0.06277999999999999,0.9937940000000001,-0.09182699999999999,-0.048796,0.301286,-0.050812,0.002588,0.008846,-0.005005
10236,0.608963,-1.4606729999999999,-1.3355620000000001,0.062865,0.993942,-0.090146,-0.063618,0.33008699999999996,-0.047746,0.012162000000000001,0.0043939999999999995,0.003522
10237,0.621779,-1.462252,-1.329584,0.063101,0.994115,-0.088056,-0.067843,0.344995,-0.042450999999999996,0.012979,0.0028940000000000003,0.009535
10238,0.636212,-1.463493,-1.321977,0.06363200000000001,0.9942489999999999,-0.08614400000000001,-0.048775,0.331016,-0.026275,0.014493,-0.0008710000000000001,0.004952000000000001
10239,0.651437,-1.46402,-1.313346,0.06461900000000001,0.9943049999999999,-0.084749,-0.032921,0.326585,0.002686,0.005312,-0.005108,0.0016350000000000002
10240,0.664281,-1.464067,-1.306841,0.065673,0.99431,-0.083875,-0.024562999999999998,0.317909,0.033734,0.002732,0.001891,-0.0036030000000000003
10241,0.679383,-1.463818,-1.2977940000000001,0.067087,0.994283,-0.083066,-0.029022000000000003,0.295473,0.054028,-0.002863,0.0027719999999999997,-0.0038020000000000003
10242,0.692262,-1.463825,-1.290063,0.068147,0.9942840000000001,-0.08219,-0.016527,0.239983,0.067003,-0.014894,0.003946,0.001364
10243,0.7038439999999999,-1.4632450000000001,-1.282522,0.06946799999999999,0.9942219999999999,-0.081835,0.012053,0.19405899999999998,0.071532,-0.021555,0.010798,0.004854
10244,0.707904,-1.463193,-1.282246,0.06983400000000001,0.994216,-0.081592,0.006774,0.190945,0.055472,-0.036722000000000005,0.015472999999999999,0.0052060000000000006
10245,0.7075100000000001,-1.464661,-1.286058,0.068853,0.994373,-0.08051,-0.000722,0.161242,0.030881,-0.03539,0.012661,0.0183
10246,0.7091430000000001,-1.465199,-1.287197,0.068636,0.9944299999999999,-0.079992,0.010978,0.129341,0.006431999999999999,-0.037508,0.010941,0.022206
10247,0.707769,-1.467698,-1.2910030000000001,0.06691,0.99469,-0.078197,0.005645000000000001,0.117697,-0.007483,-0.019469999999999998,0.013061000000000001,0.037562
10248,0.710688,-1.468802,-1.290411,0.06642200000000001,0.9948030000000001,-0.077169,-0.017781,0.11782100000000001,-0.018331,-0.01886,0.019784,0.034765
10249,0.715724,-1.470401,-1.2880459999999998,0.065765,0.994965,-0.075633,-0.042154000000000004,0.146703,-0.027085,-0.018875,0.026184,0.033992
10250,0.7240850000000001,-1.473183,-1.282842,0.06456100000000001,0.99524,-0.073006,-0.053827999999999994,0.157414,-0.031455000000000004,-0.021943,0.01651,0.026757
10251,0.728614,-1.475047,-1.281064,0.06365599999999999,0.9954200000000001,-0.07132899999999999,-0.056088,0.12442,-0.036772000000000006,-0.02026,0.009692000000000001,0.0171
10252,0.7274649999999999,-1.477216,-1.2842069999999999,0.062139,0.995625,-0.06978999999999999,-0.050889,0.083964,-0.047368,-0.017766,0.0013390000000000001,0.003964
10253,0.72121,-1.479042,-1.29182,0.0605,0.9957940000000001,-0.068811,-0.040269,0.064786,-0.05581799999999999,-0.014998,0.0032909999999999997,0.001261
10254,0.71714,-1.480601,-1.297081,0.059199,0.995935,-0.067887,-0.039241000000000005,0.056260000000000004,-0.055800999999999996,-0.010264,0.007818,0.001801
10255,0.713272,-1.482283,-1.301943,0.057839999999999996,0.996085,-0.066849,-0.032898000000000004,0.043455,-0.055741,-0.004693999999999999,0.0072109999999999995,0.0045780000000000005
10256,0.709901,-1.483434,-1.306027,0.056866999999999994,0.996186,-0.066174,-0.02014,0.032704000000000004,-0.050249,0.003436,0.005919,0.0005
10257,0.705874,-1.484129,-1.310868,0.056151,0.9962469999999999,-0.065875,-0.012653,0.047549,-0.039533,0.009386,0.0031579999999999998,-0.005154
10258,0.70412,-1.484437,-1.313693,0.055836000000000004,0.996273,-0.06573999999999999,-0.013719,0.050736,-0.036338999999999996,0.009349,0.002903,-0.002132
10259,0.7051430000000001,-1.485053,-1.313446,0.05550599999999999,0.996326,-0.065215,-0.017034999999999998,0.028364,-0.033127,0.006308,0.003018,0.007109999999999999
10260,0.702188,-1.485868,-1.316735,0.054789,0.996396,-0.064759,-0.01284,0.011309,-0.034145,-0.00329,0.0039700000000000004,0.006913
10261,0.696082,-1.486674,-1.323174,0.053877,0.9964639999999999,-0.064476,-0.005315,0.019822,-0.038377,-0.005339,0.008662999999999999,9.9e-05
10262,0.689331,-1.487379,-1.330371,0.052994000000000006,0.9965229999999999,-0.064296,-0.003163,0.020893000000000002,-0.041568,-0.0008089999999999999,0.013028999999999999,0.0028640000000000002
10263,0.681737,-1.488055,-1.338177,0.05207899999999999,0.9965790000000001,-0.06417300000000001,-0.003235,0.002792,-0.043682,-0.0028539999999999998,0.005069,0.002207
10264,0.673363,-1.489068,-1.346541,0.050910000000000004,0.996662,-0.063818,-0.005398,-0.004653,-0.044757,-0.007499,-0.001377,0.008993000000000001
10265,0.666697,-1.490086,-1.352925,0.049857,0.9967450000000001,-0.063359,-0.0011949999999999999,-0.019577,-0.045777,-0.00112,0.006399,0.008381999999999999
10266,0.6561060000000001,-1.49084,-1.3632950000000001,0.048725,0.9968049999999999,-0.063288,-2.7000000000000002e-05,-0.006759,-0.055399000000000004,-0.00394,0.005285,0.003947
10267,0.6456310000000001,-1.491624,-1.373737,0.047588,0.996868,-0.06317,-0.001056,-0.007781999999999999,-0.06501900000000001,0.004872,0.010701,0.002242
10268,0.636115,-1.492424,-1.382711,0.046511000000000004,0.9969299999999999,-0.062979,0.0051909999999999994,-0.040832,-0.063864,0.00514,0.00577,0.002097
10269,0.622159,-1.492977,-1.39584,0.045306,0.996974,-0.063173,0.009453,-0.037668,-0.059565,0.00221,0.006536,-0.001875
10270,0.609348,-1.493441,-1.408295,0.044229000000000004,0.9970100000000001,-0.06337000000000001,0.00532,-0.009948,-0.061765,0.006856999999999999,0.006668,-0.00206
10271,0.600481,-1.494018,-1.4169479999999999,0.04334,0.9970540000000001,-0.06328500000000001,-0.006449,-0.019485,-0.06397,0.008173999999999999,0.006486,0.0016239999999999998
10272,0.5913470000000001,-1.49543,-1.425633,0.041976,0.9971610000000001,-0.06251,-0.008575,-0.026895999999999996,-0.073589,-0.000701,0.008881,0.008387
10273,0.5743020000000001,-1.4966,-1.442242,0.04027,0.9972489999999999,-0.062236,-0.002098,-0.021544999999999998,-0.085302,-0.001666,0.013722,0.007533
10274,0.552396,-1.497615,-1.463773,0.038366000000000004,0.997323,-0.062241,0.006484,-0.023653999999999998,-0.098058,0.0011539999999999999,0.008505,0.000672
10275,0.5288189999999999,-1.498027,-1.486736,0.036680000000000004,0.997353,-0.062773,0.014924000000000002,-0.040744999999999996,-0.093703,0.009127,-0.0025109999999999998,-0.0069900000000000006
10276,0.506275,-1.498032,-1.5083799999999998,0.035254,0.9973540000000001,-0.063581,0.016964,-0.052509,-0.08405800000000001,0.010506999999999999,0.001532,-0.010546
10277,0.49077600000000005,-1.498109,-1.5229540000000001,0.034227999999999995,0.997359,-0.064051,0.011578,-0.047231999999999996,-0.067009,0.014722,0.0063479999999999995,-0.002248
10278,0.479958,-1.49832,-1.532945,0.033436,0.997375,-0.064231,0.011525,-0.045157,-0.053124,0.009945,0.0032359999999999997,0.002143
10279,0.466879,-1.49809,-1.5450409999999999,0.032697000000000004,0.997358,-0.064868,0.032791,-0.056965999999999996,-0.048686,0.007495,0.002825,-0.004407
10280,0.45130200000000004,-1.497285,-1.559348,0.032032,0.9972989999999999,-0.066092,0.050847,-0.068773,-0.042135,0.008434,-0.001511,-0.008798
10281,0.43486499999999995,-1.496035,-1.574293,0.031467,0.997207,-0.06774,0.052897,-0.08265,-0.03676,0.007581,-0.001266,-0.014490000000000001
10282,0.41963,-1.494807,-1.58764,0.030930000000000003,0.997114,-0.06932999999999999,0.051722000000000004,-0.105025,-0.034602,0.006347,0.0032670000000000004,-0.01174
10283,0.402505,-1.493701,-1.602576,0.03017,0.99703,-0.070864,0.057024,-0.11356199999999998,-0.035622,0.000546,-9.7e-05,-0.008298999999999999
10284,0.383873,-1.493054,-1.618994,0.029086,0.99698,-0.072012,0.066678,-0.111426,-0.045172000000000004,-0.000522,0.008651,0.0057729999999999995
10285,0.362235,-1.4921520000000001,-1.63831,0.027839999999999997,0.996909,-0.073466,0.07733200000000001,-0.12633,-0.056829,0.000495,0.009439,0.0032450000000000005
10286,0.341712,-1.490895,-1.656105,0.026747000000000003,0.9968100000000001,-0.075202,0.091085,-0.145579,-0.050298,0.007891,0.0114,0.0037450000000000005
10287,0.327472,-1.489347,-1.6679,0.02617,0.996685,-0.07703600000000001,0.08050800000000001,-0.10726400000000001,-0.032260000000000004,0.012206,0.010411,-0.0024920000000000003
10288,0.32305700000000004,-1.488061,-1.670875,0.026236000000000002,0.9965790000000001,-0.07836599999999999,0.048612999999999996,-0.06143099999999999,-0.011175,0.014841,0.012851,-0.003192
10289,0.320475,-1.4873319999999999,-1.672148,0.026262,0.996519,-0.079123,0.045258,-0.07641,0.00805,-0.001848,0.010820999999999999,0.005804
10290,0.30136199999999996,-1.486578,-1.6891779999999998,0.024968,0.9964559999999999,-0.080328,0.052549,-0.110546,0.01348,-0.030644,-0.001049,-0.010569
10291,0.287961,-1.48515,-1.700145,0.024294,0.9963350000000001,-0.08201900000000001,0.079222,-0.128676,-0.0044729999999999995,-0.027147000000000004,-0.002575,-0.013516
10292,0.263741,-1.482956,-1.7213060000000002,0.022869999999999998,0.996144,-0.084694,0.10366199999999999,-0.16917000000000001,-0.022413,-0.001889,0.006572,-0.010338
10293,0.249094,-1.480828,-1.732278,0.022149000000000002,0.995956,-0.087073,0.11102000000000001,-0.19051400000000002,-0.01913,0.001715,0.0034649999999999998,-0.005197
10294,0.238102,-1.478882,-1.739585,0.021648,0.9957790000000001,-0.08919500000000001,0.09500800000000001,-0.1841,-0.010704,0.00594,0.006052,0.000801
10295,0.232629,-1.477365,-1.741534,0.021508000000000003,0.9956379999999999,-0.090782,0.08008,-0.172368,-0.001208,0.004737,0.013897999999999999,0.007835
10296,0.226908,-1.475897,-1.74423,0.021317,0.9955,-0.09232699999999999,0.079123,-0.142559,0.004089,0.00238,0.010556999999999999,0.005612
10297,0.221293,-1.474283,-1.747318,0.021151,0.995346,-0.094013,0.081387,-0.116987,0.000867,0.0034460000000000003,0.007339,-0.002148
10298,0.215381,-1.4720209999999998,-1.7509970000000001,0.021075999999999998,0.9951260000000001,-0.096336,0.081432,-0.112704,-0.004479,0.001385,0.003135,-0.010537000000000001
10299,0.20861100000000002,-1.4704540000000001,-1.7557,0.020746,0.99497,-0.09800199999999999,0.074022,-0.103078,-0.0077469999999999995,-0.00033,0.002833,-0.003225
10300,0.20161099999999998,-1.469152,-1.760509,0.020319,0.9948389999999999,-0.099414,0.068621,-0.11691199999999999,-0.006698999999999999,-0.00213,0.008533,0.001239
10301,0.19161199999999998,-1.4680819999999999,-1.768159,0.019527000000000003,0.9947299999999999,-0.10065700000000001,0.064372,-0.11688,-0.011003,-0.010249,0.00788,-0.001715
10302,0.179601,-1.466681,-1.777784,0.018565,0.994585,-0.102255,0.064387,-0.11686700000000001,-0.014209999999999999,-0.011165000000000001,0.008145999999999999,-0.006418000000000001
10303,0.16969,-1.4654459999999998,-1.785475,0.017758000000000003,0.9944559999999999,-0.103645,0.059111000000000004,-0.107248,-0.017464,-0.00784,0.00884,-0.007744
10304,0.159298,-1.464321,-1.793813,0.016858,0.994337,-0.104929,0.051672,-0.09976900000000001,-0.016459,-0.008694,0.004534000000000001,-0.002646
10305,0.150114,-1.463632,-1.801073,0.015996,0.9942629999999999,-0.10575699999999999,0.046381,-0.094407,-0.020777,-0.013097,0.004928,0.00662
10306,0.13819800000000002,-1.4634040000000001,-1.811229,0.014766,0.994239,-0.10616300000000001,0.037911,-0.08476900000000001,-0.026192,-0.012156,0.010384000000000001,0.008643999999999999
10307,0.126073,-1.4631379999999998,-1.821698,0.013511000000000002,0.99421,-0.106598,0.030496,-0.080514,-0.028347000000000004,-0.012519,0.015372,0.0035859999999999998
10308,0.11473599999999999,-1.462632,-1.8315849999999998,0.012359,0.9941559999999999,-0.107244,0.020966,-0.070868,-0.034837,-0.016662,0.014099,-0.007838
10309,0.097259,-1.4618959999999999,-1.847602,0.010554000000000001,0.9940760000000001,-0.108171,0.022035,-0.077238,-0.041233,-0.021021,0.005802000000000001,-0.013944999999999999
10310,0.07792400000000001,-1.461028,-1.8653790000000001,0.008528,0.9939819999999999,-0.109215,0.027386,-0.081487,-0.048671,-0.021284,0.001075,-0.01078
10311,0.064481,-1.460167,-1.8769770000000001,0.007114,0.9938870000000001,-0.110175,0.037954,-0.100712,-0.045369,-0.010685,-5.1e-05,-0.011178
10312,0.05204400000000001,-1.459063,-1.8873919999999997,0.0058,0.993764,-0.111351,0.036836,-0.10712100000000001,-0.040027999999999994,-0.0031609999999999997,0.007884,-0.00895
10313,0.042533999999999995,-1.458308,-1.894654,0.0047729999999999995,0.9936799999999999,-0.112149,0.032473,-0.11674000000000001,-0.028297000000000003,-0.0020570000000000002,0.01546,-0.001818
10314,0.033976,-1.4577,-1.9009349999999998,0.003834,0.993611,-0.11279000000000002,0.029273,-0.116729,-0.028319,-0.005054,0.011805,-0.002444
10315,0.023809,-1.457039,-1.908653,0.002702,0.9935370000000001,-0.11348,0.03244,-0.128441,-0.032556,-0.006029,0.006097,-0.002975
10316,0.013683,-1.456158,-1.916062,0.001565,0.9934360000000001,-0.11437699999999999,0.039875,-0.135924,-0.032494999999999996,-0.0033350000000000003,0.004122,-0.004443
10317,0.007136,-1.455175,-1.92012,0.0008230000000000001,0.993323,-0.11536099999999999,0.035633,-0.125278,-0.027197000000000002,0.003815,0.004968,-0.002941
10318,0.002569,-1.454439,-1.9221009999999998,0.000298,0.993238,-0.116095,0.036618,-0.13278099999999998,-0.016497,0.008140000000000001,0.002688,-0.001199
10319,-0.000251,-1.4535790000000002,-1.922137,-2.8999999999999997e-05,0.993138,-0.116949,0.039761000000000005,-0.14239200000000002,-0.013257,0.008178,0.005229,-0.00242
10320,-0.0009550000000000001,-1.452439,-1.920125,-0.000113,0.9930040000000001,-0.11807999999999999,0.042982,-0.136019,-0.011105,0.010229,0.007499,-0.003807
10321,-0.0023940000000000003,-1.451474,-1.919143,-0.000285,0.9928889999999999,-0.119039,0.047322,-0.11156700000000001,-0.002559,0.012385,0.009994,-0.0022530000000000002
10322,0.001285,-1.450726,-1.9135360000000001,0.000154,0.9928,-0.119782,0.034562,-0.089202,0.010144,0.014556,0.007490000000000001,0.001648
10323,0.006631000000000001,-1.4503540000000001,-1.906582,0.000797,0.992756,-0.120149,0.028203,-0.074287,0.015423,0.012875,0.00462,0.006379
10324,0.011179000000000001,-1.449949,-1.9008779999999998,0.001348,0.992707,-0.120547,0.027241,-0.051908,0.014321,0.007045,0.008056,0.001894
10325,0.012433,-1.449531,-1.898725,0.001504,0.992656,-0.120959,0.020888,-0.041233,0.014263,-0.003182,0.0098,0.000842
10326,0.009918000000000001,-1.449669,-1.9004240000000001,0.001198,0.9926729999999999,-0.120826,0.007045999999999999,-0.037975999999999996,0.010956,-0.014184,0.012256,0.010688
10327,0.0033729999999999997,-1.4500870000000001,-1.9061169999999998,0.00040599999999999995,0.9927239999999999,-0.12041500000000001,-0.001428,-0.041074,-0.006194,-0.019129,0.012205,0.009972
10328,-0.0064340000000000005,-1.450516,-1.915098,-0.000772,0.992775,-0.11998800000000001,-0.001353,-0.038883999999999995,-0.021154,-0.019827,0.0075450000000000005,0.007638
10329,-0.018188,-1.450716,-1.926059,-0.002179,0.992799,-0.119771,-0.002411,-0.03675,-0.021168,-0.012958,0.012053,-0.00048300000000000003
10330,-0.024146,-1.4507889999999999,-1.931314,-0.0028899999999999998,0.992808,-0.11968499999999999,-0.006702,-0.034635,-0.013724,-0.014184,0.00974,-0.00266
10331,-0.031632,-1.450539,-1.937909,-0.0037939999999999996,0.992778,-0.119907,0.000666,-0.049604,-0.006178,-0.017416,0.005452,-0.008816
10332,-0.039162999999999996,-1.4496850000000001,-1.9442400000000002,-0.00473,0.992675,-0.120723,0.009137000000000001,-0.061364999999999996,-0.002902,-0.008759000000000001,0.0019690000000000003,-0.013661000000000001
10333,-0.040998,-1.449214,-1.9448029999999998,-0.004971,0.992618,-0.121181,0.008042,-0.06457,0.000299,-0.002903,0.004376,-0.014622
10334,-0.041000999999999996,-1.448706,-1.9434,-0.004992,0.992556,-0.12168499999999999,0.011191,-0.074176,0.00247,0.005221,0.00955,-0.00774
10335,-0.037245,-1.4481030000000001,-1.9381669999999998,-0.004557,0.992483,-0.1223,0.01756,-0.07210599999999999,0.012128,0.006631999999999999,0.004328,-0.00418
10336,-0.033746,-1.4476229999999999,-1.933357,-0.004145,0.992424,-0.12279200000000001,0.025062,-0.056187,0.020706,0.010523999999999999,0.00045,-0.002895
10337,-0.026345999999999998,-1.44725,-1.924996,-0.003246,0.9923780000000001,-0.12319000000000001,0.021884999999999998,-0.043422,0.028147000000000002,0.00584,0.008782,0.001501
10338,-0.021047999999999997,-1.446982,-1.9187349999999999,-0.0025989999999999997,0.992345,-0.123471,0.014344999999999998,-0.047704,0.039851,0.00292,0.009165999999999999,0.001843
10339,-0.014868000000000001,-1.4468450000000002,-1.9115810000000002,-0.001838,0.9923280000000001,-0.12362000000000001,0.012215,-0.043448,0.043035000000000004,0.000785,0.0075959999999999995,0.005166
10340,-0.01157,-1.446735,-1.9073810000000002,-0.0014320000000000001,0.9923139999999999,-0.123735,0.017592,-0.041306,0.035591000000000005,-0.012469,0.008006000000000001,0.004732
10341,-0.012226,-1.446415,-1.9069200000000002,-0.001517,0.992275,-0.124052,0.023916,-0.059434,0.034588,-0.017297,0.008884999999999999,0.001112
10342,-0.010506999999999999,-1.445871,-1.903789,-0.001309,0.992207,-0.12459300000000001,0.026026,-0.069012,0.030341000000000003,-0.014331,0.006679000000000001,-0.0018559999999999998
10343,-0.010748,-1.445722,-1.9024560000000001,-0.001341,0.992188,-0.124741,0.016394,-0.08279700000000001,0.022812,-0.0072959999999999995,0.015456000000000001,0.012193
10344,-0.012017,-1.446231,-1.901945,-0.001493,0.992252,-0.124234,0.003585,-0.091245,0.015255000000000001,-0.007815,0.015652000000000003,0.016659999999999998
10345,-0.013105,-1.446575,-1.901275,-0.0016239999999999998,0.992294,-0.12389100000000002,-0.0016649999999999998,-0.076295,0.010926,-0.009607,0.004547,0.01592
10346,-0.014481,-1.4470610000000002,-1.9014509999999998,-0.0017870000000000002,0.9923549999999999,-0.12340699999999999,0.003807,-0.052848,0.0034560000000000003,7.8e-05,-0.002837,0.010812
10347,-0.014341999999999999,-1.447425,-1.900384,-0.0017649999999999999,0.992399,-0.123046,0.013453999999999999,-0.042229,0.00351,0.000102,0.004335,0.013319999999999999
10348,-0.014574,-1.447411,-1.8998560000000002,-0.001794,0.992398,-0.12305999999999999,0.014509999999999999,-0.034814,0.013121,-0.006751000000000001,0.007404000000000001,0.012112999999999999
10349,-0.016862000000000002,-1.447287,-1.901434,-0.002077,0.992382,-0.123178,0.011309,-0.033742,0.014163,-0.009931,0.013462,-9.8e-05
10350,-0.017506999999999998,-1.4469,-1.901218,-0.002163,0.9923350000000001,-0.12356099999999999,0.017629,-0.046569,0.019563999999999998,-0.005725,0.005361,-0.003117
10351,-0.014847999999999998,-1.446469,-1.8974380000000002,-0.001841,0.992281,-0.123993,0.02182,-0.058323,0.024949000000000002,-0.000539,0.0032479999999999996,-0.001174
10352,-0.011467,-1.445927,-1.892755,-0.001428,0.9922139999999999,-0.124537,0.024964,-0.06793400000000001,0.028188,0.0009699999999999999,0.010075,-0.001745
10353,-0.0073560000000000006,-1.445608,-1.887143,-0.000918,0.992174,-0.124858,0.023829,-0.07435599999999999,0.036735000000000004,3e-06,0.008451,0.00375
10354,-0.003357,-1.445265,-1.881635,-0.00042,0.992131,-0.125201,0.020633000000000002,-0.07328,0.036711,-0.000877,0.01031,0.0037869999999999996
10355,0.001916,-1.445238,-1.8751759999999997,0.00023999999999999998,0.9921280000000001,-0.125228,0.01757,-0.04662,0.032382999999999995,0.00298,0.014464,0.006957
10356,0.005886,-1.445233,-1.870353,0.000737,0.9921270000000001,-0.12523199999999998,0.010144,-0.038067000000000004,0.031251,-0.002355,0.014616999999999998,0.009387000000000001
10357,0.006690000000000001,-1.445491,-1.868732,0.0008359999999999999,0.99216,-0.124975,0.009099,-0.040164,0.023768,-0.009045000000000001,0.010511,0.008001000000000001
10358,0.005906000000000001,-1.4460110000000002,-1.868714,0.000735,0.992224,-0.12445899999999999,0.004957,-0.035862,0.004539,-0.004596,0.016350999999999997,0.014931999999999999
10359,0.004264,-1.446358,-1.869898,0.000529,0.992268,-0.124117,-0.005526,-0.014438999999999999,-0.015858,0.000997,0.014187,0.014466999999999999
10360,0.002826,-1.447296,-1.8713259999999998,0.000348,0.992383,-0.12318599999999999,-0.024607,0.0016539999999999999,-0.027762000000000002,0.008914,0.019441999999999997,0.013475999999999998
10361,-0.000684,-1.448613,-1.8751360000000001,-8.3e-05,0.9925450000000001,-0.121879,-0.038363999999999995,0.023025,-0.032157,0.000526,0.013741999999999999,0.014137
10362,-0.006794,-1.44985,-1.8821299999999999,-0.00082,0.9926950000000001,-0.120649,-0.041413,0.050759,-0.038624,-0.003239,0.006817,-0.001086
10363,-0.01425,-1.450675,-1.89078,-0.0017079999999999999,0.9927940000000001,-0.119821,-0.039193,0.058254999999999994,-0.050369,-0.00464,0.006306,0.0008179999999999999
10364,-0.024480000000000002,-1.451589,-1.902253,-0.002911,0.9929030000000001,-0.11888900000000001,-0.041264999999999996,0.062562,-0.060003999999999995,-0.0042,0.008623,0.002175
10365,-0.036425,-1.4526370000000002,-1.915677,-0.004293,0.993027,-0.117807,-0.045442,0.076451,-0.066461,-0.0069370000000000005,0.008041,0.0029230000000000003
10366,-0.050052,-1.4537719999999998,-1.9308610000000002,-0.005842,0.99316,-0.11661099999999999,-0.046515,0.07008500000000001,-0.07180299999999999,-0.006411,0.01099,0.006823999999999999
10367,-0.065616,-1.454787,-1.9477520000000001,-0.00759,0.9932780000000001,-0.1155,-0.046544,0.059449,-0.07606399999999999,-0.009821,0.00988,0.001517
10368,-0.08307200000000001,-1.45571,-1.966416,-0.009528,0.9933850000000001,-0.11443699999999998,-0.049717000000000004,0.05418099999999999,-0.08783200000000001,-0.010948999999999999,0.008858,0.0009109999999999999
10369,-0.10156,-1.456848,-1.9859950000000002,-0.011528,0.9935149999999999,-0.11311600000000001,-0.053961,0.048912,-0.098538,-0.004784,0.011063,0.006686
10370,-0.121755,-1.4582979999999999,-2.007459,-0.013635,0.9936790000000001,-0.11143,-0.06557400000000001,0.06391799999999999,-0.111457,-0.002647,0.009175,0.011653
10371,-0.144191,-1.460019,-2.031517,-0.015885,0.99387,-0.109403,-0.073992,0.082091,-0.120085,-0.00024300000000000002,0.013072,0.015073
10372,-0.167693,-1.46165,-2.0570150000000003,-0.018181,0.994049,-0.107401,-0.081376,0.097048,-0.124429,-0.000755,0.012161,0.009531
10373,-0.191404,-1.463121,-2.082928,-0.020444,0.994209,-0.105504,-0.082429,0.104492,-0.120174,-0.001437,0.0034869999999999996,0.003087
10374,-0.21679299999999999,-1.464141,-2.110404,-0.022897999999999998,0.994318,-0.10396199999999998,-0.081425,0.088518,-0.12228299999999999,-0.006399,0.005118,-0.0035520000000000005
10375,-0.241821,-1.465008,-2.136947,-0.025286000000000003,0.99441,-0.102519,-0.066623,0.058638,-0.122142,0.0016350000000000002,0.007238,-0.002171
10376,-0.264407,-1.46525,-2.160698,-0.027532,0.9944350000000001,-0.10169,-0.057116,0.046848,-0.112447,-0.00059,8.7e-05,-0.011988
10377,-0.28322800000000004,-1.465375,-2.180423,-0.029406,0.994448,-0.101034,-0.051899,0.035052999999999994,-0.09744,0.006533,0.003232,-0.011988
10378,-0.29686,-1.465529,-2.1949389999999998,-0.030736000000000003,0.9944639999999999,-0.100477,-0.04233,0.040293999999999996,-0.08455900000000001,0.012685,-0.001423,-0.010332
10379,-0.305674,-1.465634,-2.204479,-0.031589,0.994476,-0.100103,-0.032875,0.021031,-0.070579,0.01929,-0.002578,-0.008036
10380,-0.311822,-1.465563,-2.210718,-0.032225,0.994468,-0.09997400000000001,-0.017096,-0.013177000000000001,-0.054399,0.013671,-0.003379,-0.010423
10381,-0.31751799999999997,-1.465264,-2.216011,-0.032887,0.9944370000000001,-0.10007100000000001,0.0051600000000000005,-0.029301999999999998,-0.03713,0.014271,-0.005118,-0.007183
10382,-0.317634,-1.4642700000000002,-2.215704,-0.033207,0.994331,-0.101006,0.020075,-0.020887,-0.023149,0.011906,-0.0026780000000000003,-0.018104
10383,-0.31505500000000003,-1.463381,-2.212572,-0.03322,0.994237,-0.101931,0.034869,-0.036982,-0.007,0.016329,-0.000615,-0.018293
10384,-0.30783499999999997,-1.462364,-2.204196,-0.03279,0.9941270000000001,-0.10313299999999999,0.048481,-0.072273,0.015575,0.019073,0.007887,-0.018463999999999998
10385,-0.292695,-1.461139,-2.1874279999999997,-0.031576,0.993994,-0.10478299999999999,0.05689400000000001,-0.08196200000000001,0.033809,0.024191,0.002314,-0.014616999999999998
10386,-0.277985,-1.4602,-2.1712439999999997,-0.030288,0.9938899999999999,-0.106135,0.060091,-0.066062,0.050905,0.026443,0.000388,-0.010229
10387,-0.259262,-1.459449,-2.1512580000000003,-0.028487000000000002,0.993807,-0.107404,0.058948,-0.061882000000000006,0.072259,0.027693000000000002,0.0029879999999999998,-0.006091
10388,-0.232148,-1.45894,-2.122704,-0.025681,0.993751,-0.10862899999999999,0.059924,-0.073637,0.080832,0.014450999999999999,0.003503,-0.003401
10389,-0.214961,-1.458,-2.104025,-0.024009,0.9936450000000001,-0.10996700000000001,0.061049,-0.066163,0.07549,0.012336,0.002769,-0.00655
10390,-0.199094,-1.4571530000000001,-2.086851,-0.022428,0.99355,-0.111159,0.054702,-0.060832000000000004,0.072264,0.010754999999999999,0.004055,-0.0033130000000000004
10391,-0.18265399999999998,-1.456691,-2.06907,-0.020681,0.993497,-0.11196300000000001,0.040803,-0.068236,0.07111,0.0038200000000000005,0.01192,0.006739
10392,-0.17144500000000001,-1.456382,-2.056372,-0.019477,0.9934620000000001,-0.11249100000000001,0.037607,-0.072464,0.065751,-0.0017629999999999998,0.007606,0.008701
10393,-0.163805,-1.455743,-2.0470509999999997,-0.018721,0.993389,-0.11326199999999999,0.045085,-0.075665,0.060466,-0.013247,0.012089,-0.001103
10394,-0.160103,-1.454248,-2.042067,-0.018538,0.993216,-0.114797,0.050602999999999995,-0.048997000000000006,0.046581,-0.002916,0.009073000000000001,-0.004771
10395,-0.151677,-1.4534280000000002,-2.032353,-0.017693,0.9931200000000001,-0.115754,0.046192000000000004,-0.073513,0.054059,-0.001212,0.008604,-0.002257
10396,-0.143304,-1.4526379999999999,-2.021963,-0.016835,0.993028,-0.116675,0.04281,-0.108676,0.059421,-0.008418,0.004790999999999999,-0.0059299999999999995
10397,-0.13892000000000002,-1.451575,-2.015212,-0.01647,0.9929020000000001,-0.11779400000000001,0.047083,-0.107626,0.059447,-0.011498999999999999,0.005054,-0.002781
10398,-0.132162,-1.450695,-2.006465,-0.015788999999999997,0.9927959999999999,-0.11876800000000001,0.046105,-0.090523,0.056234000000000006,-0.009617,0.0058909999999999995,-0.002326
10399,-0.12496199999999999,-1.45001,-1.997184,-0.015018,0.992714,-0.11955299999999999,0.047061,-0.111845,0.059473000000000005,-0.001629,0.011635,0.002503
10400,-0.117423,-1.449031,-1.9872020000000001,-0.014230000000000001,0.9925959999999999,-0.120628,0.053390999999999994,-0.12466300000000001,0.062737,-0.006522,0.005726,-0.002464
10401,-0.108723,-1.448024,-1.9759759999999997,-0.013288,0.9924729999999999,-0.12174000000000001,0.054501,-0.11295699999999999,0.064866,-0.0014060000000000001,0.007939,-0.003061
10402,-0.101128,-1.4468889999999999,-1.9662220000000001,-0.012477,0.992333,-0.12295899999999998,0.043862,-0.104406,0.06691699999999999,-0.005971,0.016334,-0.006405
10403,-0.092568,-1.446218,-1.9555209999999998,-0.011486,0.99225,-0.123724,0.042824,-0.101194,0.063701,-9.6e-05,0.00865,0.0008759999999999999
10404,-0.08609,-1.445509,-1.946678,-0.010744,0.9921620000000001,-0.124497,0.045957,-0.122485,0.057339999999999995,-0.007581,0.010920000000000001,0.0034340000000000004
10405,-0.081046,-1.445008,-1.9391740000000002,-0.010157,0.992099,-0.12504500000000002,0.035393,-0.109622,0.046567000000000004,-0.000982,0.008893,0.005065
10406,-0.075317,-1.44471,-1.93166,-0.009462,0.9920620000000001,-0.125397,0.027038,-0.07544400000000001,0.043316,0.003664,0.00658,0.006072999999999999
10407,-0.067892,-1.444682,-1.9229720000000001,-0.008533,0.992058,-0.12549100000000002,0.018574,-0.050947000000000006,0.051772000000000006,0.004535,0.015419,0.012912
10408,-0.061157,-1.4449809999999998,-1.915385,-0.007669,0.9920959999999999,-0.125249,0.005794,-0.033905000000000005,0.06341000000000001,-0.007986,-0.004043,0.009618000000000002
10409,-0.05655,-1.445101,-1.9098959999999998,-0.007086,0.9921110000000001,-0.125164,0.012223000000000001,-0.04239,0.048509,-0.011622,0.0034950000000000003,0.00375
10410,-0.054491,-1.444763,-1.906725,-0.006846,0.9920680000000001,-0.12551400000000001,0.030402999999999996,-0.054086,0.027286,-0.014791,-0.003848,0.005626
10411,-0.060015,-1.444494,-1.9112360000000002,-0.007555,0.992034,-0.12574000000000002,0.01881,-0.042246,0.00689,-0.020338,0.022767,0.007423000000000001
10412,-0.064165,-1.444612,-1.914791,-0.00807,0.992049,-0.12559,-0.008795,-0.025054,-0.006145,-0.019183000000000002,0.030366000000000004,0.007640000000000001
10413,-0.072202,-1.4454989999999999,-1.9221,-0.009015,0.9921610000000001,-0.124644,-0.018451,-0.040982,-0.010467,-0.012256,0.004818,0.012415
10414,-0.078296,-1.446167,-1.927545,-0.009723,0.992244,-0.123927,-0.020465999999999998,-0.021769999999999998,-0.017985,-0.013608000000000002,-0.001628,0.014521000000000001
10415,-0.087618,-1.447458,-1.936895,-0.010765,0.992403,-0.122554,-0.036233999999999995,0.011393,-0.027620999999999996,-0.012214000000000001,0.012357,0.014322999999999999
10416,-0.10482999999999999,-1.4494200000000002,-1.9544830000000002,-0.012669,0.992643,-0.120413,-0.06708099999999999,0.021135,-0.039604,-0.023662,0.022158,0.009589
10417,-0.11889100000000001,-1.450984,-1.968784,-0.014177,0.9928309999999999,-0.118682,-0.085232,0.003148,-0.054665,-0.026167000000000003,0.02696,0.002105
10418,-0.13840999999999998,-1.451848,-1.9883790000000001,-0.016372,0.992934,-0.117533,-0.06704199999999999,0.008437,-0.060957000000000004,-0.024613,0.015321000000000001,-0.015829
10419,-0.152895,-1.451265,-2.003295,-0.018161,0.992865,-0.11785599999999999,-0.041394,0.018992,-0.05865700000000001,0.0032990000000000003,-0.00733,-0.02167
10420,-0.157305,-1.451163,-2.00751,-0.018697,0.9928520000000001,-0.117875,-0.019391,-0.039799,-0.027449,0.015125999999999999,-0.013177000000000001,-0.024963
10421,-0.151144,-1.450297,-1.9998310000000001,-0.0181,0.992749,-0.11883699999999998,0.005790999999999999,-0.0965,0.011259,0.02196,-0.01318,-0.023375
10422,-0.14766400000000002,-1.449986,-1.9942349999999998,-0.017731,0.992711,-0.11920499999999999,0.031307,-0.09559,0.040402,0.033158,-0.0038350000000000003,-0.026761
10423,-0.129991,-1.4490530000000001,-1.975041,-0.015742,0.992598,-0.12041900000000001,0.032418,-0.065847,0.060672000000000004,0.050638999999999997,-0.00389,-0.023533000000000002
10424,-0.11963299999999999,-1.448891,-1.963279,-0.014513,0.9925790000000001,-0.120734,0.007790000000000001,-0.073269,0.07332799999999999,0.053408000000000004,0.007375,0.006431
10425,-0.10108400000000001,-1.449657,-1.943196,-0.012194,0.9926719999999999,-0.120226,0.005639,-0.073274,0.076521,0.042712,0.006764,0.024675
10426,-0.090915,-1.4496719999999998,-1.9319529999999998,-0.01097,0.9926729999999999,-0.12032899999999999,0.0037549999999999997,-0.031665,0.062568,0.02101,0.008334000000000001,0.023436000000000002
10427,-0.084575,-1.4503469999999998,-1.925513,-0.01015,0.9927549999999999,-0.119729,-0.014019,0.020711,0.033533999999999994,-0.0033539999999999998,0.017408,0.019296
10428,-0.081626,-1.4511049999999999,-1.923859,-0.009736,0.9928459999999999,-0.11900799999999999,-0.050899,0.092338,0.002206,-0.018813,0.031645,0.030691000000000003
10429,-0.089103,-1.45317,-1.933613,-0.010443000000000001,0.9930899999999999,-0.11689000000000001,-0.07731,0.120252,-0.028995,-0.027048000000000003,0.029981,0.029702
10430,-0.09608,-1.454754,-1.942955,-0.011106999999999999,0.993275,-0.115248,-0.086811,0.10878499999999999,-0.057746000000000006,-0.031831,0.022381,0.023421
10431,-0.11456600000000002,-1.456446,-1.9635200000000002,-0.013044,0.993469,-0.113352,-0.088912,0.097151,-0.076977,-0.03052,0.012283,0.005274
10432,-0.128549,-1.457917,-1.979152,-0.01444,0.9936360000000001,-0.11171099999999999,-0.078402,0.060899,-0.077925,-0.021968,0.002534,-0.0058579999999999995
10433,-0.14456,-1.458857,-1.9959630000000002,-0.016092,0.993741,-0.11054000000000001,-0.057261,0.023515,-0.07132100000000001,-0.009039,-0.00572,-0.0035039999999999997
10434,-0.157131,-1.459517,-2.00917,-0.017378,0.993815,-0.10968199999999999,-0.040157,0.034095,-0.068011,0.032789,0.014562,0.005098
10435,-0.158919,-1.46059,-2.011777,-0.017405,0.993933,-0.108598,-0.043435,0.030855,-0.054139,0.042872,0.02926,0.007051000000000001
10436,-0.166377,-1.461388,-2.019777,-0.018083000000000002,0.9940209999999999,-0.10768299999999999,-0.044656,0.02754,-0.023163999999999997,0.026764999999999997,-0.004183,0.019639
10437,-0.166404,-1.462102,-2.020811,-0.017968,0.994099,-0.106983,-0.028629,0.06994500000000001,0.014281,0.013009,-0.011341,0.016025
10438,-0.15948299999999999,-1.462666,-2.015915,-0.017138999999999998,0.99416,-0.10655,-0.012518000000000001,0.120003,0.038988,-0.0015689999999999999,-0.008839,0.0038280000000000002
10439,-0.148324,-1.463093,-2.007404,-0.015886,0.9942059999999999,-0.106315,-0.014641999999999999,0.135934,0.05284,-0.001738,0.009884,0.005118
10440,-0.13555799999999998,-1.4634639999999999,-1.997035,-0.014477,0.994245,-0.106144,-0.0073030000000000005,0.11139,0.057196000000000004,-0.0038179999999999998,0.007509,0.003071
10441,-0.132475,-1.4638950000000002,-1.995741,-0.014093000000000001,0.994291,-0.10576300000000001,0.004368,0.089013,0.048757,-0.018576,-0.0024850000000000002,0.010167
10442,-0.130942,-1.464405,-1.9958369999999999,-0.013865,0.994346,-0.105281,0.014001,0.084765,0.037077,-0.023992,0.004647,0.022441
10443,-0.12167,-1.464098,-1.9881799999999998,-0.012925,0.9943129999999999,-0.105709,0.020359,0.078338,0.040335,-0.026458,0.0036119999999999998,0.023464
10444,-0.11241500000000001,-1.463933,-1.9802819999999999,-0.011965,0.994295,-0.10598699999999998,0.006428,0.062416,0.038120999999999995,-0.035597000000000004,0.019468,0.0009
10445,-0.116601,-1.4639469999999999,-1.985038,-0.012407,0.994297,-0.105921,-0.006504,0.007174,0.011393,-0.027693000000000002,0.018948,-0.001439
10446,-0.12428299999999999,-1.4640799999999998,-1.992117,-0.013203999999999999,0.9943110000000001,-0.10569200000000001,-0.00883,-0.046873000000000005,-0.0066549999999999995,-0.023997,0.009015,0.001078
10447,-0.140982,-1.4643979999999999,-2.0074959999999997,-0.014922,0.994345,-0.105144,0.006065999999999999,-0.07879,-0.030014,-0.018677000000000003,0.005425999999999999,0.008983
10448,-0.150662,-1.46443,-2.015266,-0.015934999999999998,0.994348,-0.10496300000000001,0.010083,-0.098124,0.0063560000000000005,-0.021724,0.013373,0.010496
10449,-0.158949,-1.46466,-2.021918,-0.016768,0.994373,-0.104601,0.011186,-0.067325,0.028752999999999997,-0.016619,0.002255,0.006136
10450,-0.155063,-1.464497,-2.016553,-0.016386,0.9943559999999999,-0.104826,0.022844999999999997,-0.07698300000000001,0.036324,0.011137000000000001,-0.0038469999999999997,0.005231
10451,-0.138461,-1.464532,-1.998014,-0.014639,0.994359,-0.10505,0.032287,-0.10686500000000002,0.041773000000000005,0.014196,0.007365000000000001,0.009789
10452,-0.127849,-1.464431,-1.985224,-0.013536000000000001,0.9943489999999999,-0.105298,0.034362000000000004,-0.10586300000000001,0.055674,0.009812999999999999,0.009253,0.012601000000000001
10453,-0.118151,-1.464377,-1.973646,-0.012521,0.994343,-0.105478,0.033462,-0.079185,0.044952,0.0061270000000000005,0.011089,0.015894
10454,-0.10531700000000001,-1.4646629999999998,-1.95947,-0.011136,0.994373,-0.105347,0.031439999999999996,-0.062861,0.027880000000000002,0.01901,0.010708,0.009736
10455,-0.087225,-1.464793,-1.940286,-0.009217,0.9943870000000001,-0.105403,0.0294,-0.056402,0.012907,0.030106,0.017866,0.007243
10456,-0.0764,-1.464633,-1.9285869999999998,-0.008088,0.9943700000000001,-0.105655,0.018784,-0.037219999999999996,0.020288999999999998,0.029969,0.016052,0.006503
10457,-0.059588999999999996,-1.465076,-1.911407,-0.0062840000000000005,0.994417,-0.10533599999999999,0.012505,-0.011622,0.018080000000000002,0.023267,0.007277,0.009602
10458,-0.044083,-1.465042,-1.896073,-0.004652,0.9944129999999999,-0.105455,0.009386,0.01817,0.029774000000000002,0.012419,0.006792,-0.0035240000000000002
10459,-0.036054,-1.4648,-1.88874,-0.003814,0.9943879999999999,-0.10572899999999999,0.0041670000000000006,0.042694,0.028638,0.007079,0.00607,-0.006957
10460,-0.027831,-1.464338,-1.8811080000000002,-0.002957,0.994339,-0.106217,0.006168,0.02453,0.040426,-0.000721,0.010223999999999999,-0.008346
10461,-0.021636000000000002,-1.463402,-1.8752220000000002,-0.0023190000000000003,0.994239,-0.10716300000000001,0.007161,0.017031,0.050056,-0.006287,0.0069819999999999995,-0.013489
10462,-0.013727000000000001,-1.4629290000000001,-1.8676119999999998,-0.001478,0.994188,-0.10764800000000001,0.013574000000000001,0.016246,0.040514,-0.005404,0.0067280000000000005,-0.011874
10463,-0.009587,-1.462334,-1.863675,-0.001038,0.994124,-0.10824500000000001,0.024319999999999998,0.00885,0.016028999999999998,0.000336,0.005922,-0.003175
10464,-0.007193000000000001,-1.4619950000000002,-1.8611939999999998,-0.000781,0.994087,-0.10858399999999999,0.03282,-0.01243,0.002229,0.003924,0.011528,0.009554
10465,-0.0036270000000000004,-1.461973,-1.857564,-0.000394,0.994085,-0.108608,0.030757,0.008862,0.007529999999999999,0.0056890000000000005,0.003169,0.01176
10466,-0.001941,-1.461916,-1.85641,-0.00021099999999999998,0.994078,-0.10866500000000001,0.009529000000000001,0.036621,0.01055,-0.0031,0.006257,0.0025399999999999997
10467,0.000341,-1.461718,-1.8550200000000001,3.7e-05,0.994057,-0.10886199999999999,-0.002177,0.049419,0.016861,-0.004279,0.003914,-0.006402
10468,-0.000508,-1.461441,-1.8565459999999998,-5.5e-05,0.994027,-0.10913699999999998,0.012639,0.026979000000000003,0.021263999999999998,-0.017126,-0.000512,-0.003778
10469,-0.00957,-1.460923,-1.8656840000000001,-0.001049,0.99397,-0.10964700000000001,0.015759,-0.0006900000000000001,0.011703,-0.033694999999999996,0.016787,-0.007494
10470,-0.020774,-1.460392,-1.876798,-0.0022890000000000002,0.9939120000000001,-0.11015599999999999,0.007320999999999999,-0.002448,-0.012901,-0.024978999999999998,0.027556999999999998,-0.008863
10471,-0.026443,-1.460383,-1.8822169999999998,-0.002913,0.9939110000000001,-0.11015,0.008339,-0.021592,-0.021416,0.001586,0.006562,0.005414
10472,-0.026468000000000002,-1.4606299999999999,-1.8817380000000001,-0.0029100000000000003,0.9939379999999999,-0.10990499999999999,0.002932,-0.030125,-0.013963999999999999,0.011806,0.004857,0.009106
10473,-0.026316000000000003,-1.461175,-1.8810209999999998,-0.002879,0.9939979999999999,-0.10936400000000002,-0.008801,-0.027957999999999997,-0.012979,0.008723,0.015309999999999999,0.008611
10474,-0.027041000000000003,-1.461853,-1.8814689999999998,-0.00294,0.994072,-0.108688,-0.015102,-0.007687,-0.015184,0.007762000000000001,0.009774,0.008895
10475,-0.028973000000000002,-1.462244,-1.883421,-0.0031379999999999997,0.9941139999999999,-0.108294,-0.003296,0.0029460000000000003,-0.020456000000000002,0.001201,-0.003101,0.005312
10476,-0.03188,-1.462434,-1.8865330000000002,-0.003447,0.994135,-0.10809500000000001,0.0053,0.012521,-0.024681,0.00627,0.006247,0.003572
10477,-0.030844,-1.462392,-1.886032,-0.0033369999999999997,0.99413,-0.10814100000000001,-0.012773,0.030677,-0.020556,0.012965,0.006847,-0.003278
10478,-0.027673000000000003,-1.463036,-1.8837669999999997,-0.0029760000000000003,0.9941989999999999,-0.107511,-0.035143,0.0501,-0.0068319999999999995,0.013031000000000001,0.015688,0.001051
10479,-0.02731,-1.4634690000000001,-1.884597,-0.002925,0.994246,-0.107081,-0.039351,0.067142,-0.002611,-0.006734,0.015825,-0.016286000000000002
10480,-0.028124,-1.463652,-1.886846,-0.003007,0.994265,-0.106898,-0.023318000000000002,0.07135599999999999,-0.004640999999999999,-0.008727,0.004987,-0.022817
10481,-0.034000999999999997,-1.462281,-1.8938709999999999,-0.003682,0.9941180000000001,-0.10824,-0.0020239999999999998,0.047896,-0.017283,-0.011318,-0.003258,-0.025244
10482,-0.039064999999999996,-1.46181,-1.899515,-0.004248,0.994067,-0.108688,-0.005347,0.015967,-0.021539,-0.011438,0.008709999999999999,-0.027405000000000002
10483,-0.043137,-1.461629,-1.9036970000000002,-0.004698,0.9940469999999999,-0.108849,-0.017182,0.003186,-0.011992000000000001,-0.008089,0.015931999999999998,-0.023918000000000002
10484,-0.043481,-1.4619209999999998,-1.9042009999999998,-0.004723,0.994079,-0.10855799999999999,-0.017182,0.00743,-0.007723999999999999,0.007882,0.001466,-0.0037619999999999997
10485,-0.041817,-1.4618659999999999,-1.902679,-0.004545,0.994073,-0.10862000000000001,0.003041,-0.00011,-0.004367,0.0022559999999999998,-0.000405,-0.005286
10486,-0.044681,-1.4615690000000001,-1.9051099999999999,-0.004869,0.994041,-0.108902,0.015784,-0.025537999999999998,-0.012792,-0.001372,-0.006385,-0.007141
10487,-0.052166,-1.4608290000000002,-1.911916,-0.005722,0.9939600000000001,-0.109597,0.015771,-0.034038,-0.018124,-0.010849,-0.0009019999999999999,-0.007026
10488,-0.056258,-1.46055,-1.915525,-0.006186,0.9939290000000001,-0.10985,0.011575,-0.020166,-0.020308,-0.008309,0.001112,-0.0073230000000000005
10489,-0.057356,-1.460309,-1.916232,-0.006321,0.9939030000000001,-0.11008,0.032787000000000004,-0.03945,-0.011588,-0.002041,0.02804,0.003452
10490,-0.061989999999999996,-1.4599799999999998,-1.919816,-0.006851,0.993866,-0.110377,0.016673,-0.053285,-0.0010019999999999999,-0.010223999999999999,0.041366,-0.007772
10491,-0.067069,-1.460117,-1.9241130000000002,-0.007402,0.9938809999999999,-0.110206,-0.014141999999999998,-0.021236,0.003013,-0.020277,0.013656999999999999,0.0011359999999999999
10492,-0.075249,-1.4602469999999999,-1.932041,-0.008294,0.9938959999999999,-0.11001199999999998,-0.021686,-0.011729,0.02965,-0.029151,0.005967,-0.006947
10493,-0.082754,-1.460133,-1.9388900000000002,-0.009129,0.993883,-0.11005899999999999,-0.022904,-0.037326,0.038215,-0.033260000000000005,0.007261,-0.013888
10494,-0.083552,-1.460214,-1.938451,-0.00921,0.993892,-0.109972,-0.021961,-0.070332,0.032921,-0.028113,0.005528,-0.016890000000000002
10495,-0.089942,-1.459849,-1.94278,-0.009945,0.9938520000000001,-0.11027200000000001,-0.015745,-0.119154,0.028727999999999997,-0.023869,0.00479,-0.013721
10496,-0.097722,-1.459625,-1.947268,-0.010824,0.993827,-0.11041300000000001,-0.0032479999999999996,-0.18101,0.0353,-0.026438,-0.000983,-0.007308
10497,-0.10054400000000001,-1.45949,-1.9461220000000001,-0.011149,0.993812,-0.11051500000000002,0.013734999999999999,-0.19281700000000002,0.042908999999999996,-0.029653,-0.017387,0.002407
10498,-0.10591199999999999,-1.459285,-1.9475099999999999,-0.011764,0.9937889999999999,-0.11065599999999999,0.02103,-0.188753,0.08567899999999999,-0.031647,-0.01715,0.007873
10499,-0.099758,-1.459152,-1.937403,-0.011096,0.9937739999999999,-0.11085899999999999,0.035855,-0.19527,0.103948,-0.015865999999999998,0.001175,0.007999
10500,-0.08284,-1.458434,-1.9160560000000002,-0.009278,0.9936940000000001,-0.11174100000000001,0.053805,-0.22733000000000003,0.113729,0.0019690000000000003,0.019978,-0.000991
10501,-0.065251,-1.457437,-1.893686,-0.007376000000000001,0.993582,-0.112876,0.060249000000000004,-0.233679,0.097759,0.007238,0.02215,-0.000207
10502,-0.054311,-1.4566350000000001,-1.878175,-0.006184,0.993491,-0.113745,0.050899,-0.215281,0.060256,0.023899,0.018213,0.013647999999999999
10503,-0.051634000000000006,-1.455837,-1.871663,-0.00592,0.9934,-0.114553,0.034199,-0.172452,0.020561000000000003,0.071289,0.018731,0.042394
10504,-0.036909,-1.456728,-1.854393,-0.0042,0.993501,-0.11374300000000001,0.007941,-0.100901,-0.001073,0.081822,0.02223,0.047993
10505,-0.039156,-1.456941,-1.856009,-0.0044469999999999996,0.993525,-0.113523,-0.02138,0.013221,-0.00997,0.094764,0.018254,0.050076999999999997
10506,-0.038264,-1.4575879999999999,-1.8568900000000002,-0.0043219999999999995,0.993599,-0.112884,-0.041171,0.130429,0.000424,0.067707,0.026482,0.03508
10507,-0.033369,-1.458598,-1.8557830000000002,-0.003735,0.993712,-0.111901,-0.054686,0.218856,0.00983,0.054089,0.017854,0.025276
10508,-0.027186000000000002,-1.459776,-1.8542990000000001,-0.003012,0.9938440000000001,-0.110751,-0.057790999999999995,0.23911100000000002,0.008714,0.025518,0.005607,0.013553
10509,-0.02197,-1.460726,-1.8536419999999998,-0.0024129999999999998,0.9939479999999999,-0.109821,-0.039726,0.21776399999999999,0.003527,0.000338,0.001718,-0.002026
10510,-0.017759,-1.461157,-1.8531990000000003,-0.001943,0.9939959999999999,-0.109403,-0.01115,0.169916,0.006940999999999999,-0.006053,0.005867,0.0005769999999999999
10511,-0.012147,-1.461079,-1.8503319999999999,-0.00133,0.9939870000000001,-0.10949,0.007761,0.11866099999999999,0.021026,-0.0048649999999999995,0.003587,0.0054859999999999996
10512,-0.005321,-1.460877,-1.845547,-0.000584,0.993965,-0.109697,0.011894,0.095185,0.027494,-0.00108,0.017647,0.008364
10513,0.000471,-1.46081,-1.8415650000000001,5.2000000000000004e-05,0.993958,-0.10976500000000002,-0.00409,0.092075,0.019909,-0.009665,0.023727,0.021279
10514,0.006673,-1.461128,-1.837748,0.00073,0.993992,-0.109446,-0.025211,0.14539100000000002,0.025034,-0.02049,0.013347,0.015238999999999999
10515,0.013024,-1.461699,-1.835131,0.001418,0.9940549999999999,-0.108872,-0.024847,0.20301,0.001462,-0.007490999999999999,-0.014639,0.005051
10516,0.012052,-1.461776,-1.839632,0.0013109999999999999,0.9940629999999999,-0.108797,0.017684000000000002,0.14119500000000001,-0.028072000000000003,0.031846,-0.005828,0.012514
10517,0.016597999999999998,-1.462115,-1.836859,0.0018,0.9941,-0.108453,0.032271,0.077176,-0.015068000000000002,0.0026100000000000003,0.018489,0.013193
10518,0.005383,-1.4616120000000001,-1.8504490000000002,0.000587,0.9940450000000001,-0.10896600000000001,-0.002549,0.14994000000000002,-0.028269,-0.015967,-0.0006519999999999999,-0.009778
10519,-0.006503,-1.461386,-1.8651669999999998,-0.0007099999999999999,0.9940209999999999,-0.10919000000000001,0.002628,0.14341500000000001,0.0006129999999999999,-0.023857,-0.010378,0.001143
10520,-0.014537999999999999,-1.461257,-1.875516,-0.0015890000000000001,0.994007,-0.10930899999999999,0.015238,0.10182000000000001,0.001819,-0.018430000000000002,0.007718000000000001,0.0010630000000000001
10521,-0.014897,-1.4610670000000001,-1.8774520000000001,-0.0016309999999999999,0.993986,-0.109497,0.022552000000000003,0.063461,-0.0023539999999999998,0.0014939999999999999,-0.004484,0.006852
10522,-0.008505,-1.461459,-1.8717759999999999,-0.0009279999999999999,0.994029,-0.109116,0.027673000000000003,0.022937,0.004145,0.014005000000000002,0.005697,0.019500999999999998
10523,-0.002271,-1.461437,-1.865961,-0.000248,0.9940260000000001,-0.109142,0.0319,0.021827000000000003,0.011655,0.015034,0.015831,0.024699000000000002
10524,0.0048200000000000005,-1.461774,-1.85953,0.000524,0.9940629999999999,-0.108806,0.042613,0.039869999999999996,0.019185,0.0035340000000000002,0.004594,0.019847
10525,0.010454000000000001,-1.461876,-1.855071,0.0011359999999999999,0.994074,-0.108699,0.042735,0.072872,0.024485,0.000542,-0.004679,0.020778
10526,0.019906999999999998,-1.462565,-1.8471509999999998,0.00215,0.994149,-0.107998,0.042675,0.079346,0.043657,-0.0019210000000000002,0.012626,0.020565
10527,0.02957,-1.461918,-1.838958,0.003213,0.994079,-0.108616,0.053227,0.072841,0.062967,-0.009927,0.006806,0.014347
10528,0.038213,-1.46096,-1.8312669999999998,0.004188,0.993974,-0.109536,0.058364,0.036573,0.070525,-0.021445,0.003264,0.009438
10529,0.042270999999999996,-1.460112,-1.827234,0.004668,0.9938809999999999,-0.11035999999999999,0.068902,-0.008140999999999999,0.05463,-0.030699,0.006028,0.017478999999999998
10530,0.041248,-1.459119,-1.8279299999999998,0.004596,0.993771,-0.111351,0.078675,-0.015447999999999998,0.008773,-0.020144,-0.007397,0.024222999999999998
10531,0.04024,-1.458426,-1.8285529999999999,0.004511,0.993693,-0.112043,0.061636,-0.017481,-0.000958,-0.001917,0.011647,0.025129
10532,0.039862,-1.4584540000000001,-1.828875,0.004468,0.9936959999999999,-0.112018,0.053189,0.010216,0.006425,-0.007916,0.011675,0.014499000000000001
10533,0.039182,-1.457663,-1.830313,0.004422,0.993607,-0.11280599999999999,0.054461,0.059202,0.009575,-0.012875999999999999,-0.00499,0.010801
10534,0.042151,-1.456394,-1.8289119999999999,0.00481,0.9934629999999999,-0.114051,0.050348000000000004,0.080573,-0.0032990000000000003,0.00639,-0.012459999999999999,-0.003991
10535,0.0507,-1.454545,-1.8218419999999997,0.005878,0.99325,-0.11584100000000001,0.028970999999999997,0.065756,-0.008768000000000001,0.00642,0.019201,-0.02982
10536,0.050332,-1.454028,-1.823447,0.005861,0.99319,-0.116356,0.027862,0.058526,-0.006702,-0.005495,0.013263999999999998,-0.02253
10537,0.04868,-1.4534850000000001,-1.8261990000000001,0.005695,0.9931270000000001,-0.11690299999999999,0.027889999999999998,0.052186,-0.019512,-0.012424,0.011023,-0.016321000000000002
10538,0.041444999999999996,-1.45255,-1.834108,0.004888,0.993017,-0.11787,0.0267,0.016005000000000002,-0.028020999999999997,-0.006078,0.018732,-0.008976000000000001
10539,0.0364,-1.452008,-1.838932,0.004313,0.9929530000000001,-0.118431,0.028623000000000003,-0.028752,-0.025814,0.011526,0.010343000000000001,-0.003121
10540,0.035015,-1.4514479999999998,-1.8395110000000001,0.004168,0.992886,-0.118992,0.030641,-0.045838,-0.017231,0.011487,0.004901,0.001271
10541,0.03501,-1.450903,-1.838799,0.004187,0.992821,-0.11953299999999999,0.025355000000000003,-0.029861000000000002,-0.011946,0.006083,0.007162999999999999,-0.000722
10542,0.035,-1.4503409999999999,-1.8384740000000002,0.0042049999999999995,0.9927540000000001,-0.120091,0.015806999999999998,-0.005377000000000001,0.000775,0.004432,-0.0015429999999999999,-0.006206000000000001
10543,0.036364999999999995,-1.449859,-1.8375029999999999,0.004386,0.9926959999999999,-0.12056300000000002,0.025557,0.027612,0.000801,0.005563,-0.001027,0.002322
10544,0.040244999999999996,-1.449303,-1.8341759999999998,0.004876,0.9926290000000001,-0.121097,0.039422000000000006,0.022428999999999998,-0.003438,0.00907,0.0046700000000000005,0.002032
10545,0.039506,-1.448531,-1.835161,0.004817,0.9925350000000001,-0.12186500000000001,0.039394,0.0054280000000000005,-0.014098,0.004109000000000001,0.005481000000000001,-0.00041900000000000005
10546,0.036737,-1.448105,-1.8382009999999998,0.004495,0.992483,-0.12230099999999999,0.024572,0.018313999999999997,-0.027037000000000002,0.003821,0.011774,0.002977
10547,0.035078,-1.4483409999999999,-1.8405040000000001,0.0042840000000000005,0.9925120000000001,-0.122074,0.010806999999999999,0.03225,-0.036763,0.009373000000000001,0.019466,0.009861
10548,0.030229000000000002,-1.448476,-1.846097,0.0036880000000000003,0.9925280000000001,-0.12195999999999999,-0.002986,0.034489,-0.051816999999999995,0.00884,0.020213,0.004086
10549,0.02247,-1.448767,-1.854698,0.002735,0.9925639999999999,-0.121696,-0.019926,0.041030000000000004,-0.074376,0.005917,0.01618,-0.006096
10550,0.012597,-1.4485430000000001,-1.8658970000000001,0.001536,0.9925360000000001,-0.12194,-0.026124,0.072,-0.088345,0.006719,0.004397,-0.017113999999999997
10551,0.004422,-1.448116,-1.8760880000000002,0.000541,0.992484,-0.12237100000000001,-0.027030000000000002,0.101853,-0.09372899999999999,0.010842000000000001,0.005547,-0.008244
10552,-0.006149,-1.448544,-1.888722,-0.00075,0.9925360000000001,-0.121946,-0.027127999999999996,0.090241,-0.083124,0.009264,0.0066549999999999995,-0.006945000000000001
10553,-0.013886,-1.448659,-1.898041,-0.0016920000000000001,0.99255,-0.121823,-0.023047,0.062474,-0.069172,0.007536,0.010715,-0.009861
10554,-0.021752,-1.448583,-1.906902,-0.002652,0.992541,-0.12188099999999999,-0.018965,0.03789,-0.052021000000000005,0.001629,0.012158,-0.012412000000000001
10555,-0.029521,-1.4483139999999999,-1.9153330000000002,-0.0036060000000000003,0.992508,-0.122123,-0.012668,0.030345999999999998,-0.035944,-0.005365999999999999,0.0037229999999999997,-0.013558
10556,-0.03638,-1.447999,-1.922813,-0.004455,0.9924700000000001,-0.12240799999999999,-0.0041979999999999995,0.031318,-0.019864,-0.009491,-0.00457,-0.009229000000000001
10557,-0.04055,-1.447541,-1.927554,-0.004984000000000001,0.9924139999999999,-0.12284300000000001,0.010643000000000001,0.026936,-0.002665,-0.008123,-0.002118,-0.0073
10558,-0.040759,-1.446899,-1.9282380000000001,-0.005036,0.9923350000000001,-0.12347799999999999,0.022307,0.02471,0.011306,-0.004226,-0.0005740000000000001,-0.0060079999999999995
10559,-0.039475,-1.446184,-1.9273959999999999,-0.004905,0.992246,-0.12419300000000001,0.026542000000000003,0.020421,0.014544999999999999,-0.004372,-0.000242,-0.004347
10560,-0.038325,-1.445543,-1.9265349999999999,-0.004787,0.992166,-0.12483399999999999,0.027571,0.015163999999999999,0.015533000000000002,-0.005605,0.002493,-0.0017530000000000002
10561,-0.038207,-1.4448969999999999,-1.926638,-0.004796,0.992085,-0.125475,0.030772000000000004,0.013031000000000001,0.013421,-0.009211,0.00584,-0.0025
10562,-0.039817,-1.4441469999999998,-1.9284150000000002,-0.005028,0.991991,-0.126211,0.031844,0.004543999999999999,0.003824,-0.009529000000000001,0.013655,-0.004603
10563,-0.042481,-1.443259,-1.931013,-0.0054020000000000006,0.991878,-0.127078,0.036112,-0.0060810000000000005,-0.006816,-0.006226,0.006855,-0.0055520000000000005
10564,-0.044118,-1.442287,-1.9325139999999998,-0.005652,0.9917540000000001,-0.128031,0.033993,-0.009244,-0.013236000000000001,0.00257,0.005103,-0.006078
10565,-0.044993,-1.441549,-1.9332209999999999,-0.005797,0.9916590000000001,-0.12875699999999998,0.024411000000000002,-0.012376,-0.020776,0.007308,0.009179999999999999,-0.0054280000000000005
10566,-0.042664,-1.4412280000000002,-1.930709,-0.005511,0.991618,-0.129088,0.007379999999999999,-0.012282,-0.029438,0.015078,0.008062,0.000335
10567,-0.045439999999999994,-1.441247,-1.9333529999999999,-0.005868,0.9916200000000001,-0.129053,-0.006431999999999999,-0.005816,-0.035951,0.016778,0.010256999999999999,-0.000769
10568,-0.047713,-1.441445,-1.9356529999999998,-0.006152,0.9916459999999999,-0.12884500000000002,-0.014909,-0.001491,-0.04456,0.014636000000000001,0.012947,-0.003266
10569,-0.050612,-1.441357,-1.938694,-0.006529999999999999,0.991634,-0.128914,-0.023371,0.0028469999999999997,-0.056373,0.009536,0.002506,-0.012489
10570,-0.058685,-1.441655,-1.946896,-0.007553,0.9916729999999999,-0.12856099999999998,-0.032948000000000005,-0.00028,-0.064981,0.010101,0.004909,-0.012156
10571,-0.06658,-1.441774,-1.954716,-0.00856,0.9916879999999999,-0.128379,-0.037271,-0.014109,-0.06606000000000001,0.002792,0.009945,-0.01162
10572,-0.07661699999999999,-1.442167,-1.9644259999999998,-0.009818,0.9917389999999999,-0.127899,-0.030941000000000003,-0.024806,-0.060661,0.00286,0.00611,-0.011184999999999999
10573,-0.08544199999999999,-1.442295,-1.972749,-0.010936,0.9917549999999999,-0.12768,-0.021425,-0.028099000000000002,-0.044567,-8.1e-05,0.001333,-0.015218
10574,-0.090873,-1.442336,-1.9776220000000002,-0.011625,0.9917600000000001,-0.127579,-0.009794,-0.032477,-0.025252,0.002074,0.001541,-0.008987
10575,-0.09294,-1.4421950000000001,-1.9789240000000001,-0.011902,0.991742,-0.127693,0.003917,-0.044338,-0.00164,0.001221,0.001605,-0.006554000000000001
10576,-0.09337999999999999,-1.442291,-1.9783509999999997,-0.011949,0.9917549999999999,-0.127593,0.012336,-0.054019000000000005,0.014454,-0.002775,0.005163,0.008147
10577,-0.093512,-1.44255,-1.977324,-0.011942,0.9917879999999999,-0.12733599999999998,0.015507,-0.05193300000000001,0.023018,-0.007497,0.00806,0.011614
10578,-0.089513,-1.442292,-1.972652,-0.011456000000000001,0.9917549999999999,-0.127638,0.01455,-0.018940000000000002,0.031514999999999994,-0.013369999999999998,0.012655,0.014402000000000002
10579,-0.089138,-1.442848,-1.9721259999999998,-0.011359000000000001,0.991826,-0.127093,0.0093,0.001314,0.032519,-0.012384000000000001,0.010584999999999999,0.014499000000000001
10580,-0.09045299999999999,-1.443424,-1.973337,-0.011474,0.991899,-0.12650899999999998,0.011406999999999999,-0.002959,0.033605,-0.01799,0.009718000000000001,0.01544
10581,-0.089792,-1.4434770000000001,-1.972429,-0.011386,0.991906,-0.12646400000000002,0.015669,-0.009344,0.028301,-0.021115000000000002,0.006629,0.012771
10582,-0.092805,-1.443525,-1.975228,-0.011763,0.9919120000000001,-0.126382,0.018925,-0.003999,0.020836,-0.016115,0.0028699999999999997,0.008248
10583,-0.092955,-1.443453,-1.9750869999999998,-0.011788,0.9919030000000001,-0.126452,0.025273,-0.019984000000000002,0.016627,-0.0034100000000000003,0.005869,0.007937
10584,-0.090547,-1.443043,-1.971918,-0.01152,0.991851,-0.126884,0.030501,-0.04556,0.01456,0.001877,0.004914,0.004524
10585,-0.087202,-1.442775,-1.9676369999999999,-0.011119,0.991816,-0.127187,0.031596,-0.043416,0.010293,0.008205,0.003972,0.00646
10586,-0.08251,-1.44268,-1.962234,-0.01053,0.9918040000000001,-0.127332,0.024203,-0.033773000000000004,0.0027530000000000002,0.014787,0.009966,0.007642
10587,-0.080126,-1.4425940000000002,-1.959259,-0.010232999999999999,0.991793,-0.127441,0.01573,-0.030504000000000003,-0.007991,0.019205,0.012662,0.010452
10588,-0.075882,-1.442906,-1.954459,-0.009669,0.991833,-0.127175,0.012561,-0.030463,-0.015488,0.020564,0.003803,0.010522
10589,-0.073931,-1.442994,-1.9521389999999998,-0.009414,0.9918440000000001,-0.127106,0.008408,-0.014430000000000002,-0.025149,0.015228,0.006508,0.004334
10590,-0.074877,-1.442912,-1.953143,-0.009541,0.991834,-0.127179,0.010651,0.009003,-0.02623,0.017521000000000002,0.01047,0.003186
10591,-0.071555,-1.442692,-1.950304,-0.009134,0.991806,-0.12742699999999998,0.009613,0.027069,-0.014508000000000002,0.014641999999999999,0.008681999999999999,-0.002211
10592,-0.066928,-1.44262,-1.9461700000000002,-0.008549,0.9917969999999999,-0.12754000000000001,0.0019920000000000003,0.013166999999999998,0.005755,0.010563,0.00625,0.00018999999999999998
10593,-0.06513,-1.4426219999999998,-1.9442220000000001,-0.008319,0.9917969999999999,-0.127553,0.013521,-0.018888,0.019763,-0.006619,0.009119,0.002843
10594,-0.06490599999999999,-1.4424139999999999,-1.943312,-0.008304,0.99177,-0.12775999999999998,0.024117,-0.035965,0.01879,-0.013562000000000001,0.009679,0.007215999999999999
10595,-0.067679,-1.442392,-1.945545,-0.00866,0.991768,-0.12775899999999998,0.028526,-0.008265999999999999,0.014509999999999999,-0.014288999999999998,0.010856999999999999,0.012509000000000001
10596,-0.0699,-1.443198,-1.948043,-0.008888,0.99187,-0.126941,0.024427,0.027977,0.012297,-0.0053490000000000005,0.010022,0.024463
10597,-0.068012,-1.443358,-1.946791,-0.008637,0.991891,-0.1268,0.018024000000000002,0.035426,0.019719999999999998,-0.007842,0.009040000000000001,0.02423
10598,-0.06959,-1.443991,-1.949287,-0.008794,0.9919709999999999,-0.126159,0.013863,0.061002999999999995,0.020724,-0.018747999999999997,0.009859999999999999,0.022033
10599,-0.073817,-1.444583,-1.954716,-0.009284,0.9920459999999999,-0.12553599999999998,0.00643,0.05894099999999999,0.009989,-0.022729,0.014653,0.014727
10600,-0.08102000000000001,-1.444885,-1.962749,-0.010163,0.992084,-0.125167,0.005347,0.039833999999999994,-0.006021,-0.025466,0.015149000000000001,0.007232
10601,-0.092374,-1.4448969999999999,-1.974968,-0.011583,0.992085,-0.125032,0.000175,0.05166900000000001,-0.030645,-0.02658,0.011179999999999999,0.002931
10602,-0.105649,-1.4450889999999998,-1.9892279999999998,-0.013221,0.992109,-0.124677,-0.005117,0.043237,-0.048833999999999995,-0.018654,0.010485,0.008512
10603,-0.11896199999999998,-1.445619,-2.003345,-0.014816999999999999,0.9921760000000001,-0.12396800000000001,-0.016816,0.039068,-0.061730999999999994,-0.011672,0.006039,0.008948000000000001
10604,-0.131642,-1.4460600000000001,-2.016986,-0.016331000000000002,0.99223,-0.12333699999999999,-0.029504000000000002,0.047702999999999995,-0.07892300000000001,-0.007640999999999999,0.007098,0.006744
10605,-0.145335,-1.446474,-2.0318959999999997,-0.017959,0.992282,-0.122696,-0.032614,0.05840599999999999,-0.088573,0.001586,0.011502,-0.003952000000000001
10606,-0.16006800000000002,-1.446491,-2.047846,-0.019762000000000002,0.992284,-0.122401,-0.037942000000000004,0.049941,-0.098213,-0.001265,0.008036,-0.012777
10607,-0.176696,-1.446474,-2.06541,-0.021797,0.992282,-0.122072,-0.039031,0.039313,-0.103549,-0.002251,0.009412,-0.013166999999999998
10608,-0.191084,-1.445902,-2.080892,-0.023659,0.9922110000000001,-0.122302,-0.030425999999999998,0.053137000000000004,-0.104574,0.008034,-0.002007,-0.019208000000000003
10609,-0.203325,-1.4457280000000001,-2.09429,-0.025189,0.992189,-0.122173,-0.026257,0.043483999999999995,-0.091713,0.014737,-0.004625,-0.018864
10610,-0.208848,-1.445359,-2.1005409999999998,-0.025939,0.992143,-0.12239000000000001,-0.017897,0.025259999999999998,-0.070264,0.021514,-0.004472,-0.014695
10611,-0.209702,-1.445106,-2.102264,-0.026095999999999998,0.9921110000000001,-0.12261400000000001,-0.010475,0.047472,-0.037123,0.016559,0.000625,-0.010596
10612,-0.206945,-1.445123,-2.10075,-0.025754000000000003,0.9921129999999999,-0.12266800000000001,0.002246,0.056905,-0.00927,0.0137,-4.8e-05,-0.00195
10613,-0.20216900000000002,-1.444528,-2.096767,-0.025287,0.9920389999999999,-0.123368,0.023358,0.032342,0.007811,0.004686999999999999,0.002956,-0.01123
10614,-0.199655,-1.443458,-2.09477,-0.025187,0.9919030000000001,-0.124472,0.024340999999999998,0.02059,0.015309,-0.007421,0.011011,-0.007914000000000001
10615,-0.196627,-1.4430969999999999,-2.0921939999999997,-0.024880000000000003,0.991858,-0.124899,0.019030000000000002,0.031255,0.019506,-0.0064459999999999995,0.009134,-0.0015660000000000001
10616,-0.197233,-1.443416,-2.0937200000000002,-0.024894,0.991898,-0.124573,0.012731000000000001,0.057896,0.022631000000000002,-0.012094,0.008361,0.017945
10617,-0.194615,-1.443498,-2.0922490000000002,-0.024552,0.991908,-0.12455799999999999,0.013778,0.055753,0.024776,-0.014251,0.007390000000000001,0.015092
10618,-0.192339,-1.443542,-2.091095,-0.02426,0.991914,-0.124571,0.012787,0.067496,0.019412000000000002,-0.014818000000000001,0.007628,0.014662
10619,-0.19079100000000002,-1.443494,-2.090896,-0.024076,0.991908,-0.124655,0.011705,0.064304,0.019407,-0.018344,0.004018,0.008062999999999999
10620,-0.18981199999999998,-1.4433690000000001,-2.091038,-0.023977000000000002,0.991892,-0.1248,0.017038,0.056858000000000006,0.011975,-0.017344,0.002493,0.0072310000000000004
10621,-0.194149,-1.443343,-2.096206,-0.024523,0.9918889999999999,-0.12472000000000001,0.018036,0.037696,0.007731,-0.018216999999999997,0.008248,0.010798
10622,-0.196148,-1.443274,-2.098763,-0.024786000000000002,0.9918799999999999,-0.12473800000000002,0.010543,0.02603,0.001283,-0.017649,0.009156999999999998,0.010404
10623,-0.199323,-1.443338,-2.102233,-0.025169,0.9918879999999999,-0.124597,0.004052,0.007995,-0.005239,-0.016106,0.008707,0.010064
10624,-0.205434,-1.4434770000000001,-2.108331,-0.025901999999999998,0.991906,-0.124305,0.007222,-0.001591,-0.008411,-0.012398000000000001,0.00785,0.0063549999999999995
10625,-0.20726799999999998,-1.4431829999999999,-2.110071,-0.026189999999999998,0.9918680000000001,-0.124544,0.010385,-0.00588,-0.004111,-0.006220000000000001,0.006148,-0.003035
10626,-0.208175,-1.442917,-2.1108689999999997,-0.026357,0.991835,-0.124778,0.00716,-0.002707,0.004408,-0.0073950000000000005,0.006884,-0.004312
10627,-0.209346,-1.442576,-2.111704,-0.026574,0.991791,-0.125077,0.014504,-0.021942,0.013028,-0.007652,0.004364,-0.0028829999999999997
10628,-0.207085,-1.4421709999999999,-2.108779,-0.026373,0.9917389999999999,-0.12553,0.023986,-0.036936000000000004,0.024863999999999997,-0.0048,-0.00036,-0.0023079999999999997
10629,-0.203014,-1.441576,-2.103647,-0.025981,0.991663,-0.12621500000000002,0.030254000000000003,-0.058298,0.03348,-0.0009660000000000001,0.006033,-0.004675
10630,-0.197736,-1.440963,-2.097146,-0.025434000000000002,0.991584,-0.126946,0.033464,-0.05405599999999999,0.035634,0.0009130000000000001,0.006479,0.0012439999999999999
10631,-0.192751,-1.441003,-2.091279,-0.024793,0.9915889999999999,-0.127032,0.02497,-0.033769,0.034399,-0.0014060000000000001,0.006915999999999999,0.011035
10632,-0.187058,-1.440895,-2.085068,-0.02409,0.991575,-0.127277,0.02075,-0.020978999999999998,0.036489999999999995,0.0016899999999999999,0.006243,0.006702
10633,-0.181043,-1.440831,-2.078585,-0.023334999999999998,0.991566,-0.12748099999999998,0.014334,-0.023091,0.037516,0.0021100000000000003,0.008067,0.004297
10634,-0.178918,-1.440412,-2.0757380000000003,-0.023138,0.9915120000000001,-0.12794,0.015349000000000002,-0.035874,0.036469999999999995,-0.012369,0.005619,-0.004857
10635,-0.179694,-1.439864,-2.075605,-0.023334999999999998,0.991441,-0.128457,0.016402,-0.047562,0.027944,-0.015255000000000001,0.008926,-0.006614
10636,-0.179037,-1.439388,-2.073702,-0.023334,0.9913780000000001,-0.128936,0.020593,-0.068865,0.023727,-0.01408,0.012986000000000001,-0.005829
10637,-0.177271,-1.438831,-2.070281,-0.023204,0.9913049999999999,-0.129521,0.023698,-0.085937,0.028043000000000002,-0.000737,0.005521,-0.0062829999999999995
10638,-0.170737,-1.438321,-2.0619970000000003,-0.022443,0.991238,-0.130168,0.023675,-0.08383600000000001,0.035518,0.00662,0.002231,-0.000493
10639,-0.164442,-1.438056,-2.054075,-0.021666,0.9912030000000001,-0.13056500000000001,0.027951999999999998,-0.07535399999999999,0.041947000000000005,0.008223000000000001,0.004799,0.0033829999999999997
10640,-0.155685,-1.437869,-2.043927,-0.020551,0.9911780000000001,-0.130933,0.025776999999999998,-0.062567,0.049336,0.007779,0.001726,0.002286
10641,-0.145849,-1.437702,-2.033013,-0.019286,0.9911559999999999,-0.131293,0.024777,-0.044467,0.052512,0.004286,0.008020000000000001,0.00231
10642,-0.137399,-1.4374850000000001,-2.0237439999999998,-0.018205000000000002,0.9911270000000001,-0.131664,0.019481000000000002,-0.035926,0.052465,0.005678,0.012764,0.00027
10643,-0.129161,-1.4374639999999999,-2.014636,-0.017123,0.991124,-0.131831,0.009855,-0.045462,0.048137,0.0027949999999999997,0.011714,-0.000646
10644,-0.125719,-1.437309,-2.0102029999999997,-0.016687999999999998,0.9911040000000001,-0.13204100000000002,0.002459,-0.041128,0.036329,-0.009511,0.00705,-0.007515999999999999
10645,-0.125129,-1.4369319999999999,-2.009138,-0.016656999999999998,0.9910540000000001,-0.132421,-0.002663,-0.010153,0.020229,-0.010199,0.010778,-0.012522
10646,-0.123679,-1.436615,-2.007485,-0.016503999999999998,0.9910110000000001,-0.132758,-0.005843,-0.011186,0.014865999999999999,-0.001838,0.00966,-0.009744
10647,-0.12085499999999999,-1.4366940000000001,-2.004261,-0.016119,0.991022,-0.132725,-0.015558,-0.023953,0.016944999999999998,0.001577,0.004675,-0.0024519999999999998
10648,-0.119406,-1.437017,-2.002282,-0.015889,0.991065,-0.132432,-0.019811000000000002,-0.026048,0.011576999999999999,0.00063,0.001092,-0.003173
10649,-0.11912400000000001,-1.437231,-2.001436,-0.015826,0.991093,-0.132226,-0.011290000000000001,-0.030333999999999996,0.010574,-0.008161,-0.002873,-0.006492
10650,-0.12265799999999999,-1.4371120000000002,-2.004212,-0.016308,0.991078,-0.13228499999999999,-0.001721,-0.038886000000000004,0.009581000000000001,-0.014851,0.000484,-0.001978
10651,-0.125525,-1.437182,-2.0060580000000003,-0.016678,0.991087,-0.132168,0.004589,-0.057026,0.011783,-0.010742,0.011965,0.002667
10652,-0.1263,-1.4372129999999999,-2.005261,-0.016777,0.9910909999999999,-0.132125,0.004425,-0.089001,0.016096,-0.008232,0.013807,0.0050810000000000004
10653,-0.128098,-1.437406,-2.0049810000000003,-0.01699,0.991117,-0.131905,0.002223,-0.106029,0.013965,-0.006157999999999999,0.010440000000000001,0.004189
10654,-0.129733,-1.4374879999999999,-2.0043900000000003,-0.017195,0.9911280000000001,-0.131798,0.005414,-0.109232,0.012922,-0.0041979999999999995,0.010246,0.001015
10655,-0.130071,-1.437526,-2.002623,-0.017235,0.991133,-0.131754,-0.005253,-0.099647,0.009641,0.00193,0.010744,0.000712
10656,-0.129887,-1.437983,-2.0005919999999997,-0.017152,0.991193,-0.13130799999999998,-0.013715999999999999,-0.091065,0.002094,0.0068980000000000005,0.012545,0.0034549999999999997
10657,-0.1304,-1.4386940000000001,-1.999414,-0.017127,0.991287,-0.1306,-0.017928,-0.08144900000000001,-0.001151,0.003868,0.010391,0.0054329999999999995
10658,-0.132029,-1.4393989999999999,-1.999626,-0.017248,0.9913799999999999,-0.12988,-0.019976,-0.06545,-0.00439,0.002127,0.009826,0.004514
10659,-0.134215,-1.439856,-2.000721,-0.017471,0.99144,-0.129393,-0.016699000000000002,-0.0516,-0.007589,0.001053,0.0016179999999999999,0.001372
10660,-0.136435,-1.440235,-2.001801,-0.017708,0.991489,-0.12898099999999998,-0.018886,-0.064371,-0.008656,0.001823,0.008267,0.0008529999999999999
10661,-0.137103,-1.440618,-2.000966,-0.017741999999999997,0.991539,-0.128593,-0.014713999999999998,-0.083569,-0.006465,0.008449,0.0065840000000000004,-0.001199
10662,-0.13931400000000002,-1.4408590000000001,-2.001385,-0.017993000000000002,0.9915700000000001,-0.12831700000000001,-0.011552,-0.092102,-0.006431999999999999,0.005435,0.007240000000000001,-0.0008179999999999999
10663,-0.141447,-1.441081,-2.001712,-0.018234999999999998,0.991599,-0.12805999999999998,-0.011595999999999999,-0.090037,-0.00855,0.006944,0.0053950000000000005,-0.001426
10664,-0.142163,-1.441346,-2.000759,-0.01829,0.991633,-0.12778599999999998,-0.009429,-0.080465,-0.006409999999999999,0.013621000000000001,0.007375,0.000772
10665,-0.141198,-1.441569,-1.998361,-0.018135,0.991662,-0.127585,-0.008348000000000001,-0.067724,0.0031969999999999998,0.015281999999999999,0.009467,-0.000711
10666,-0.132683,-1.44204,-1.98865,-0.016987000000000002,0.9917219999999999,-0.127272,-0.010472,-0.058159,0.010651,0.025379,0.013588,0.0013109999999999999
10667,-0.123002,-1.442302,-1.9781970000000002,-0.015722,0.991756,-0.127174,-0.011452,-0.031552,0.018091,0.021093,0.0045969999999999995,-0.0035789999999999997
10668,-0.116022,-1.442452,-1.970741,-0.014816999999999999,0.991775,-0.127132,-0.008256,-0.02308,0.027718,0.019944,0.005111999999999999,-0.007954000000000001
10669,-0.10563399999999999,-1.442294,-1.9597959999999999,-0.013512,0.9917549999999999,-0.127435,0.002361,-0.031651,0.031010000000000003,0.013741,0.004415,-0.005866
10670,-0.09853200000000001,-1.442185,-1.951871,-0.012617,0.991741,-0.127635,0.00659,-0.04231,0.028918,0.0073219999999999995,0.0037270000000000003,-0.003636
10671,-0.094229,-1.442075,-1.9468580000000002,-0.012078,0.991727,-0.127796,0.00882,-0.025256,0.024638999999999998,0.005685,0.004611,0.00011100000000000001
10672,-0.088711,-1.442388,-1.9410450000000001,-0.011345000000000001,0.991767,-0.127552,0.0045520000000000005,-0.011447,0.020334,0.007378,0.010568000000000001,0.009571
10673,-0.083949,-1.442815,-1.9361169999999999,-0.010702,0.991822,-0.127183,0.00034500000000000004,-0.001827,0.01602,0.0065060000000000005,0.010666,0.007294
10674,-0.081821,-1.4430530000000001,-1.93406,-0.010412000000000001,0.9918520000000001,-0.12697,-0.010256,0.004636,0.007392,0.0026449999999999998,0.004303,0.003038
10675,-0.08122599999999999,-1.4433129999999998,-1.9334669999999998,-0.010316,0.991885,-0.126719,-0.008123,-0.000676,0.002073,0.000733,0.006391,-0.0009199999999999999
10676,-0.081558,-1.443311,-1.934018,-0.010358,0.991885,-0.126718,0.000503,0.01529,-0.00216,0.00028700000000000004,0.006483,-0.002921
10677,-0.080522,-1.443337,-1.933325,-0.010223999999999999,0.9918879999999999,-0.126703,0.001575,0.017412999999999998,-0.0010869999999999999,0.005738,0.008173,0.000223
10678,-0.078816,-1.443427,-1.931962,-0.010001000000000001,0.991899,-0.126631,0.002627,0.015274000000000001,-8e-06,0.0030280000000000003,0.009001,0.001021
10679,-0.077891,-1.443633,-1.9313040000000001,-0.009868,0.991926,-0.126436,0.002581,0.012047,-1e-05,0.001354,0.008242,0.0026420000000000003
10680,-0.077305,-1.443763,-1.931036,-0.009784000000000001,0.991942,-0.126314,0.001547,0.019507,-2.7000000000000002e-05,0.002124,0.004335,0.007265000000000001
10681,-0.073736,-1.443967,-1.928133,-0.009318,0.9919680000000001,-0.126146,0.008033,0.040782,0.002129,0.008020999999999999,0.001379,0.004548
10682,-0.068236,-1.4440879999999998,-1.9237509999999998,-0.008616,0.991983,-0.126075,0.0113,0.060989999999999996,0.007468000000000001,0.010493,0.001974,0.005393
10683,-0.063193,-1.444056,-1.919952,-0.007982,0.991979,-0.126149,0.016624,0.062024,0.010709999999999999,0.00403,0.008753,0.003163
10684,-0.061319000000000005,-1.4440030000000001,-1.9193369999999998,-0.007749,0.991973,-0.126216,0.012394,0.067378,0.007469,-0.004061,0.012620000000000001,0.005382
10685,-0.061122,-1.4444540000000001,-1.920511,-0.007697,0.992029,-0.125771,0.0017670000000000001,0.069576,-8.7e-05,-0.003961,0.01737,0.01339
10686,-0.06249400000000001,-1.445259,-1.923385,-0.00782,0.992131,-0.124964,-0.004541,0.081355,-0.00976,-0.005242,0.011013,0.008646
10687,-0.06375499999999999,-1.445656,-1.926521,-0.007951999999999999,0.99218,-0.12456099999999999,-0.011994,0.101638,-0.014138,-0.006254,0.010933,0.009937
10688,-0.06888999999999999,-1.446325,-1.933923,-0.008546,0.9922629999999999,-0.12385499999999999,-0.014022999999999999,0.118716,-0.020585,-0.014297,0.004837,0.010895
10689,-0.07941799999999999,-1.446966,-1.9467860000000001,-0.009798999999999999,0.992343,-0.123125,-0.014001,0.11343199999999999,-0.031264,-0.016446000000000002,0.005094,0.005815
10690,-0.085043,-1.44716,-1.9545580000000002,-0.010475,0.992367,-0.122876,-0.0087,0.101712,-0.035486000000000004,-0.012596,0.005406,0.001996
10691,-0.092691,-1.446973,-1.964113,-0.011432,0.992344,-0.122977,-0.003428,0.087845,-0.035433,-0.010862,-0.000156,-0.004984000000000001
10692,-0.09943400000000001,-1.446727,-1.9724169999999999,-0.012284999999999999,0.9923129999999999,-0.12314000000000001,0.002873,0.068635,-0.032161,-0.008681,0.002132,-0.002486
10693,-0.104897,-1.4465540000000001,-1.9790830000000001,-0.012975,0.992292,-0.123242,0.009207,0.055821,-0.029965,-0.004786,0.008715,-0.000599
10694,-0.10794100000000001,-1.446365,-1.9833450000000001,-0.013371000000000001,0.992268,-0.12338800000000001,0.00172,0.06325700000000001,-0.018276,-0.004436,0.008845,-0.0015810000000000002
10695,-0.110232,-1.44646,-1.9870009999999998,-0.013643,0.9922799999999999,-0.12326300000000001,-0.005725,0.073915,-0.013000999999999999,-0.00688,0.015883,0.001361
10696,-0.11318299999999999,-1.446497,-1.9917349999999998,-0.014003,0.9922850000000001,-0.12318699999999999,-0.006705,0.09415499999999999,-0.011967,-0.009206,0.011149,-0.0028510000000000002
10697,-0.115444,-1.446453,-1.995809,-0.014286000000000002,0.9922790000000001,-0.123198,-0.0024760000000000003,0.085618,-0.011927,-0.0055049999999999995,0.0037380000000000004,-0.002428
10698,-0.117844,-1.4463190000000001,-1.999638,-0.014597,0.9922629999999999,-0.123295,0.002748,0.06428099999999999,-0.00866,-0.006993999999999999,0.003602,-0.000698
10699,-0.12314100000000001,-1.44608,-2.005996,-0.015279,0.992233,-0.123451,0.004815,0.05148200000000001,-0.006495,-0.017481,0.006790000000000001,-0.00019099999999999998
10700,-0.129169,-1.445977,-2.013064,-0.016036,0.9922200000000001,-0.12345899999999999,0.008043999999999999,0.05574,-0.008617,-0.017044999999999998,0.0034920000000000003,0.002502
10701,-0.133211,-1.4458030000000002,-2.0182900000000004,-0.016558,0.9921979999999999,-0.12356400000000001,0.011273,0.061059,-0.009670999999999999,-0.0048649999999999995,0.015675,0.005323
10702,-0.133904,-1.4457959999999999,-2.020124,-0.016645,0.9921979999999999,-0.12355899999999999,0.004842,0.053628999999999996,-0.010775,-0.001056,0.013921000000000001,0.006692
10703,-0.136963,-1.446165,-2.024145,-0.016973,0.992244,-0.123145,-0.005823,0.045183,-0.020453,-0.0045119999999999995,0.003179,0.00875
10704,-0.142062,-1.446302,-2.030221,-0.017581,0.9922610000000001,-0.122922,0.001678,0.051552,-0.021478,-0.009701999999999999,0.0025210000000000002,0.002957
10705,-0.148551,-1.446017,-2.0379110000000003,-0.01842,0.992225,-0.12308499999999999,0.003879,0.064337,-0.023617,-0.010404,0.004998,-0.003624
10706,-0.153995,-1.445756,-2.044539,-0.01913,0.992193,-0.12323900000000002,-0.00043099999999999996,0.055825,-0.022569,-0.010395999999999999,0.011866,-0.003607
10707,-0.16103699999999999,-1.445665,-2.0524240000000002,-0.020011,0.992181,-0.12319000000000001,-0.007063,0.035625,-0.020501,-0.010384000000000001,0.00939,-0.00265
10708,-0.16550499999999999,-1.445635,-2.057416,-0.020567,0.9921780000000001,-0.123129,-0.007125,0.021776,-0.020485,-0.011111,0.007562999999999999,-0.0048460000000000005
10709,-0.17227699999999999,-1.445376,-2.064545,-0.021444,0.992145,-0.12323900000000002,-0.0007570000000000001,0.013236000000000001,-0.021499,-0.01237,0.003399,-0.004965
10710,-0.178402,-1.444991,-2.0707150000000003,-0.022266,0.9920969999999999,-0.123483,0.004496,-0.00277,-0.019306999999999998,-0.010357,0.0013109999999999999,-0.00463
10711,-0.182196,-1.444808,-2.07444,-0.022767,0.992074,-0.123575,0.005573,-0.00807,-0.026771,-0.005233,0.010123,-0.0048119999999999994
10712,-0.184705,-1.444641,-2.076778,-0.023108,0.9920530000000001,-0.123681,-0.000866,-0.0070209999999999995,-0.017202000000000002,0.008994,0.008054,-0.003532
10713,-0.184817,-1.444601,-2.077113,-0.023129,0.9920479999999999,-0.12371700000000001,-0.004,0.018514,-0.006573999999999999,0.001477,0.004961,-0.0028699999999999997
10714,-0.185638,-1.44459,-2.0783419999999997,-0.023233,0.9920469999999999,-0.12370899999999999,0.0034729999999999995,0.018493,-0.00759,-0.001075,0.004368,0.000967
10715,-0.185873,-1.444396,-2.078923,-0.023297,0.992022,-0.123892,0.009794,0.016392,-0.00865,0.002225,0.004941,-0.001963
10716,-0.18559900000000001,-1.444213,-2.079237,-0.023297,0.991999,-0.124078,0.006679999999999999,0.038761000000000004,-0.005496,0.0023309999999999997,0.0039570000000000004,-0.001227
10717,-0.18570599999999998,-1.444183,-2.080232,-0.023316,0.9919950000000001,-0.12410399999999999,0.00566,0.043052,-0.011918000000000002,0.001877,0.005243,0.0035450000000000004
10718,-0.187588,-1.444472,-2.082865,-0.023496,0.992032,-0.123778,0.004582,0.033498,-0.01939,-0.002704,0.011279,0.00569
10719,-0.1902,-1.444337,-2.086325,-0.023844,0.992015,-0.123848,0.001444,0.047358,-0.019430000000000003,-0.003225,0.009786,-0.000587
10720,-0.192197,-1.444246,-2.0894880000000002,-0.024109000000000002,0.9920030000000001,-0.12388900000000001,-0.0038420000000000004,0.061212,-0.016281,-0.003571,0.003282,-0.003171
10721,-0.19388699999999998,-1.444086,-2.092308,-0.024349000000000003,0.991983,-0.124003,0.002507,0.049472,-0.016221,-0.002385,0.008948000000000001,-0.004323
10722,-0.196305,-1.44379,-2.095687,-0.024706,0.9919450000000001,-0.124233,0.003593,0.050547,-0.01942,-0.003264,0.01399,-0.006093
10723,-0.198811,-1.443662,-2.099447,-0.025042,0.9919290000000001,-0.124295,-0.010270999999999999,0.066594,-0.020647,-0.002546,0.011336,-0.006626000000000001
10724,-0.198655,-1.44376,-2.100784,-0.025003,0.991942,-0.124203,-0.01239,0.07828500000000001,-0.012131,0.00271,0.012544,-0.003909
10725,-0.19736099999999998,-1.443945,-2.101204,-0.024807,0.991965,-0.124056,-0.010265,0.08993999999999999,0.001756,4.2e-05,0.000207,-0.002104
10726,-0.19468,-1.444005,-2.1003689999999997,-0.024462,0.991973,-0.12406400000000001,-0.003825,0.086769,-0.009945,0.005084,0.002687,-0.002493
10727,-0.193248,-1.4439790000000001,-2.100258,-0.02429,0.9919690000000001,-0.124124,0.0024129999999999998,0.055833,-0.004520000000000001,0.000746,0.004719,0.000146
10728,-0.194077,-1.444022,-2.102234,-0.024384,0.991975,-0.12406199999999999,-0.0039700000000000004,0.062238999999999996,-0.002437,-0.008727,0.009840999999999999,0.001167
10729,-0.195704,-1.444118,-2.105238,-0.024568,0.9919870000000001,-0.123928,0.00037400000000000004,0.072902,-0.00883,-0.002288,0.004549,0.003201
10730,-0.19480799999999998,-1.444307,-2.105803,-0.024419999999999997,0.9920110000000001,-0.12376600000000001,0.0035549999999999996,0.071813,-0.005602,0.0027530000000000002,0.007409000000000001,0.004137
10731,-0.194527,-1.444345,-2.1070849999999997,-0.024378,0.992016,-0.12373699999999999,-0.000675,0.082472,-0.0035090000000000004,-0.003179,0.006794,0.002979
10732,-0.196277,-1.444461,-2.1104700000000003,-0.024572,0.99203,-0.123581,-0.000741,0.081413,-0.005682,-0.006311,0.009786,0.001449
10733,-0.19934200000000002,-1.444342,-2.115061,-0.024974,0.992015,-0.12362000000000001,0.00032599999999999996,0.072921,-0.014209999999999999,-0.008656,0.009892,-0.0009369999999999999
10734,-0.200495,-1.444261,-2.117673,-0.025133000000000003,0.9920049999999999,-0.12367,-0.000726,0.072938,-0.017422,-0.000502,0.010574,-0.00252
10735,-0.199496,-1.444326,-2.118223,-0.024997,0.9920129999999999,-0.12363199999999999,-0.003922,0.077197,-0.014244999999999999,0.0072959999999999995,0.006506999999999999,-0.000453
10736,-0.198768,-1.4445649999999999,-2.1189459999999998,-0.02486,0.992043,-0.12341700000000001,-0.007214,0.066518,-0.004639,0.0049770000000000005,0.005698,0.004353
10737,-0.19905699999999998,-1.44494,-2.120437,-0.024822,0.992091,-0.123045,-0.003005,0.056902999999999995,-0.001393,-0.00359,0.005071,0.0058119999999999995
10738,-0.19911099999999998,-1.444927,-2.1216619999999997,-0.024831,0.9920889999999999,-0.123057,-0.001895,0.06118200000000001,-0.006731999999999999,-0.001292,0.005378,-0.003546
10739,-0.199515,-1.444799,-2.123133,-0.024906,0.992073,-0.123171,-0.0030960000000000002,0.047269,-0.0024690000000000003,-0.00288,0.006798,-0.004759
10740,-0.201825,-1.444701,-2.1262529999999997,-0.02521,0.9920610000000001,-0.12320899999999999,-0.003168,0.036594999999999996,0.0028829999999999997,-0.008985,0.011541,-0.0049960000000000004
10741,-0.20155599999999999,-1.444608,-2.126509,-0.025195,0.992049,-0.123306,0.0042380000000000004,0.022719999999999997,0.0029530000000000003,-0.005353,0.009126,-0.005065999999999999
10742,-0.20086400000000001,-1.444166,-2.126035,-0.025197,0.991993,-0.123753,0.011635,0.003532,-0.000176,-0.000468,0.0028190000000000003,-0.006206000000000001
10743,-0.19747,-1.443799,-2.122646,-0.024849,0.9919469999999999,-0.124195,0.017979,-0.001846,0.007354,0.004554,0.00488,-0.000927
10744,-0.19413699999999998,-1.443601,-2.119332,-0.024472999999999998,0.9919209999999999,-0.12447000000000001,0.016902,0.007698,0.019084999999999998,0.003934,0.003196,0.004261
10745,-0.189094,-1.443677,-2.114566,-0.02383,0.9919309999999999,-0.124517,0.015859,0.019395,0.025472,0.003261,0.007016,0.007253
10746,-0.182175,-1.4438280000000001,-2.1080400000000004,-0.022941,0.99195,-0.12453299999999999,0.017986000000000002,0.020444,0.027623,0.003303,0.012383,0.0034700000000000004
10747,-0.17826,-1.443837,-2.104258,-0.022452,0.991951,-0.12461199999999999,0.009337,0.003351,0.024375,-0.0033200000000000005,0.012763,0.0073939999999999995
10748,-0.179569,-1.444094,-2.105625,-0.022569,0.991984,-0.124331,0.000883,0.009819,0.012555,-0.013365,0.009557,0.006854000000000001
10749,-0.18393900000000002,-1.444315,-2.110315,-0.023072,0.9920120000000001,-0.12401600000000002,-6.500000000000001e-05,0.019478,-0.004557,-0.013975999999999999,0.01078,0.007867
10750,-0.188592,-1.4444629999999998,-2.115191,-0.023621,0.992031,-0.12376300000000001,-0.0011710000000000002,0.007776999999999999,-0.007756,-0.011001,0.009648,0.003966
10751,-0.194604,-1.4445620000000001,-2.121083,-0.024346,0.992043,-0.12352300000000001,-0.004435000000000001,-0.010304,-0.012029999999999999,-0.01255,0.005118999999999999,0.002536
10752,-0.20260699999999998,-1.444361,-2.128743,-0.025374,0.9920180000000001,-0.12352,0.0062,-0.016738,-0.010882,-0.011552,0.00635,-0.0019379999999999998
10753,-0.205317,-1.444094,-2.131191,-0.025763,0.991984,-0.12370999999999999,0.007281,-0.010362999999999999,-0.007679000000000001,-0.009561,0.008672,-0.0036710000000000002
10754,-0.20722,-1.443894,-2.1327830000000003,-0.026039,0.991959,-0.12385499999999999,0.004014,-0.01996,-0.002348,-0.002144,0.005707,-0.002656
10755,-0.207414,-1.44402,-2.132355,-0.026037,0.991975,-0.123727,0.000642,-0.037163,0.008342,-0.002649,0.009505,0.0019920000000000003
10756,-0.206868,-1.444065,-2.130965,-0.025960000000000004,0.99198,-0.123698,0.004871,-0.041456,0.01265,-0.003443,0.008813,0.00268
10757,-0.20797399999999996,-1.444013,-2.1312599999999997,-0.026108,0.991974,-0.12371900000000001,0.007037999999999999,-0.039312,0.00732,-0.0070799999999999995,0.005035,0.002656
10758,-0.210064,-1.444014,-2.132574,-0.026366000000000004,0.991974,-0.12366300000000001,0.006013,-0.033964999999999995,0.0030329999999999997,-0.0014960000000000002,0.006698999999999999,0.0026
10759,-0.209914,-1.443978,-2.131916,-0.026355,0.9919690000000001,-0.12370199999999999,0.005004,-0.022239,0.0019420000000000001,0.000217,0.008199,0.002395
10760,-0.210402,-1.444006,-2.131925,-0.026410000000000003,0.991973,-0.12366300000000001,0.000755,-0.023268,-0.0034270000000000004,0.001263,0.007859,0.001775
10761,-0.212939,-1.444046,-2.133982,-0.026715,0.991978,-0.123556,-0.001364,-0.023247,-0.006647,-0.005771,0.005947,-0.0012460000000000001
10762,-0.215946,-1.444035,-2.136643,-0.027089,0.991976,-0.12348599999999998,-0.004503,-0.015754,-0.013087999999999999,-0.006038,0.010038,-0.002261
10763,-0.21729899999999996,-1.4438790000000001,-2.1377770000000003,-0.027288999999999997,0.991957,-0.1236,-0.00346,-0.012759999999999999,-0.015194,0.005194,0.006182,-0.008190000000000001
10764,-0.21622399999999997,-1.443659,-2.136493,-0.027202999999999998,0.9919290000000001,-0.12384200000000001,-0.004531,-0.012759999999999999,-0.014131999999999999,0.009472,0.011595999999999999,-0.006971
10765,-0.21748800000000001,-1.443747,-2.137511,-0.027341000000000004,0.9919399999999999,-0.123723,-0.007745999999999999,-0.010639000000000001,-0.008816,0.005917,0.010684,-0.002849
10766,-0.21775,-1.443858,-2.137802,-0.027349000000000002,0.9919540000000001,-0.123609,-0.00555,0.008506999999999999,-0.0034840000000000006,0.0035759999999999998,0.004979,-0.001559
10767,-0.216831,-1.44387,-2.1372869999999997,-0.027232999999999997,0.991956,-0.12362200000000001,-0.002277,0.024475,-0.003481,0.005413,0.00426,-0.003972
10768,-0.21561799999999998,-1.443838,-2.136644,-0.027089999999999996,0.9919520000000001,-0.12368599999999999,-0.0012,0.030846,0.000792,0.0028899999999999998,0.006996,-0.004075
10769,-0.214002,-1.443783,-2.135707,-0.026902,0.9919450000000001,-0.12378299999999999,-0.0033049999999999998,0.035123,-0.0013650000000000001,0.001221,0.007277,-0.002621
10770,-0.21414699999999998,-1.44383,-2.136566,-0.026910000000000003,0.991951,-0.123733,-0.006490999999999999,0.035147000000000005,-0.004592000000000001,-0.000617,0.007683,-0.002397
10771,-0.214554,-1.443897,-2.137715,-0.026945999999999998,0.991959,-0.12365699999999999,-0.006490000000000001,0.040394,-0.007769,0.000533,0.006774,-0.003128
10772,-0.212862,-1.4438360000000001,-2.137095,-0.026749000000000002,0.991951,-0.12376199999999998,-0.001064,0.057432000000000004,-0.010957,0.0055850000000000006,0.006492,-0.0021379999999999997
10773,-0.212657,-1.443932,-2.138157,-0.026704000000000002,0.991964,-0.123674,-0.004217,0.06385199999999999,-0.01526,0.006257,0.007426,0.000536
10774,-0.212731,-1.444461,-2.139695,-0.026601999999999997,0.99203,-0.12315899999999999,-0.011581000000000001,0.08519199999999999,-0.017474,0.0035159999999999996,0.011418000000000001,0.009526999999999999
10775,-0.21196700000000002,-1.445052,-2.141034,-0.026385000000000002,0.9921049999999999,-0.12260599999999999,-0.015739,0.111831,-0.0154,0.005099,0.007026,0.005159
10776,-0.21250300000000003,-1.445359,-2.143995,-0.026386,0.992143,-0.122294,-0.019958,0.12355899999999999,-0.014377000000000001,0.0051,0.006987,0.004847
10777,-0.212035,-1.44594,-2.14603,-0.026208,0.992216,-0.121743,-0.016763,0.122483,-0.014352,0.0012289999999999998,0.007876000000000001,0.002236
10778,-0.214113,-1.4464700000000001,-2.15056,-0.026349,0.992281,-0.121174,-0.01784,0.12141700000000001,-0.013290999999999999,-0.005161,0.008268000000000001,0.006000999999999999
10779,-0.215398,-1.446842,-2.1543200000000002,-0.026425999999999998,0.9923270000000001,-0.12078,-0.017866,0.124305,-0.013253999999999998,-0.004640999999999999,0.005918,0.004097
10780,-0.21639499999999998,-1.447165,-2.157856,-0.026476999999999997,0.992367,-0.120441,-0.013599000000000002,0.130656,-0.006823999999999999,-0.006679999999999999,0.011309999999999999,0.0019100000000000002
10781,-0.215815,-1.447482,-2.160071,-0.02634,0.9924059999999999,-0.120149,-0.010374,0.14233800000000002,-0.000407,-0.00256,0.008768999999999999,0.002732
10782,-0.212946,-1.447654,-2.159989,-0.025958999999999996,0.9924280000000001,-0.120057,-0.008284,0.136987,0.003887,-0.000698,0.004933,-0.000685
10783,-0.20846900000000002,-1.447864,-2.158312,-0.025378,0.992453,-0.119968,-0.009351,0.141235,0.008147,0.0023829999999999997,0.008203,-0.00048499999999999997
10784,-0.204122,-1.448114,-2.15686,-0.024806,0.992484,-0.119834,-0.016809,0.147636,0.01236,-5e-06,0.011285,-0.002862
10785,-0.201509,-1.4489049999999999,-2.157114,-0.024336,0.9925799999999999,-0.119129,-0.023235,0.14021,0.010188,-0.004107,0.019413,0.001484
10786,-0.199127,-1.449349,-2.157449,-0.023965,0.992634,-0.118755,-0.025369,0.135973,0.005905,-0.00463,0.014659,-0.004017
10787,-0.19800399999999999,-1.449595,-2.159247,-0.023783000000000002,0.992664,-0.11854200000000001,-0.02531,0.153777,0.002718,-0.005346,0.002987,-0.0072510000000000005
10788,-0.193582,-1.449856,-2.1579599999999997,-0.023209,0.9926959999999999,-0.11839300000000001,-0.018899000000000003,0.15800799999999998,0.004894,0.004868,0.008327,-0.003708
10789,-0.184725,-1.450121,-2.152301,-0.022111000000000002,0.992728,-0.118335,-0.01465,0.161159,0.012398000000000001,0.011826999999999999,0.012521,-0.0055060000000000005
10790,-0.174103,-1.450415,-2.145123,-0.020803,0.992763,-0.11827599999999999,-0.020993,0.176087,0.014473,0.013021000000000001,0.005864,-0.006328
10791,-0.162831,-1.451007,-2.13766,-0.019372999999999998,0.992834,-0.117922,-0.031536,0.200639,0.011165999999999999,0.019663,0.005579,0.000231
10792,-0.152988,-1.4519229999999999,-2.1324009999999998,-0.018073,0.992943,-0.11720799999999999,-0.043075999999999996,0.24753899999999998,0.014231,0.022284,0.008202,0.000601
10793,-0.141018,-1.453123,-2.126026,-0.016501,0.993084,-0.11623599999999999,-0.048237999999999996,0.29439499999999996,0.022683000000000002,0.022879,0.007114,0.004924
10794,-0.127045,-1.454415,-2.1183509999999997,-0.014713,0.9932350000000001,-0.115183,-0.050256999999999996,0.323152,0.025838,0.00629,-0.00056,0.000177
10795,-0.119773,-1.454933,-2.117536,-0.013812999999999999,0.993295,-0.114776,-0.037453,0.323921,0.019552,-0.010494,-0.007135,-0.011704
10796,-0.116743,-1.4543700000000002,-2.120736,-0.013531,0.99323,-0.115373,-0.030063999999999997,0.310029,0.023891,-0.022221,4.1e-05,-0.031447
10797,-0.10846199999999999,-1.454318,-2.1187259999999997,-0.01258,0.993224,-0.115533,-0.043963999999999996,0.321718,0.043005,-0.022225,0.0071730000000000006,-0.039664
10798,-0.09539199999999999,-1.454452,-2.112171,-0.011056999999999999,0.99324,-0.11555399999999999,-0.025901999999999998,0.326892,0.06555599999999999,-0.01792,-0.008926,-0.026931999999999998
10799,-0.079288,-1.453573,-2.1021520000000002,-0.009263,0.993137,-0.11658800000000001,0.004843,0.300084,0.08289500000000001,-0.009886,-0.010563,-0.021230000000000002
10800,-0.05919,-1.452509,-2.0876799999999998,-0.006981,0.9930120000000001,-0.11780499999999999,0.005707,0.28079899999999997,0.10962999999999999,-0.010841,0.007629,-0.025016999999999998
10801,-0.035765,-1.4518719999999998,-2.069586,-0.004242,0.9929370000000001,-0.118568,0.000241,0.274332,0.1331,-0.019867,0.00572,-0.031609
10802,-0.009349,-1.451152,-2.0484880000000003,-0.001116,0.992851,-0.119354,0.01403,0.27527199999999996,0.152422,-0.023786,0.004311,-0.025101
10803,0.012115,-1.4498229999999999,-2.032318,0.001462,0.992692,-0.12066900000000001,0.021481999999999998,0.279227,0.153571,-0.026624000000000002,0.005554,-0.017331
10804,0.038078,-1.449331,-2.01157,0.004613,0.992632,-0.12107899999999999,0.009670999999999999,0.26752800000000004,0.158843,-0.029164,0.0032479999999999996,-0.008362
10805,0.056942999999999994,-1.449031,-1.997308,0.006913,0.9925959999999999,-0.121268,0.003083,0.229188,0.162046,-0.036316,0.008259,0.002188
10806,0.08028500000000001,-1.449072,-1.977971,0.009738,0.9926010000000001,-0.12103299999999999,-0.007702,0.201536,0.159867,-0.042331,0.010375,0.0054020000000000006
10807,0.099811,-1.4494360000000002,-1.9618209999999998,0.012062999999999999,0.9926450000000001,-0.12046,-0.014209000000000001,0.170695,0.15238,-0.052347000000000005,0.009949,0.010368
10808,0.10835999999999998,-1.449892,-1.956073,0.013044,0.9927,-0.119903,-0.00359,0.151516,0.143927,-0.047498,0.004035,0.004226
10809,0.12023099999999999,-1.449349,-1.9469900000000002,0.014531,0.992634,-0.120274,0.023096000000000002,0.15886199999999998,0.148371,-0.033925,0.001003,-0.004817
10810,0.144628,-1.448409,-1.9255229999999999,0.017595,0.9925200000000001,-0.120808,0.025129,0.154521,0.166549,-0.021883,-0.000394,-0.00256
10811,0.176431,-1.4474129999999998,-1.8963619999999999,0.021601,0.992398,-0.12115999999999999,0.019584,0.133132,0.19217599999999999,0.001165,0.006595,0.001714
10812,0.210373,-1.44644,-1.8644779999999999,0.025901999999999998,0.9922780000000001,-0.12130099999999999,0.010838,0.10114400000000001,0.20711100000000002,-0.003914,0.004564,0.002664
10813,0.241842,-1.4456,-1.8342630000000002,0.029905,0.992173,-0.121235,0.016003,0.060658000000000004,0.203993,-0.014447999999999999,-0.00022999999999999998,0.010395
10814,0.27123400000000003,-1.444144,-1.805243,0.033842000000000004,0.9919899999999999,-0.121696,0.026523,0.011683,0.188106,-0.022900999999999998,0.002166,0.024879
10815,0.295481,-1.442467,-1.780566,0.037267,0.991777,-0.122431,0.040349,-0.019173,0.166878,-0.026326,0.002379,0.025613999999999998
10816,0.31332,-1.441862,-1.762341,0.03963,0.991699,-0.12231800000000001,0.029869999999999997,0.004376,0.147545,-0.028735000000000004,0.019745,0.029376
10817,0.33216599999999996,-1.440839,-1.7437900000000002,0.042259,0.991567,-0.12250799999999999,-0.0008619999999999999,0.030827999999999998,0.117442,-0.022728,0.031061000000000002,0.042735
10818,0.346762,-1.440618,-1.729748,0.044117,0.991539,-0.122084,-0.030508999999999998,0.031132,0.06702799999999999,-0.021686,0.017922,0.049086000000000005
10819,0.35404800000000003,-1.443109,-1.7228279999999998,0.044149,0.991859,-0.11944300000000001,-0.055922,0.013359000000000001,0.004915,-0.017705000000000002,0.047219,0.0462
10820,0.355236,-1.4446709999999998,-1.7220419999999999,0.043752,0.992057,-0.11793699999999999,-0.088755,0.027481000000000002,-0.034857,-0.020756999999999998,0.0458,0.026507
10821,0.35474,-1.4471530000000001,-1.7236799999999999,0.042838,0.992366,-0.11565,-0.126831,0.073532,-0.062955,-0.017417,0.035283,0.019
10822,0.34976399999999996,-1.451316,-1.7300810000000002,0.040846,0.992871,-0.111979,-0.1588,0.058824,-0.086662,-0.0070019999999999995,0.013675,0.010371
10823,0.343647,-1.45567,-1.736664,0.038702999999999994,0.9933799999999999,-0.10815599999999999,-0.15364,-0.005007999999999999,-0.11218199999999999,-0.008414,0.016416,0.019441
10824,0.328748,-1.459347,-1.750906,0.035907999999999995,0.9937959999999999,-0.105262,-0.14302,-0.054955,-0.151568,-0.005619,0.016,0.016548
10825,0.305465,-1.4639389999999999,-1.772821,0.032075,0.994296,-0.101717,-0.148341,-0.089937,-0.19001700000000002,-0.0014349999999999999,0.011578,0.017534
10826,0.28659,-1.471919,-1.7891,0.027905000000000003,0.995116,-0.094689,-0.154006,-0.168719,-0.197432,0.007006999999999999,0.028763999999999998,0.067834
10827,0.254635,-1.475639,-1.818285,0.023933000000000003,0.995476,-0.09195,-0.142074,-0.107047,-0.179268,0.021935,0.007286,0.057023000000000004
10828,0.227465,-1.479946,-1.845495,0.020459,0.995876,-0.088389,-0.2054,0.050815,-0.174572,0.028658999999999997,-0.004604,0.036112
10829,0.22311599999999998,-1.485755,-1.8515990000000002,0.018793999999999998,0.9963860000000001,-0.082834,-0.22660100000000002,0.086026,-0.170488,0.049351,0.016752,0.037698
10830,0.196777,-1.490461,-1.8798549999999998,0.015688999999999998,0.996775,-0.0787,-0.191385,0.099705,-0.15850899999999998,0.030895999999999996,0.003378,0.045528
10831,0.178362,-1.495789,-1.900582,0.013295,0.997188,-0.07374800000000001,-0.16992100000000002,0.120966,-0.16586199999999998,0.021129,0.005085,0.036516
10832,0.14249,-1.4998200000000002,-1.9397509999999998,0.010071,0.997482,-0.070198,-0.188823,0.177535,-0.176749,-0.0034479999999999997,-0.008041,-0.004952000000000001
10833,0.10133099999999999,-1.504035,-1.984577,0.0067480000000000005,0.9977719999999999,-0.06636900000000001,-0.21233600000000002,0.165907,-0.179035,0.0007740000000000001,-0.018005,-0.008887
10834,0.054185000000000004,-1.50832,-2.0338950000000002,0.0033810000000000003,0.998049,-0.062342999999999996,-0.18723499999999998,0.062452999999999995,-0.170181,0.005194,-0.013781,-0.007145
10835,0.00040599999999999995,-1.511565,-2.087806,2.4e-05,0.998246,-0.059196000000000006,-0.140691,-0.024006,-0.16760899999999998,0.0026920000000000004,-0.0018629999999999999,0.003913000000000001
10836,-0.059135,-1.5143870000000001,-2.14649,-0.003332,0.998409,-0.05628,-0.130205,-0.068767,-0.171751,0.00498,-0.007076000000000001,0.009267000000000001
10837,-0.124827,-1.516909,-2.209893,-0.006706,0.998548,-0.053443,-0.15204600000000001,-0.155081,-0.146155,0.009346,0.021624,0.017646000000000002
10838,-0.180393,-1.52072,-2.262838,-0.008981,0.9987459999999999,-0.049243,-0.16907,-0.107233,-0.108947,-0.000754,-0.0016,0.023776
10839,-0.23891300000000001,-1.523764,-2.3198689999999997,-0.011126,0.9988940000000001,-0.045681,-0.177499,-0.07634099999999999,-0.10156799999999999,-0.017209000000000002,-0.00132,0.030757999999999997
10840,-0.326415,-1.527505,-2.40536,-0.013877,0.9990629999999999,-0.040992,-0.162687,-0.114695,-0.113167,-0.010827,0.0009519999999999999,0.03115
10841,-0.406469,-1.52947,-2.483466,-0.016334,0.9991459999999999,-0.037947,-0.14541099999999998,-0.078498,-0.122707,-0.022042,-0.009125,0.013715999999999999
10842,-0.515426,-1.530634,-2.591459,-0.019791999999999997,0.999194,-0.034936,-0.144143,-0.041187,-0.130225,-0.02101,-0.005144,-0.001975
10843,-0.610556,-1.531531,-2.6855029999999998,-0.022506,0.999229,-0.032163,-0.130399,-0.074237,-0.135428,-0.016846,-0.000953,0.004469
10844,-0.7246090000000001,-1.531452,-2.797431,-0.026072,0.9992260000000001,-0.029450999999999998,-0.113526,-0.126461,-0.143791,-0.016287,-0.006169,0.007478
10845,-0.848672,-1.529923,-2.918472,-0.030663,0.999165,-0.027009,-0.09761,-0.16691199999999998,-0.164996,-0.01731,0.010814,0.0021219999999999998
10846,-0.945831,-1.52773,-3.0121689999999997,-0.034914999999999995,0.999073,-0.025189,-0.089075,-0.18073399999999998,-0.178808,-0.018139,0.005703,-0.004642
10847,-1.032918,-1.5247879999999998,-3.095882,-0.039497000000000004,0.998942,-0.023562,-0.07713300000000001,-0.162555,-0.206523,-0.009728,0.000341,-0.002333
10848,-1.1031879999999998,-1.5211379999999999,3.119968,-0.04431,0.998767,-0.022375,-0.070621,-0.146564,-0.215045,-0.002092,0.010785,-0.008448
10849,-1.1589049999999999,-1.5181559999999998,3.067395,-0.048216,0.9986149999999999,-0.021065,-0.076151,-0.177489,-0.202224,0.011670999999999999,0.009762,-0.010903
10850,-1.2029889999999999,-1.515739,3.027545,-0.051349,0.9984850000000001,-0.019787,-0.06698899999999999,-0.23626999999999998,-0.16255899999999998,0.025927999999999996,0.013066,-0.012409
10851,-1.212475,-1.5156399999999999,3.023175,-0.051627,0.9984790000000001,-0.019334,-0.04931,-0.270694,-0.094019,0.039725,0.012797,-0.015837999999999998
10852,-1.2103760000000001,-1.5160879999999999,3.0305619999999998,-0.051168,0.9985040000000001,-0.019284,-0.031434,-0.264625,-0.028736,0.051824,0.011048,-0.031817000000000005
10853,-1.190792,-1.517606,3.0548990000000003,-0.049373,0.9985860000000001,-0.019719999999999998,-0.015529,-0.22551300000000002,0.033286,0.059565999999999994,-5.1e-05,-0.039407
10854,-1.184907,-1.5188629999999999,3.065212,-0.048093000000000004,0.9986520000000001,-0.019538,0.014128,-0.21944299999999997,0.087965,0.060529,-0.004435000000000001,-0.039681
10855,-1.158851,-1.520575,3.095843,-0.046001,0.9987389999999999,-0.0201,0.055528999999999995,-0.235686,0.11818499999999998,0.053173000000000005,-0.005072,-0.040081
10856,-1.071887,-1.5227620000000002,-3.0951619999999997,-0.042163,0.9988469999999999,-0.022974,0.106512,-0.276387,0.12928,0.033191000000000005,0.0037170000000000003,-0.038702
10857,-0.9997469999999999,-1.5236290000000001,-3.0171,-0.039669,0.9988879999999999,-0.025485,0.153368,-0.293604,0.13176500000000002,0.02586,0.016263999999999997,-0.037656
10858,-0.884453,-1.523796,-2.89635,-0.036344,0.9988959999999999,-0.029774000000000002,0.165303,-0.252091,0.129662,0.024107,0.007376000000000001,-0.034145999999999996
10859,-0.7730090000000001,-1.5235370000000001,-2.780215,-0.032989,0.998883,-0.033817,0.165416,-0.22546799999999997,0.131767,0.029541,0.006274,-0.016522
10860,-0.646629,-1.524033,-2.649155,-0.028163999999999998,0.998907,-0.037308999999999995,0.163211,-0.23401100000000002,0.139247,0.035275,0.011103,0.001344
10861,-0.552374,-1.5240200000000002,-2.5503549999999997,-0.024534999999999998,0.998906,-0.039805,0.141987,-0.213675,0.133734,0.030516,0.0073349999999999995,0.015009999999999999
10862,-0.47218000000000004,-1.524467,-2.4660490000000004,-0.021064,0.998927,-0.041244,0.110175,-0.199595,0.10358699999999998,0.01226,-0.002726,0.012573
10863,-0.432047,-1.523814,-2.4216599999999997,-0.019666,0.9988969999999999,-0.04265,0.080427,-0.219538,0.055335,0.0035979999999999996,0.004888,0.011186
10864,-0.421368,-1.523293,-2.406557,-0.019422,0.998872,-0.043332,0.066709,-0.21298699999999998,0.027457,-0.00606,0.034957,0.009244
10865,-0.405733,-1.522332,-2.387306,-0.019121,0.998826,-0.044512,0.058490999999999994,-0.157504,0.012373,0.003008,0.020553000000000002,-0.0014320000000000001
10866,-0.386513,-1.521377,-2.365682,-0.018621000000000002,0.9987790000000001,-0.045755000000000004,0.056659,-0.100995,0.001607,0.016027,0.003662,-0.004371
10867,-0.357236,-1.520471,-2.3346810000000002,-0.017591,0.998734,-0.047129000000000004,0.050355000000000004,-0.08285,-0.001662,0.018293,-0.006072999999999999,-0.005971
10868,-0.338008,-1.519332,-2.313587,-0.017058,0.998676,-0.048530000000000004,0.045985000000000005,-0.10873,-0.013364,0.012832,0.0008359999999999999,-0.010062999999999999
10869,-0.342058,-1.5181559999999998,-2.314804,-0.017649,0.9986149999999999,-0.049568,0.062887,-0.159867,-0.027067,0.009867,0.007443000000000001,-0.011864
10870,-0.339977,-1.5162790000000002,-2.308991,-0.018171,0.9985139999999999,-0.05137100000000001,0.090482,-0.195105,-0.030032999999999997,0.01138,0.024281999999999998,-0.015813
10871,-0.32533,-1.513625,-2.290995,-0.018262999999999998,0.998366,-0.054144000000000005,0.094958,-0.144008,-0.024725,0.021071,0.0056619999999999995,-0.032282
10872,-0.32659499999999997,-1.511817,-2.2901830000000003,-0.018911,0.9982610000000001,-0.055829,0.081353,-0.087492,-0.027029,0.021718,0.005767,-0.030597000000000003
10873,-0.30883499999999997,-1.509675,-2.270435,-0.018566,0.998133,-0.058192999999999995,0.092956,-0.116299,-0.02584,0.029582999999999998,0.009497,-0.019642
10874,-0.281927,-1.506994,-2.240745,-0.017738,0.997965,-0.061242,0.11414200000000001,-0.152584,-0.027777999999999997,0.019325,0.004873,-0.016441
10875,-0.265942,-1.503115,-2.2217130000000003,-0.017775,0.99771,-0.06525299999999999,0.121623,-0.154724,-0.031994,0.009748,0.003159,-0.028543000000000002
10876,-0.263948,-1.4998200000000002,-2.216418,-0.018502,0.997482,-0.06846100000000001,0.12263900000000001,-0.178116,-0.043706,0.010567,0.0017399999999999998,-0.024419
10877,-0.257509,-1.497491,-2.206059,-0.018652000000000002,0.9973139999999999,-0.070825,0.11931900000000001,-0.20579699999999998,-0.04476,0.019719999999999998,0.020309999999999998,0.006219
10878,-0.254708,-1.496664,-2.1993869999999998,-0.018661,0.9972530000000001,-0.071675,0.10658499999999999,-0.18446700000000002,-0.039532,0.018753,0.022644,0.026126999999999997
10879,-0.256558,-1.495368,-2.1981740000000003,-0.019122,0.997157,-0.07289,0.097192,-0.13331800000000002,-0.035389,0.017871,0.022451,0.024763999999999998
10880,-0.24680300000000002,-1.494817,-2.186435,-0.018544,0.997115,-0.07360599999999999,0.086698,-0.084316,-0.025907999999999997,0.023168,0.029191,0.015668
10881,-0.239135,-1.493762,-2.1777189999999997,-0.018228,0.997034,-0.074767,0.064403,-0.036394,-0.002623,0.022638,0.022848,0.010177
10882,-0.21369200000000002,-1.493066,-2.152029,-0.016468,0.99698,-0.075886,0.053782,-0.004484,0.018631,0.028644,0.011670999999999999,0.0015300000000000001
10883,-0.188066,-1.49252,-2.126195,-0.014619,0.9969379999999999,-0.076817,0.048299,-0.017329,0.038908,0.016434999999999998,0.008357,-0.001338
10884,-0.17048,-1.4909139999999999,-2.108082,-0.013538,0.9968110000000001,-0.078641,0.051386,-0.034418000000000004,0.047498,-4.2e-05,0.006821,-0.021472
10885,-0.156406,-1.4880959999999999,-2.093086,-0.012868000000000001,0.996582,-0.081598,0.095055,-0.042067,0.057426,-0.008739,0.014938,-0.029348000000000003
10886,-0.138325,-1.485244,-2.0745270000000002,-0.011781999999999999,0.996343,-0.084632,0.134622,-0.007111,0.072612,-0.009198999999999999,0.008418,-0.024789
10887,-0.11498499999999999,-1.4824549999999999,-2.051136,-0.010121999999999999,0.9961,-0.087644,0.158045,0.000192,0.09092599999999999,0.001562,-0.0021579999999999998,-0.018359
10888,-0.087512,-1.478881,-2.023103,-0.008022,0.9957790000000001,-0.091435,0.172737,-0.035091000000000004,0.110302,0.003963,0.003901,-0.010676999999999999
10889,-0.062167999999999994,-1.47563,-1.996579,-0.005903,0.995475,-0.09483899999999999,0.17258900000000002,-0.06387000000000001,0.11461099999999999,0.0058119999999999995,0.00277,0.0030269999999999997
10890,-0.038042,-1.4727,-1.970905,-0.003725,0.995192,-0.09786900000000001,0.16081900000000002,-0.069164,0.116672,-0.001814,0.01175,0.003676
10891,-0.014743000000000001,-1.4697959999999999,-1.946461,-0.001486,0.9949040000000001,-0.10081799999999999,0.160962,-0.034023000000000005,0.119833,-0.0019320000000000001,0.011795,0.008487999999999999
10892,0.010519,-1.466717,-1.921228,0.001093,0.994589,-0.10388599999999999,0.160207,0.036284,0.120806,0.010992,0.011042,0.00565
10893,0.043938,-1.463874,-1.8894970000000002,0.004686999999999999,0.994289,-0.10661500000000002,0.157355,0.12042699999999999,0.12709,0.017972,0.004627,0.010867
10894,0.075916,-1.461148,-1.860756,0.008298999999999999,0.9939950000000001,-0.10911400000000002,0.136261,0.186501,0.13860999999999998,0.021196,-0.0009220000000000001,0.015394
10895,0.10931099999999999,-1.458821,-1.8313529999999998,0.012190000000000001,0.9937370000000001,-0.111075,0.110693,0.205723,0.149091,0.020219,-0.006967,0.011511
10896,0.140307,-1.4566270000000001,-1.8042220000000002,0.015931999999999998,0.99349,-0.112802,0.083964,0.19833900000000002,0.154255,-0.0038770000000000002,-0.006017,0.00034500000000000004
10897,0.163331,-1.4552260000000001,-1.785035,0.018751,0.9933290000000001,-0.11377899999999999,0.051957,0.18784,0.143362,-0.022108000000000003,0.01166,0.008081
10898,0.18140499999999998,-1.454212,-1.769668,0.020986,0.9932120000000001,-0.11441199999999999,0.058012,0.098387,0.130698,-0.035695,0.008116,0.009325
10899,0.181025,-1.453033,-1.770341,0.021153,0.993074,-0.11557100000000001,0.115252,-0.010365000000000001,0.104525,-0.043263,0.002104,0.013993
10900,0.180146,-1.449976,-1.771265,0.021595,0.99271,-0.118576,0.143404,0.046138,0.069395,-0.047016,-0.004871,-0.009903
10901,0.179208,-1.446959,-1.774841,0.022018,0.9923420000000001,-0.12154300000000001,0.134546,0.189006,0.046715,-0.020263,-0.0047020000000000005,-0.000787
10902,0.18945599999999999,-1.444696,-1.7698150000000001,0.023684999999999998,0.99206,-0.12351600000000001,0.098751,0.302025,0.052729,0.015958,-0.002726,0.024898
10903,0.203457,-1.443289,-1.7624529999999998,0.025693999999999998,0.9918819999999999,-0.12453900000000001,0.034869,0.34374299999999997,0.06504800000000001,0.023165,0.014527000000000002,0.040508999999999996
10904,0.220111,-1.442842,-1.7526599999999999,0.027861,0.991825,-0.124527,-0.001361,0.350275,0.061582000000000005,-0.007948,0.011868,0.039047000000000005
10905,0.22899099999999997,-1.444053,-1.750052,0.028693,0.991979,-0.12310399999999999,-0.001465,0.292891,0.026402,-0.065863,0.043879,0.014721000000000001
10906,0.232985,-1.4436,-1.7515180000000001,0.029287999999999998,0.9919209999999999,-0.123425,0.038127999999999995,0.269518,-0.023497999999999998,-0.072898,0.010337,-0.010196
10907,0.213246,-1.443199,-1.777259,0.026931,0.991871,-0.12436900000000001,0.037545999999999996,0.328307,-0.07272200000000001,-0.061140999999999994,-0.001743,-0.001898
10908,0.206148,-1.443222,-1.791247,0.026042000000000003,0.991873,-0.12453399999999999,0.008799,0.326336,-0.087875,-0.034877,0.012521,0.00782
10909,0.194168,-1.444074,-1.8087220000000002,0.024386,0.991981,-0.124009,0.007275,0.23787199999999997,-0.074956,-0.024996,0.010765,0.017762
10910,0.18676500000000001,-1.444099,-1.8201049999999999,0.023462,0.991985,-0.124162,0.013378999999999999,0.177108,-0.069494,-0.043101,0.005954999999999999,0.010545
10911,0.167973,-1.444762,-1.842257,0.021015,0.9920680000000001,-0.123932,0.008038,0.167574,-0.078069,-0.044956,0.011823,0.010437
10912,0.158752,-1.444912,-1.8550919999999997,0.019847999999999998,0.992087,-0.123973,0.003843,0.180385,-0.08132,-0.048123,0.021112,0.018535
10913,0.138998,-1.446526,-1.878844,0.017172999999999997,0.992288,-0.12275499999999999,-0.014168,0.20814899999999997,-0.082554,-0.049217000000000004,0.013327,0.031935000000000005
10914,0.10654100000000001,-1.450013,-1.915468,0.012813,0.992715,-0.119807,-0.030092,0.212525,-0.097634,-0.049541,0.01757,0.038111
10915,0.069856,-1.4531020000000001,-1.9561220000000001,0.008196,0.993082,-0.11713599999999999,-0.021588,0.191253,-0.113579,-0.049654000000000004,0.018026,0.032313
10916,0.042619,-1.4543409999999999,-1.9873020000000001,0.004951,0.9932270000000001,-0.116087,-0.004487,0.196528,-0.11560699999999999,-0.046988,0.004622,0.02899
10917,0.002641,-1.455284,-2.031349,0.000304,0.9933360000000001,-0.115255,-0.007618000000000001,0.21251799999999998,-0.115657,-0.045638,0.01115,0.008108
10918,-0.028624,-1.455506,-2.066761,-0.0032920000000000002,0.993361,-0.114988,-0.004562,0.19434200000000001,-0.101732,-0.030139999999999997,7.7e-05,0.002363
10919,-0.049992,-1.45496,-2.091138,-0.005776,0.9932979999999999,-0.115433,0.008842000000000001,0.11716900000000001,-0.08227899999999999,-0.015343,-0.0035369999999999998,-0.008041
10920,-0.069319,-1.453725,-2.112017,-0.00809,0.9931549999999999,-0.116524,0.025573,0.05633,-0.06713200000000001,-0.020611,-0.001105,-0.010856999999999999
10921,-0.08745,-1.4527649999999999,-2.131128,-0.010284999999999999,0.993042,-0.117307,0.025506,0.045661,-0.062849,-0.019714,-0.000229,-0.0041530000000000004
10922,-0.099897,-1.451912,-2.144104,-0.011829000000000001,0.992942,-0.118013,0.033854,0.013635,-0.053137000000000004,-0.017544999999999998,0.0034270000000000004,-0.00186
10923,-0.10913099999999999,-1.451395,-2.154019,-0.012974000000000001,0.9928799999999999,-0.11840899999999999,0.037197,0.05513,-0.043552999999999994,-0.00201,0.004801,0.0054329999999999995
10924,-0.113349,-1.4508729999999999,-2.160175,-0.013531999999999999,0.992818,-0.118868,0.023587,0.112703,-0.043722000000000004,0.011868,0.009669,0.011873
10925,-0.11424000000000001,-1.451252,-2.163537,-0.013595,0.9928629999999999,-0.11848199999999999,0.009744,0.12338699999999998,-0.039557999999999996,-0.000688,0.005657,0.014081999999999999
10926,-0.11991800000000001,-1.4512260000000001,-2.1718490000000004,-0.01427,0.9928600000000001,-0.11842899999999999,0.000161,0.13510899999999998,-0.032163,-0.011548000000000001,0.009353,0.005437
10927,-0.12748199999999998,-1.451088,-2.1823240000000004,-0.015183000000000002,0.992843,-0.11845399999999999,0.000267,0.14793499999999998,-0.042863,-0.021438,0.006455,-0.005142
10928,-0.141404,-1.450385,-2.19884,-0.016929,0.9927590000000001,-0.118921,0.007634999999999999,0.11174500000000001,-0.056655,-0.017419,0.010201,-0.009375
10929,-0.153067,-1.449883,-2.21215,-0.018391,0.992699,-0.119208,0.007448000000000001,0.063834,-0.06300499999999999,-0.016903,0.010719,-0.00509
10930,-0.16711099999999998,-1.449451,-2.227141,-0.020134,0.992647,-0.119361,-0.001139,0.038353,-0.07692,-0.012458,0.006163,-0.0036090000000000002
10931,-0.18573499999999998,-1.448921,-2.246407,-0.022451,0.992582,-0.11948299999999999,-0.010731000000000001,0.034151,-0.08339400000000001,-0.011927,0.013078999999999999,-0.002908
10932,-0.196728,-1.4488159999999999,-2.25869,-0.023783000000000002,0.9925700000000001,-0.11933099999999999,-0.010602,0.072462,-0.07382799999999999,-0.010595,0.013091,-0.0030600000000000002
10933,-0.21104499999999998,-1.448566,-2.274463,-0.025541,0.992539,-0.11922100000000001,-0.023461000000000003,0.061846000000000005,-0.071769,-0.009188,0.003951,-0.001934
10934,-0.22448200000000001,-1.4485569999999999,-2.288967,-0.027143,0.9925379999999999,-0.118876,-0.024613999999999997,0.043736000000000004,-0.070686,-0.011035,0.003357,-0.00469
10935,-0.2406,-1.447991,-2.305946,-0.029189,0.992469,-0.118968,-0.022489,0.036293,-0.07600499999999999,-0.012559,0.011193,-0.012959
10936,-0.256752,-1.44725,-2.322622,-0.031294,0.9923780000000001,-0.11919300000000001,-0.02364,0.012879,-0.08025800000000001,-0.010393000000000001,0.006997,-0.015038999999999999
10937,-0.271146,-1.4466510000000001,-2.3370599999999997,-0.033165,0.9923040000000001,-0.11930199999999999,-0.024816,-0.012679000000000001,-0.081302,-0.0036850000000000003,-0.0009400000000000001,-0.011434999999999999
10938,-0.283281,-1.446482,-2.34902,-0.034657,0.992283,-0.11905299999999999,-0.020572,-0.011654000000000001,-0.074864,0.0038200000000000005,0.000683,-0.008343000000000001
10939,-0.291615,-1.4464620000000001,-2.357242,-0.035654000000000005,0.9922799999999999,-0.118778,-0.022763,-0.009576000000000001,-0.059926,0.008951,0.000517,-0.003109
10940,-0.295568,-1.446197,-2.36138,-0.0362,0.9922479999999999,-0.11888800000000001,-0.020579,0.016985,-0.04392,0.008627,0.013658000000000002,-0.014947
10941,-0.300545,-1.44645,-2.367037,-0.036717,0.9922790000000001,-0.118467,-0.037591,0.03195,-0.041921,0.009861,0.009674,-0.0059689999999999995
10942,-0.303244,-1.447611,-2.3703950000000003,-0.036692,0.9924219999999999,-0.11726700000000001,-0.046161,0.025585,-0.040902,0.017268000000000002,0.0057469999999999995,0.008152
10943,-0.309211,-1.448884,-2.376782,-0.037007,0.9925780000000001,-0.115843,-0.047349,0.009567,-0.030206999999999998,0.004109000000000001,0.023245,0.007353
10944,-0.314895,-1.449366,-2.382154,-0.037517,0.9926360000000001,-0.115176,-0.047682999999999996,-0.039537,-0.004509,-0.008245,0.022484999999999998,-0.015561000000000002
10945,-0.322071,-1.448498,-2.387782,-0.038615,0.9925309999999999,-0.115722,-0.03949,-0.095046,0.016980000000000002,-0.028676,-0.0008619999999999999,-0.037232999999999995
10946,-0.321646,-1.4492180000000001,-2.384943,-0.03834,0.992618,-0.115059,-0.022684,-0.136719,0.034242,-0.034292,-0.024784,-0.04531
10947,-0.318764,-1.449673,-2.378623,-0.037867000000000005,0.992674,-0.11474100000000001,-0.000591,-0.189063,0.051555,-0.009359000000000001,-0.0249,-0.038015
10948,-0.309645,-1.449017,-2.3648919999999998,-0.037017,0.9925940000000001,-0.115702,0.010744,-0.249939,0.080554,0.001113,-0.007470999999999999,-0.029363999999999998
10949,-0.29925100000000004,-1.449175,-2.3487880000000003,-0.035766,0.992613,-0.11592999999999999,0.028574000000000002,-0.294837,0.10423699999999998,0.0017850000000000001,-0.006972,-0.018698
10950,-0.284826,-1.448817,-2.328138,-0.03419,0.9925700000000001,-0.116775,0.035923000000000004,-0.302396,0.123526,-0.006017,-0.010148,-0.005357
10951,-0.267083,-1.448925,-2.304636,-0.032085,0.992583,-0.11725999999999999,0.032761,-0.265216,0.152299,-0.014302,0.018266,8.8e-05
10952,-0.24586100000000002,-1.449192,-2.277932,-0.029524,0.9926149999999999,-0.117656,0.028273000000000003,-0.270702,0.19607,-0.024217,0.0052179999999999995,0.000789
10953,-0.217392,-1.449529,-2.2429099999999997,-0.026091000000000003,0.992656,-0.118123,0.038525,-0.34538,0.21439699999999998,-0.038164,-0.017223,0.003315
10954,-0.199188,-1.44912,-2.21657,-0.024017,0.992607,-0.118976,0.064942,-0.41466499999999995,0.201848,-0.048202999999999996,-0.009483,0.001056
10955,-0.175691,-1.448409,-2.183834,-0.021339,0.9925200000000001,-0.12020299999999999,0.07438600000000001,-0.47001099999999996,0.18168900000000002,-0.049371,0.009295999999999999,-0.00037200000000000004
10956,-0.162303,-1.447654,-2.160448,-0.019847999999999998,0.9924280000000001,-0.121217,0.071127,-0.485966,0.178479,-0.031543,0.026326,0.015778999999999998
10957,-0.144484,-1.447449,-2.132866,-0.017715,0.992402,-0.121753,0.058347,-0.46680200000000005,0.192251,-0.020127000000000003,0.01744,0.021365000000000002
10958,-0.125052,-1.447451,-2.104176,-0.015345,0.992403,-0.122072,0.050988,-0.438032,0.196434,-0.019628,0.010985,0.022844
10959,-0.110098,-1.448498,-2.080647,-0.013404,0.9925309999999999,-0.121255,0.040530000000000004,-0.397485,0.188829,-0.016518,0.001533,0.03045
10960,-0.09463099999999999,-1.449824,-2.0575080000000003,-0.011403,0.992692,-0.120137,0.0269,-0.35478000000000004,0.176926,-0.013759,0.017577000000000002,0.028966000000000002
10961,-0.075197,-1.450201,-2.030871,-0.009038,0.9927370000000001,-0.11996300000000001,0.017325999999999998,-0.352599,0.17258199999999999,-0.010707,0.014953,0.015333000000000001
10962,-0.054519000000000005,-1.450084,-2.002375,-0.006562,0.9927229999999999,-0.12024000000000001,0.019253,-0.400535,0.170521,-0.018646,0.009734,-0.0059039999999999995
10963,-0.039652,-1.449311,-1.978822,-0.004804,0.9926299999999999,-0.121091,0.021287999999999998,-0.429279,0.164161,-0.021334,0.007462000000000001,-0.019259000000000002
10964,-0.023188,-1.449058,-1.9532650000000003,-0.002816,0.992599,-0.121405,0.018016,-0.46010100000000004,0.149222,-0.015678,0.00528,-0.020654
10965,-0.011241,-1.447802,-1.93097,-0.001379,0.9924459999999999,-0.122677,0.039067000000000005,-0.5368229999999999,0.136649,-0.005503,0.000551,-0.024433
10966,-0.001334,-1.446877,-1.909975,-0.000165,0.992332,-0.12360299999999999,0.049789,-0.538935,0.12284,0.00903,0.013299,-0.025109
10967,0.014894,-1.445758,-1.883703,0.001857,0.992193,-0.124699,0.03306,-0.471729,0.114094,0.055714,0.005671,-0.002392
10968,0.02458,-1.445235,-1.865114,0.003078,0.9921270000000001,-0.125194,0.019392,-0.421634,0.119275,0.068257,0.01126,0.003077
10969,0.035625,-1.444928,-1.8458259999999997,0.004471,0.9920889999999999,-0.12545699999999999,0.0045520000000000005,-0.397094,0.12234500000000001,0.07254,0.021796,0.010145999999999999
10970,0.047077999999999995,-1.444934,-1.8266240000000002,0.005908,0.9920899999999999,-0.125392,-0.010243,-0.363271,0.11795499999999999,0.037656,0.017766999999999998,0.00265
10971,0.058242999999999996,-1.445177,-1.8088540000000002,0.007293000000000001,0.9921200000000001,-0.125076,-0.02271,-0.300329,0.10603699999999999,0.026124,0.014288,-0.002594
10972,0.06804600000000001,-1.44555,-1.793355,0.008494,0.992167,-0.12462999999999999,-0.023585,-0.27469099999999996,0.088906,0.010305,0.002462,-0.007999
